0.000000	10.000000
0.000629	9.980228
0.001258	9.920989
0.001887	9.822519
0.002516	9.685206
0.003145	9.509593
0.003774	9.296375
0.004403	9.046395
0.005032	8.760642
0.005661	8.440245
0.006289	8.086471
0.006918	7.700721
0.007547	7.284518
0.008176	6.839508
0.008805	6.367453
0.009434	5.870217
0.010063	5.349769
0.010692	4.808164
0.011321	4.247547
0.011950	3.670132
0.012579	3.078204
0.013208	2.474104
0.013837	1.860220
0.014466	1.238979
0.015095	0.612840
0.015724	-0.015724
0.016353	-0.644225
0.016982	-1.270178
0.017611	-1.891109
0.018239	-2.504561
0.018868	-3.108109
0.019497	-3.699367
0.020126	-4.275995
0.020755	-4.835714
0.021384	-5.376311
0.022013	-5.895647
0.022642	-6.391670
0.023271	-6.862416
0.023900	-7.306026
0.024529	-7.720745
0.025158	-8.104932
0.025787	-8.457068
0.026416	-8.775762
0.027045	-9.059753
0.027674	-9.307917
0.028303	-9.519273
0.028932	-9.692986
0.029561	-9.828369
0.030189	-9.924886
0.030818	-9.982155
0.031447	-9.999951
0.032076	-9.978202
0.032705	-9.916995
0.033334	-9.816572
0.033963	-9.677329
0.034592	-9.499819
0.035221	-9.284741
0.035850	-9.032948
0.036479	-8.745435
0.037108	-8.423338
0.037737	-8.067931
0.038366	-7.680621
0.038995	-7.262937
0.039624	-6.816533
0.040253	-6.343173
0.040882	-5.844730
0.041511	-5.323173
0.042139	-4.780567
0.042768	-4.219056
0.043397	-3.640861
0.044026	-3.048269
0.044655	-2.443622
0.045284	-1.829312
0.045913	-1.207768
0.046542	-0.581448
0.047171	0.047171
0.047800	0.675604
0.048429	1.301365
0.049058	1.921979
0.049687	2.534994
0.050316	3.137984
0.050945	3.728565
0.051574	4.304401
0.052203	4.863216
0.052832	5.402800
0.053461	5.921019
0.054089	6.415823
0.054718	6.885256
0.055347	7.327462
0.055976	7.740692
0.056605	8.123312
0.057234	8.473808
0.057863	8.790796
0.058492	9.073020
0.059121	9.319366
0.059750	9.528859
0.060379	9.700671
0.061008	9.834121
0.061637	9.928684
0.062266	9.983983
0.062895	9.999802
0.063524	9.976077
0.064153	9.912902
0.064782	9.810528
0.065411	9.669358
0.066039	9.489951
0.066668	9.273016
0.067297	9.019412
0.067926	8.730141
0.068555	8.406347
0.069184	8.049311
0.069813	7.660444
0.070442	7.241285
0.071071	6.793490
0.071700	6.318831
0.072329	5.819184
0.072958	5.296525
0.073587	4.752922
0.074216	4.190524
0.074845	3.611554
0.075474	3.018303
0.076103	2.413116
0.076732	1.798386
0.077361	1.176545
0.077989	0.550051
0.078618	-0.078618
0.079247	-0.706976
0.079876	-1.332538
0.080505	-1.952831
0.081134	-2.565401
0.081763	-3.167827
0.082392	-3.757726
0.083021	-4.332765
0.083650	-4.890670
0.084279	-5.429236
0.084908	-5.946332
0.085537	-6.439913
0.086166	-6.908028
0.086795	-7.348826
0.087424	-7.760563
0.088053	-8.141612
0.088682	-8.490465
0.089311	-8.805742
0.089939	-9.086198
0.090568	-9.330724
0.091197	-9.538351
0.091826	-9.708259
0.092455	-9.839777
0.093084	-9.932384
0.093713	-9.985713
0.094342	-9.999555
0.094971	-9.973854
0.095600	-9.908712
0.096229	-9.804386
0.096858	-9.661290
0.097487	-9.479989
0.098116	-9.261199
0.098745	-9.005787
0.099374	-8.714761
0.100003	-8.389274
0.100632	-8.030612
0.101261	-7.640193
0.101889	-7.219561
0.102518	-6.770380
0.103147	-6.294426
0.103776	-5.793581
0.104405	-5.269825
0.105034	-4.725230
0.105663	-4.161950
0.106292	-3.582212
0.106921	-2.988307
0.107550	-2.382586
0.108179	-1.767443
0.108808	-1.145310
0.109437	-0.518649
0.110066	0.110064
0.110695	0.738341
0.111324	1.363698
0.111953	1.983663
0.112582	2.595784
0.113211	3.197639
0.113839	3.786850
0.114468	4.361086
0.115097	4.918076
0.115726	5.455618
0.116355	5.971586
0.116984	6.463940
0.117613	6.930732
0.118242	7.370117
0.118871	7.780358
0.119500	8.159831
0.120129	8.507037
0.120758	8.820602
0.121387	9.099287
0.122016	9.341989
0.122645	9.547748
0.123274	9.715752
0.123903	9.845335
0.124532	9.935985
0.125161	9.987344
0.125789	9.999209
0.126418	9.971532
0.127047	9.904424
0.127676	9.798148
0.128305	9.653127
0.128934	9.469933
0.129563	9.249290
0.130192	8.992072
0.130821	8.699295
0.131450	8.372117
0.132079	8.011832
0.132708	7.619865
0.133337	7.197766
0.133966	6.747203
0.134595	6.269959
0.135224	5.767920
0.135853	5.243073
0.136482	4.697492
0.137111	4.133335
0.137739	3.552833
0.138368	2.958282
0.138997	2.352032
0.139626	1.736482
0.140255	1.114064
0.140884	0.487241
0.141513	-0.141508
0.142142	-0.769699
0.142771	-1.394845
0.143400	-2.014476
0.144029	-2.626140
0.144658	-3.227420
0.145287	-3.815937
0.145916	-4.389364
0.146545	-4.945433
0.147174	-5.481946
0.147803	-5.996781
0.148432	-6.487902
0.149061	-6.953367
0.149689	-7.391335
0.150318	-7.800075
0.150947	-8.177970
0.151576	-8.523525
0.152205	-8.835374
0.152834	-9.112285
0.153463	-9.353161
0.154092	-9.557051
0.154721	-9.723148
0.155350	-9.850796
0.155979	-9.939489
0.156608	-9.988877
0.157237	-9.998764
0.157866	-9.969112
0.158495	-9.900037
0.159124	-9.791813
0.159753	-9.644869
0.160382	-9.459784
0.161011	-9.237290
0.161640	-8.978269
0.162268	-8.683743
0.162897	-8.354878
0.163526	-7.992974
0.164155	-7.599462
0.164784	-7.175899
0.165413	-6.723959
0.166042	-6.245429
0.166671	-5.742203
0.167300	-5.216269
0.167929	-4.669707
0.168558	-4.104680
0.169187	-3.523420
0.169816	-2.928228
0.170445	-2.321456
0.171074	-1.705504
0.171703	-1.082807
0.172332	-0.455829
0.172961	0.172952
0.173590	0.801049
0.174218	1.425978
0.174847	2.045268
0.175476	2.656471
0.176105	3.257168
0.176734	3.844985
0.177363	4.417598
0.177992	4.972741
0.178621	5.508220
0.179250	6.021917
0.179879	6.511800
0.180508	6.975933
0.181137	7.412480
0.181766	7.819715
0.182395	8.196027
0.183024	8.539929
0.183653	8.850059
0.184282	9.125193
0.184911	9.364242
0.185540	9.566260
0.186168	9.730449
0.186797	9.856159
0.187426	9.942894
0.188055	9.990310
0.188684	9.998220
0.189313	9.966593
0.189942	9.895553
0.190571	9.785382
0.191200	9.636515
0.191829	9.449541
0.192458	9.225199
0.193087	8.964377
0.193716	8.668105
0.194345	8.337556
0.194974	7.974037
0.195603	7.578985
0.196232	7.153962
0.196861	6.700649
0.197490	6.220839
0.198118	5.716428
0.198747	5.189413
0.199376	4.641876
0.200005	4.075983
0.200634	3.493972
0.201263	2.898144
0.201892	2.290856
0.202521	1.674509
0.203150	1.051539
0.203779	0.424412
0.204408	-0.204394
0.205037	-0.832391
0.205666	-1.457097
0.206295	-2.076041
0.206924	-2.686775
0.207553	-3.286885
0.208182	-3.873996
0.208811	-4.445788
0.209440	-5.000000
0.210068	-5.534439
0.210697	-6.046993
0.211326	-6.535634
0.211955	-6.998431
0.212584	-7.433552
0.213213	-7.839278
0.213842	-8.214004
0.214471	-8.556248
0.215100	-8.864657
0.215729	-9.138011
0.216358	-9.375229
0.216987	-9.575374
0.217616	-9.737653
0.218245	-9.861425
0.218874	-9.946201
0.219503	-9.991645
0.220132	-9.997577
0.220761	-9.963975
0.221390	-9.890971
0.222018	-9.778853
0.222647	-9.628065
0.223276	-9.439204
0.223905	-9.213016
0.224534	-8.950396
0.225163	-8.652381
0.225792	-8.320152
0.226421	-7.955021
0.227050	-7.558432
0.227679	-7.131953
0.228308	-6.677272
0.228937	-6.196186
0.229566	-5.690597
0.230195	-5.162506
0.230824	-4.613999
0.231453	-4.047247
0.232082	-3.464490
0.232711	-2.868032
0.233340	-2.260234
0.233968	-1.643497
0.234597	-1.020261
0.235226	-0.392991
0.235855	0.235833
0.236484	0.863725
0.237113	1.488201
0.237742	2.106793
0.238371	2.717053
0.239000	3.316568
0.239629	3.902969
0.240258	4.473935
0.240887	5.027209
0.241516	5.560604
0.242145	6.072009
0.242774	6.559404
0.243403	7.020859
0.244032	7.454550
0.244661	7.858763
0.245290	8.231899
0.245918	8.572483
0.246547	8.879167
0.247176	9.150738
0.247805	9.386124
0.248434	9.584393
0.249063	9.744761
0.249692	9.866593
0.250321	9.949409
0.250950	9.992880
0.251579	9.996836
0.252208	9.961259
0.252837	9.886291
0.253466	9.772228
0.254095	9.619521
0.254724	9.428774
0.255353	9.200742
0.255982	8.936326
0.256611	8.636572
0.257240	8.302665
0.257868	7.935926
0.258497	7.537804
0.259126	7.109875
0.259755	6.653830
0.260384	6.171472
0.261013	5.664710
0.261642	5.135547
0.262271	4.586076
0.262900	4.018470
0.263529	3.434973
0.264158	2.837892
0.264787	2.229589
0.265416	1.612469
0.266045	0.988973
0.266674	0.361566
0.267303	-0.267271
0.267932	-0.895051
0.268561	-1.519291
0.269190	-2.137524
0.269818	-2.747304
0.270447	-3.346219
0.271076	-3.931903
0.271705	-4.502037
0.272334	-5.054369
0.272963	-5.586714
0.273592	-6.096966
0.274221	-6.583108
0.274850	-7.043217
0.275479	-7.475475
0.276108	-7.878171
0.276737	-8.249713
0.277366	-8.588633
0.277995	-8.893589
0.278624	-9.163375
0.279253	-9.396926
0.279882	-9.593317
0.280511	-9.751772
0.281140	-9.871664
0.281768	-9.952519
0.282397	-9.994018
0.283026	-9.995995
0.283655	-9.958444
0.284284	-9.881513
0.284913	-9.765506
0.285542	-9.610881
0.286171	-9.418251
0.286800	-9.188378
0.287429	-8.922169
0.288058	-8.620678
0.288687	-8.285096
0.289316	-7.916752
0.289945	-7.517102
0.290574	-7.087726
0.291203	-6.630321
0.291832	-6.146698
0.292461	-5.638767
0.293090	-5.108538
0.293718	-4.558108
0.294347	-3.989654
0.294976	-3.405422
0.295605	-2.807723
0.296234	-2.198922
0.296863	-1.581425
0.297492	-0.957675
0.298121	-0.330137
0.298750	0.298706
0.299379	0.926367
0.300008	1.550366
0.300637	2.168234
0.301266	2.777527
0.301895	3.375837
0.302524	3.960798
0.303153	4.530095
0.303782	5.081479
0.304411	5.612768
0.305040	6.121862
0.305668	6.606747
0.306297	7.065506
0.306926	7.496326
0.307555	7.897501
0.308184	8.267446
0.308813	8.604698
0.309442	8.907923
0.310071	9.175922
0.310700	9.407635
0.311329	9.602147
0.311958	9.758687
0.312587	9.876637
0.313216	9.955531
0.313845	9.995056
0.314474	9.995056
0.315103	9.955531
0.315732	9.876637
0.316361	9.758687
0.316990	9.602147
0.317618	9.407635
0.318247	9.175922
0.318876	8.907923
0.319505	8.604698
0.320134	8.267446
0.320763	7.897501
0.321392	7.496326
0.322021	7.065506
0.322650	6.606747
0.323279	6.121862
0.323908	5.612768
0.324537	5.081479
0.325166	4.530095
0.325795	3.960798
0.326424	3.375837
0.327053	2.777527
0.327682	2.168234
0.328311	1.550366
0.328940	0.926367
0.329568	0.298706
0.330197	-0.330137
0.330826	-0.957675
0.331455	-1.581425
0.332084	-2.198922
0.332713	-2.807723
0.333342	-3.405422
0.333971	-3.989654
0.334600	-4.558108
0.335229	-5.108538
0.335858	-5.638767
0.336487	-6.146698
0.337116	-6.630321
0.337745	-7.087726
0.338374	-7.517102
0.339003	-7.916752
0.339632	-8.285096
0.340261	-8.620678
0.340890	-8.922169
0.341518	-9.188378
0.342147	-9.418251
0.342776	-9.610881
0.343405	-9.765506
0.344034	-9.881513
0.344663	-9.958444
0.345292	-9.995995
0.345921	-9.994018
0.346550	-9.952519
0.347179	-9.871664
0.347808	-9.751772
0.348437	-9.593317
0.349066	-9.396926
0.349695	-9.163375
0.350324	-8.893589
0.350953	-8.588633
0.351582	-8.249713
0.352211	-7.878171
0.352840	-7.475475
0.353468	-7.043217
0.354097	-6.583108
0.354726	-6.096966
0.355355	-5.586714
0.355984	-5.054369
0.356613	-4.502037
0.357242	-3.931903
0.357871	-3.346219
0.358500	-2.747304
0.359129	-2.137524
0.359758	-1.519291
0.360387	-0.895051
0.361016	-0.267271
0.361645	0.361566
0.362274	0.988973
0.362903	1.612469
0.363532	2.229589
0.364161	2.837892
0.364790	3.434973
0.365418	4.018470
0.366047	4.586076
0.366676	5.135547
0.367305	5.664710
0.367934	6.171472
0.368563	6.653830
0.369192	7.109875
0.369821	7.537804
0.370450	7.935926
0.371079	8.302665
0.371708	8.636572
0.372337	8.936326
0.372966	9.200742
0.373595	9.428774
0.374224	9.619521
0.374853	9.772228
0.375482	9.886291
0.376111	9.961259
0.376740	9.996836
0.377368	9.992880
0.377997	9.949409
0.378626	9.866593
0.379255	9.744761
0.379884	9.584393
0.380513	9.386124
0.381142	9.150738
0.381771	8.879167
0.382400	8.572483
0.383029	8.231899
0.383658	7.858763
0.384287	7.454550
0.384916	7.020859
0.385545	6.559404
0.386174	6.072009
0.386803	5.560604
0.387432	5.027209
0.388061	4.473935
0.388690	3.902969
0.389318	3.316568
0.389947	2.717053
0.390576	2.106793
0.391205	1.488201
0.391834	0.863725
0.392463	0.235833
0.393092	-0.392991
0.393721	-1.020261
0.394350	-1.643497
0.394979	-2.260234
0.395608	-2.868032
0.396237	-3.464490
0.396866	-4.047247
0.397495	-4.613999
0.398124	-5.162506
0.398753	-5.690597
0.399382	-6.196186
0.400011	-6.677272
0.400640	-7.131953
0.401268	-7.558432
0.401897	-7.955021
0.402526	-8.320152
0.403155	-8.652381
0.403784	-8.950396
0.404413	-9.213016
0.405042	-9.439204
0.405671	-9.628065
0.406300	-9.778853
0.406929	-9.890971
0.407558	-9.963975
0.408187	-9.997577
0.408816	-9.991645
0.409445	-9.946201
0.410074	-9.861425
0.410703	-9.737653
0.411332	-9.575374
0.411961	-9.375229
0.412590	-9.138011
0.413218	-8.864657
0.413847	-8.556248
0.414476	-8.214004
0.415105	-7.839278
0.415734	-7.433552
0.416363	-6.998431
0.416992	-6.535634
0.417621	-6.046993
0.418250	-5.534439
0.418879	-5.000000
0.419508	-4.445788
0.420137	-3.873996
0.420766	-3.286885
0.421395	-2.686775
0.422024	-2.076041
0.422653	-1.457097
0.423282	-0.832391
0.423911	-0.204394
0.424540	0.424412
0.425168	1.051539
0.425797	1.674509
0.426426	2.290856
0.427055	2.898144
0.427684	3.493972
0.428313	4.075983
0.428942	4.641876
0.429571	5.189413
0.430200	5.716428
0.430829	6.220839
0.431458	6.700649
0.432087	7.153962
0.432716	7.578985
0.433345	7.974037
0.433974	8.337556
0.434603	8.668105
0.435232	8.964377
0.435861	9.225199
0.436490	9.449541
0.437118	9.636515
0.437747	9.785382
0.438376	9.895553
0.439005	9.966593
0.439634	9.998220
0.440263	9.990310
0.440892	9.942894
0.441521	9.856159
0.442150	9.730449
0.442779	9.566260
0.443408	9.364242
0.444037	9.125193
0.444666	8.850059
0.445295	8.539929
0.445924	8.196027
0.446553	7.819715
0.447182	7.412480
0.447811	6.975933
0.448440	6.511800
0.449068	6.021917
0.449697	5.508220
0.450326	4.972741
0.450955	4.417598
0.451584	3.844985
0.452213	3.257168
0.452842	2.656471
0.453471	2.045268
0.454100	1.425978
0.454729	0.801049
0.455358	0.172952
0.455987	-0.455829
0.456616	-1.082807
0.457245	-1.705504
0.457874	-2.321456
0.458503	-2.928228
0.459132	-3.523420
0.459761	-4.104680
0.460390	-4.669707
0.461019	-5.216269
0.461647	-5.742203
0.462276	-6.245429
0.462905	-6.723959
0.463534	-7.175899
0.464163	-7.599462
0.464792	-7.992974
0.465421	-8.354878
0.466050	-8.683743
0.466679	-8.978269
0.467308	-9.237290
0.467937	-9.459784
0.468566	-9.644869
0.469195	-9.791813
0.469824	-9.900037
0.470453	-9.969112
0.471082	-9.998764
0.471711	-9.988877
0.472340	-9.939489
0.472969	-9.850796
0.473597	-9.723148
0.474226	-9.557051
0.474855	-9.353161
0.475484	-9.112285
0.476113	-8.835374
0.476742	-8.523525
0.477371	-8.177970
0.478000	-7.800075
0.478629	-7.391335
0.479258	-6.953367
0.479887	-6.487902
0.480516	-5.996781
0.481145	-5.481946
0.481774	-4.945433
0.482403	-4.389364
0.483032	-3.815937
0.483661	-3.227420
0.484290	-2.626140
0.484919	-2.014476
0.485547	-1.394845
0.486176	-0.769699
0.486805	-0.141508
0.487434	0.487241
0.488063	1.114064
0.488692	1.736482
0.489321	2.352032
0.489950	2.958282
0.490579	3.552833
0.491208	4.133335
0.491837	4.697492
0.492466	5.243073
0.493095	5.767920
0.493724	6.269959
0.494353	6.747203
0.494982	7.197766
0.495611	7.619865
0.496240	8.011832
0.496869	8.372117
0.497497	8.699295
0.498126	8.992072
0.498755	9.249290
0.499384	9.469933
0.500013	9.653127
0.500642	9.798148
0.501271	9.904424
0.501900	9.971532
0.502529	9.999209
0.503158	9.987344
0.503787	9.935985
0.504416	9.845335
0.505045	9.715752
0.505674	9.547748
0.506303	9.341989
0.506932	9.099287
0.507561	8.820602
0.508190	8.507037
0.508819	8.159831
0.509447	7.780358
0.510076	7.370117
0.510705	6.930732
0.511334	6.463940
0.511963	5.971586
0.512592	5.455618
0.513221	4.918076
0.513850	4.361086
0.514479	3.786850
0.515108	3.197639
0.515737	2.595784
0.516366	1.983663
0.516995	1.363698
0.517624	0.738341
0.518253	0.110064
0.518882	-0.518649
0.519511	-1.145310
0.520140	-1.767443
0.520769	-2.382586
0.521397	-2.988307
0.522026	-3.582212
0.522655	-4.161950
0.523284	-4.725230
0.523913	-5.269825
0.524542	-5.793581
0.525171	-6.294426
0.525800	-6.770380
0.526429	-7.219561
0.527058	-7.640193
0.527687	-8.030612
0.528316	-8.389274
0.528945	-8.714761
0.529574	-9.005787
0.530203	-9.261199
0.530832	-9.479989
0.531461	-9.661290
0.532090	-9.804386
0.532719	-9.908712
0.533347	-9.973854
0.533976	-9.999555
0.534605	-9.985713
0.535234	-9.932384
0.535863	-9.839777
0.536492	-9.708259
0.537121	-9.538351
0.537750	-9.330724
0.538379	-9.086198
0.539008	-8.805742
0.539637	-8.490465
0.540266	-8.141612
0.540895	-7.760563
0.541524	-7.348826
0.542153	-6.908028
0.542782	-6.439913
0.543411	-5.946332
0.544040	-5.429236
0.544669	-4.890670
0.545297	-4.332765
0.545926	-3.757726
0.546555	-3.167827
0.547184	-2.565401
0.547813	-1.952831
0.548442	-1.332538
0.549071	-0.706976
0.549700	-0.078618
0.550329	0.550051
0.550958	1.176545
0.551587	1.798386
0.552216	2.413116
0.552845	3.018303
0.553474	3.611554
0.554103	4.190524
0.554732	4.752922
0.555361	5.296525
0.555990	5.819184
0.556619	6.318831
0.557247	6.793490
0.557876	7.241285
0.558505	7.660444
0.559134	8.049311
0.559763	8.406347
0.560392	8.730141
0.561021	9.019412
0.561650	9.273016
0.562279	9.489951
0.562908	9.669358
0.563537	9.810528
0.564166	9.912902
0.564795	9.976077
0.565424	9.999802
0.566053	9.983983
0.566682	9.928684
0.567311	9.834121
0.567940	9.700671
0.568569	9.528859
0.569197	9.319366
0.569826	9.073020
0.570455	8.790796
0.571084	8.473808
0.571713	8.123312
0.572342	7.740692
0.572971	7.327462
0.573600	6.885256
0.574229	6.415823
0.574858	5.921019
0.575487	5.402800
0.576116	4.863216
0.576745	4.304401
0.577374	3.728565
0.578003	3.137984
0.578632	2.534994
0.579261	1.921979
0.579890	1.301365
0.580519	0.675604
0.581147	0.047171
0.581776	-0.581448
0.582405	-1.207768
0.583034	-1.829312
0.583663	-2.443622
0.584292	-3.048269
0.584921	-3.640861
0.585550	-4.219056
0.586179	-4.780567
0.586808	-5.323173
0.587437	-5.844730
0.588066	-6.343173
0.588695	-6.816533
0.589324	-7.262937
0.589953	-7.680621
0.590582	-8.067931
0.591211	-8.423338
0.591840	-8.745435
0.592469	-9.032948
0.593097	-9.284741
0.593726	-9.499819
0.594355	-9.677329
0.594984	-9.816572
0.595613	-9.916995
0.596242	-9.978202
0.596871	-9.999951
0.597500	-9.982155
0.598129	-9.924886
0.598758	-9.828369
0.599387	-9.692986
0.600016	-9.519273
0.600645	-9.307917
0.601274	-9.059753
0.601903	-8.775762
0.602532	-8.457068
0.603161	-8.104932
0.603790	-7.720745
0.604419	-7.306026
0.605047	-6.862416
0.605676	-6.391670
0.606305	-5.895647
0.606934	-5.376311
0.607563	-4.835714
0.608192	-4.275995
0.608821	-3.699367
0.609450	-3.108109
0.610079	-2.504561
0.610708	-1.891109
0.611337	-1.270178
0.611966	-0.644225
0.612595	-0.015724
0.613224	0.612840
0.613853	1.238979
0.614482	1.860220
0.615111	2.474104
0.615740	3.078204
0.616369	3.670132
0.616997	4.247547
0.617626	4.808164
0.618255	5.349769
0.618884	5.870217
0.619513	6.367453
0.620142	6.839508
0.620771	7.284518
0.621400	7.700721
0.622029	8.086471
0.622658	8.440245
0.623287	8.760642
0.623916	9.046395
0.624545	9.296375
0.625174	9.509593
0.625803	9.685206
0.626432	9.822519
0.627061	9.920989
0.627690	9.980228
0.628319	10.000000
