0.000000	10.000000
0.000006	9.980228
0.000013	9.920989
0.000019	9.822519
0.000025	9.685206
0.000031	9.509593
0.000038	9.296375
0.000044	9.046395
0.000050	8.760642
0.000057	8.440245
0.000063	8.086471
0.000069	7.700721
0.000075	7.284518
0.000082	6.839508
0.000088	6.367453
0.000094	5.870217
0.000101	5.349769
0.000107	4.808164
0.000113	4.247547
0.000120	3.670132
0.000126	3.078204
0.000132	2.474104
0.000138	1.860220
0.000145	1.238979
0.000151	0.612840
0.000157	-0.015724
0.000164	-0.644225
0.000170	-1.270178
0.000176	-1.891109
0.000182	-2.504561
0.000189	-3.108109
0.000195	-3.699367
0.000201	-4.275995
0.000208	-4.835714
0.000214	-5.376311
0.000220	-5.895647
0.000226	-6.391670
0.000233	-6.862416
0.000239	-7.306026
0.000245	-7.720745
0.000252	-8.104932
0.000258	-8.457068
0.000264	-8.775762
0.000270	-9.059753
0.000277	-9.307917
0.000283	-9.519273
0.000289	-9.692986
0.000296	-9.828369
0.000302	-9.924886
0.000308	-9.982155
0.000314	-9.999951
0.000321	-9.978202
0.000327	-9.916995
0.000333	-9.816572
0.000340	-9.677329
0.000346	-9.499819
0.000352	-9.284741
0.000359	-9.032948
0.000365	-8.745435
0.000371	-8.423338
0.000377	-8.067931
0.000384	-7.680621
0.000390	-7.262937
0.000396	-6.816533
0.000403	-6.343173
0.000409	-5.844730
0.000415	-5.323173
0.000421	-4.780567
0.000428	-4.219056
0.000434	-3.640861
0.000440	-3.048269
0.000447	-2.443622
0.000453	-1.829312
0.000459	-1.207768
0.000465	-0.581448
0.000472	0.047171
0.000478	0.675604
0.000484	1.301365
0.000491	1.921979
0.000497	2.534994
0.000503	3.137984
0.000509	3.728565
0.000516	4.304401
0.000522	4.863216
0.000528	5.402800
0.000535	5.921019
0.000541	6.415823
0.000547	6.885256
0.000553	7.327462
0.000560	7.740692
0.000566	8.123312
0.000572	8.473808
0.000579	8.790796
0.000585	9.073020
0.000591	9.319366
0.000598	9.528859
0.000604	9.700671
0.000610	9.834121
0.000616	9.928684
0.000623	9.983983
0.000629	9.999802
0.000635	9.976077
0.000642	9.912902
0.000648	9.810528
0.000654	9.669358
0.000660	9.489951
0.000667	9.273016
0.000673	9.019412
0.000679	8.730141
0.000686	8.406347
0.000692	8.049311
0.000698	7.660444
0.000704	7.241285
0.000711	6.793490
0.000717	6.318831
0.000723	5.819184
0.000730	5.296525
0.000736	4.752922
0.000742	4.190524
0.000748	3.611554
0.000755	3.018303
0.000761	2.413116
0.000767	1.798386
0.000774	1.176545
0.000780	0.550051
0.000786	-0.078618
0.000792	-0.706976
0.000799	-1.332538
0.000805	-1.952831
0.000811	-2.565401
0.000818	-3.167827
0.000824	-3.757726
0.000830	-4.332765
0.000837	-4.890670
0.000843	-5.429236
0.000849	-5.946332
0.000855	-6.439913
0.000862	-6.908028
0.000868	-7.348826
0.000874	-7.760563
0.000881	-8.141612
0.000887	-8.490465
0.000893	-8.805742
0.000899	-9.086198
0.000906	-9.330724
0.000912	-9.538351
0.000918	-9.708259
0.000925	-9.839777
0.000931	-9.932384
0.000937	-9.985713
0.000943	-9.999555
0.000950	-9.973854
0.000956	-9.908712
0.000962	-9.804386
0.000969	-9.661290
0.000975	-9.479989
0.000981	-9.261199
0.000987	-9.005787
0.000994	-8.714761
0.001000	-8.389274
0.001006	-8.030612
0.001013	-7.640193
0.001019	-7.219561
0.001025	-6.770380
0.001031	-6.294426
0.001038	-5.793581
0.001044	-5.269825
0.001050	-4.725230
0.001057	-4.161950
0.001063	-3.582212
0.001069	-2.988307
0.001076	-2.382586
0.001082	-1.767443
0.001088	-1.145310
0.001094	-0.518649
0.001101	0.110064
0.001107	0.738341
0.001113	1.363698
0.001120	1.983663
0.001126	2.595784
0.001132	3.197639
0.001138	3.786850
0.001145	4.361086
0.001151	4.918076
0.001157	5.455618
0.001164	5.971586
0.001170	6.463940
0.001176	6.930732
0.001182	7.370117
0.001189	7.780358
0.001195	8.159831
0.001201	8.507037
0.001208	8.820602
0.001214	9.099287
0.001220	9.341989
0.001226	9.547748
0.001233	9.715752
0.001239	9.845335
0.001245	9.935985
0.001252	9.987344
0.001258	9.999209
0.001264	9.971532
0.001270	9.904424
0.001277	9.798148
0.001283	9.653127
0.001289	9.469933
0.001296	9.249290
0.001302	8.992072
0.001308	8.699295
0.001315	8.372117
0.001321	8.011832
0.001327	7.619865
0.001333	7.197766
0.001340	6.747203
0.001346	6.269959
0.001352	5.767920
0.001359	5.243073
0.001365	4.697492
0.001371	4.133335
0.001377	3.552833
0.001384	2.958282
0.001390	2.352032
0.001396	1.736482
0.001403	1.114064
0.001409	0.487241
0.001415	-0.141508
0.001421	-0.769699
0.001428	-1.394845
0.001434	-2.014476
0.001440	-2.626140
0.001447	-3.227420
0.001453	-3.815937
0.001459	-4.389364
0.001465	-4.945433
0.001472	-5.481946
0.001478	-5.996781
0.001484	-6.487902
0.001491	-6.953367
0.001497	-7.391335
0.001503	-7.800075
0.001509	-8.177970
0.001516	-8.523525
0.001522	-8.835374
0.001528	-9.112285
0.001535	-9.353161
0.001541	-9.557051
0.001547	-9.723148
0.001554	-9.850796
0.001560	-9.939489
0.001566	-9.988877
0.001572	-9.998764
0.001579	-9.969112
0.001585	-9.900037
0.001591	-9.791813
0.001598	-9.644869
0.001604	-9.459784
0.001610	-9.237290
0.001616	-8.978269
0.001623	-8.683743
0.001629	-8.354878
0.001635	-7.992974
0.001642	-7.599462
0.001648	-7.175899
0.001654	-6.723959
0.001660	-6.245429
0.001667	-5.742203
0.001673	-5.216269
0.001679	-4.669707
0.001686	-4.104680
0.001692	-3.523420
0.001698	-2.928228
0.001704	-2.321456
0.001711	-1.705504
0.001717	-1.082807
0.001723	-0.455829
0.001730	0.172952
0.001736	0.801049
0.001742	1.425978
0.001748	2.045268
0.001755	2.656471
0.001761	3.257168
0.001767	3.844985
0.001774	4.417598
0.001780	4.972741
0.001786	5.508220
0.001793	6.021917
0.001799	6.511800
0.001805	6.975933
0.001811	7.412480
0.001818	7.819715
0.001824	8.196027
0.001830	8.539929
0.001837	8.850059
0.001843	9.125193
0.001849	9.364242
0.001855	9.566260
0.001862	9.730449
0.001868	9.856159
0.001874	9.942894
0.001881	9.990310
0.001887	9.998220
0.001893	9.966593
0.001899	9.895553
0.001906	9.785382
0.001912	9.636515
0.001918	9.449541
0.001925	9.225199
0.001931	8.964377
0.001937	8.668105
0.001943	8.337556
0.001950	7.974037
0.001956	7.578985
0.001962	7.153962
0.001969	6.700649
0.001975	6.220839
0.001981	5.716428
0.001987	5.189413
0.001994	4.641876
0.002000	4.075983
0.002006	3.493972
0.002013	2.898144
0.002019	2.290856
0.002025	1.674509
0.002032	1.051539
0.002038	0.424412
0.002044	-0.204394
0.002050	-0.832391
0.002057	-1.457097
0.002063	-2.076041
0.002069	-2.686775
0.002076	-3.286885
0.002082	-3.873996
0.002088	-4.445788
0.002094	-5.000000
0.002101	-5.534439
0.002107	-6.046993
0.002113	-6.535634
0.002120	-6.998431
0.002126	-7.433552
0.002132	-7.839278
0.002138	-8.214004
0.002145	-8.556248
0.002151	-8.864657
0.002157	-9.138011
0.002164	-9.375229
0.002170	-9.575374
0.002176	-9.737653
0.002182	-9.861425
0.002189	-9.946201
0.002195	-9.991645
0.002201	-9.997577
0.002208	-9.963975
0.002214	-9.890971
0.002220	-9.778853
0.002226	-9.628065
0.002233	-9.439204
0.002239	-9.213016
0.002245	-8.950396
0.002252	-8.652381
0.002258	-8.320152
0.002264	-7.955021
0.002271	-7.558432
0.002277	-7.131953
0.002283	-6.677272
0.002289	-6.196186
0.002296	-5.690597
0.002302	-5.162506
0.002308	-4.613999
0.002315	-4.047247
0.002321	-3.464490
0.002327	-2.868032
0.002333	-2.260234
0.002340	-1.643497
0.002346	-1.020261
0.002352	-0.392991
0.002359	0.235833
0.002365	0.863725
0.002371	1.488201
0.002377	2.106793
0.002384	2.717053
0.002390	3.316568
0.002396	3.902969
0.002403	4.473935
0.002409	5.027209
0.002415	5.560604
0.002421	6.072009
0.002428	6.559404
0.002434	7.020859
0.002440	7.454550
0.002447	7.858763
0.002453	8.231899
0.002459	8.572483
0.002465	8.879167
0.002472	9.150738
0.002478	9.386124
0.002484	9.584393
0.002491	9.744761
0.002497	9.866593
0.002503	9.949409
0.002510	9.992880
0.002516	9.996836
0.002522	9.961259
0.002528	9.886291
0.002535	9.772228
0.002541	9.619521
0.002547	9.428774
0.002554	9.200742
0.002560	8.936326
0.002566	8.636572
0.002572	8.302665
0.002579	7.935926
0.002585	7.537804
0.002591	7.109875
0.002598	6.653830
0.002604	6.171472
0.002610	5.664710
0.002616	5.135547
0.002623	4.586076
0.002629	4.018470
0.002635	3.434973
0.002642	2.837892
0.002648	2.229589
0.002654	1.612469
0.002660	0.988973
0.002667	0.361566
0.002673	-0.267271
0.002679	-0.895051
0.002686	-1.519291
0.002692	-2.137524
0.002698	-2.747304
0.002704	-3.346219
0.002711	-3.931903
0.002717	-4.502037
0.002723	-5.054369
0.002730	-5.586714
0.002736	-6.096966
0.002742	-6.583108
0.002749	-7.043217
0.002755	-7.475475
0.002761	-7.878171
0.002767	-8.249713
0.002774	-8.588633
0.002780	-8.893589
0.002786	-9.163375
0.002793	-9.396926
0.002799	-9.593317
0.002805	-9.751772
0.002811	-9.871664
0.002818	-9.952519
0.002824	-9.994018
0.002830	-9.995995
0.002837	-9.958444
0.002843	-9.881513
0.002849	-9.765506
0.002855	-9.610881
0.002862	-9.418251
0.002868	-9.188378
0.002874	-8.922169
0.002881	-8.620678
0.002887	-8.285096
0.002893	-7.916752
0.002899	-7.517102
0.002906	-7.087726
0.002912	-6.630321
0.002918	-6.146698
0.002925	-5.638767
0.002931	-5.108538
0.002937	-4.558108
0.002943	-3.989654
0.002950	-3.405422
0.002956	-2.807723
0.002962	-2.198922
0.002969	-1.581425
0.002975	-0.957675
0.002981	-0.330137
0.002988	0.298706
0.002994	0.926367
0.003000	1.550366
0.003006	2.168234
0.003013	2.777527
0.003019	3.375837
0.003025	3.960798
0.003032	4.530095
0.003038	5.081479
0.003044	5.612768
0.003050	6.121862
0.003057	6.606747
0.003063	7.065506
0.003069	7.496326
0.003076	7.897501
0.003082	8.267446
0.003088	8.604698
0.003094	8.907923
0.003101	9.175922
0.003107	9.407635
0.003113	9.602147
0.003120	9.758687
0.003126	9.876637
0.003132	9.955531
0.003138	9.995056
0.003145	9.995056
0.003151	9.955531
0.003157	9.876637
0.003164	9.758687
0.003170	9.602147
0.003176	9.407635
0.003182	9.175922
0.003189	8.907923
0.003195	8.604698
0.003201	8.267446
0.003208	7.897501
0.003214	7.496326
0.003220	7.065506
0.003227	6.606747
0.003233	6.121862
0.003239	5.612768
0.003245	5.081479
0.003252	4.530095
0.003258	3.960798
0.003264	3.375837
0.003271	2.777527
0.003277	2.168234
0.003283	1.550366
0.003289	0.926367
0.003296	0.298706
0.003302	-0.330137
0.003308	-0.957675
0.003315	-1.581425
0.003321	-2.198922
0.003327	-2.807723
0.003333	-3.405422
0.003340	-3.989654
0.003346	-4.558108
0.003352	-5.108538
0.003359	-5.638767
0.003365	-6.146698
0.003371	-6.630321
0.003377	-7.087726
0.003384	-7.517102
0.003390	-7.916752
0.003396	-8.285096
0.003403	-8.620678
0.003409	-8.922169
0.003415	-9.188378
0.003421	-9.418251
0.003428	-9.610881
0.003434	-9.765506
0.003440	-9.881513
0.003447	-9.958444
0.003453	-9.995995
0.003459	-9.994018
0.003466	-9.952519
0.003472	-9.871664
0.003478	-9.751772
0.003484	-9.593317
0.003491	-9.396926
0.003497	-9.163375
0.003503	-8.893589
0.003510	-8.588633
0.003516	-8.249713
0.003522	-7.878171
0.003528	-7.475475
0.003535	-7.043217
0.003541	-6.583108
0.003547	-6.096966
0.003554	-5.586714
0.003560	-5.054369
0.003566	-4.502037
0.003572	-3.931903
0.003579	-3.346219
0.003585	-2.747304
0.003591	-2.137524
0.003598	-1.519291
0.003604	-0.895051
0.003610	-0.267271
0.003616	0.361566
0.003623	0.988973
0.003629	1.612469
0.003635	2.229589
0.003642	2.837892
0.003648	3.434973
0.003654	4.018470
0.003660	4.586076
0.003667	5.135547
0.003673	5.664710
0.003679	6.171472
0.003686	6.653830
0.003692	7.109875
0.003698	7.537804
0.003705	7.935926
0.003711	8.302665
0.003717	8.636572
0.003723	8.936326
0.003730	9.200742
0.003736	9.428774
0.003742	9.619521
0.003749	9.772228
0.003755	9.886291
0.003761	9.961259
0.003767	9.996836
0.003774	9.992880
0.003780	9.949409
0.003786	9.866593
0.003793	9.744761
0.003799	9.584393
0.003805	9.386124
0.003811	9.150738
0.003818	8.879167
0.003824	8.572483
0.003830	8.231899
0.003837	7.858763
0.003843	7.454550
0.003849	7.020859
0.003855	6.559404
0.003862	6.072009
0.003868	5.560604
0.003874	5.027209
0.003881	4.473935
0.003887	3.902969
0.003893	3.316568
0.003899	2.717053
0.003906	2.106793
0.003912	1.488201
0.003918	0.863725
0.003925	0.235833
0.003931	-0.392991
0.003937	-1.020261
0.003944	-1.643497
0.003950	-2.260234
0.003956	-2.868032
0.003962	-3.464490
0.003969	-4.047247
0.003975	-4.613999
0.003981	-5.162506
0.003988	-5.690597
0.003994	-6.196186
0.004000	-6.677272
0.004006	-7.131953
0.004013	-7.558432
0.004019	-7.955021
0.004025	-8.320152
0.004032	-8.652381
0.004038	-8.950396
0.004044	-9.213016
0.004050	-9.439204
0.004057	-9.628065
0.004063	-9.778853
0.004069	-9.890971
0.004076	-9.963975
0.004082	-9.997577
0.004088	-9.991645
0.004094	-9.946201
0.004101	-9.861425
0.004107	-9.737653
0.004113	-9.575374
0.004120	-9.375229
0.004126	-9.138011
0.004132	-8.864657
0.004138	-8.556248
0.004145	-8.214004
0.004151	-7.839278
0.004157	-7.433552
0.004164	-6.998431
0.004170	-6.535634
0.004176	-6.046993
0.004183	-5.534439
0.004189	-5.000000
0.004195	-4.445788
0.004201	-3.873996
0.004208	-3.286885
0.004214	-2.686775
0.004220	-2.076041
0.004227	-1.457097
0.004233	-0.832391
0.004239	-0.204394
0.004245	0.424412
0.004252	1.051539
0.004258	1.674509
0.004264	2.290856
0.004271	2.898144
0.004277	3.493972
0.004283	4.075983
0.004289	4.641876
0.004296	5.189413
0.004302	5.716428
0.004308	6.220839
0.004315	6.700649
0.004321	7.153962
0.004327	7.578985
0.004333	7.974037
0.004340	8.337556
0.004346	8.668105
0.004352	8.964377
0.004359	9.225199
0.004365	9.449541
0.004371	9.636515
0.004377	9.785382
0.004384	9.895553
0.004390	9.966593
0.004396	9.998220
0.004403	9.990310
0.004409	9.942894
0.004415	9.856159
0.004422	9.730449
0.004428	9.566260
0.004434	9.364242
0.004440	9.125193
0.004447	8.850059
0.004453	8.539929
0.004459	8.196027
0.004466	7.819715
0.004472	7.412480
0.004478	6.975933
0.004484	6.511800
0.004491	6.021917
0.004497	5.508220
0.004503	4.972741
0.004510	4.417598
0.004516	3.844985
0.004522	3.257168
0.004528	2.656471
0.004535	2.045268
0.004541	1.425978
0.004547	0.801049
0.004554	0.172952
0.004560	-0.455829
0.004566	-1.082807
0.004572	-1.705504
0.004579	-2.321456
0.004585	-2.928228
0.004591	-3.523420
0.004598	-4.104680
0.004604	-4.669707
0.004610	-5.216269
0.004616	-5.742203
0.004623	-6.245429
0.004629	-6.723959
0.004635	-7.175899
0.004642	-7.599462
0.004648	-7.992974
0.004654	-8.354878
0.004661	-8.683743
0.004667	-8.978269
0.004673	-9.237290
0.004679	-9.459784
0.004686	-9.644869
0.004692	-9.791813
0.004698	-9.900037
0.004705	-9.969112
0.004711	-9.998764
0.004717	-9.988877
0.004723	-9.939489
0.004730	-9.850796
0.004736	-9.723148
0.004742	-9.557051
0.004749	-9.353161
0.004755	-9.112285
0.004761	-8.835374
0.004767	-8.523525
0.004774	-8.177970
0.004780	-7.800075
0.004786	-7.391335
0.004793	-6.953367
0.004799	-6.487902
0.004805	-5.996781
0.004811	-5.481946
0.004818	-4.945433
0.004824	-4.389364
0.004830	-3.815937
0.004837	-3.227420
0.004843	-2.626140
0.004849	-2.014476
0.004855	-1.394845
0.004862	-0.769699
0.004868	-0.141508
0.004874	0.487241
0.004881	1.114064
0.004887	1.736482
0.004893	2.352032
0.004900	2.958282
0.004906	3.552833
0.004912	4.133335
0.004918	4.697492
0.004925	5.243073
0.004931	5.767920
0.004937	6.269959
0.004944	6.747203
0.004950	7.197766
0.004956	7.619865
0.004962	8.011832
0.004969	8.372117
0.004975	8.699295
0.004981	8.992072
0.004988	9.249290
0.004994	9.469933
0.005000	9.653127
0.005006	9.798148
0.005013	9.904424
0.005019	9.971532
0.005025	9.999209
0.005032	9.987344
0.005038	9.935985
0.005044	9.845335
0.005050	9.715752
0.005057	9.547748
0.005063	9.341989
0.005069	9.099287
0.005076	8.820602
0.005082	8.507037
0.005088	8.159831
0.005094	7.780358
0.005101	7.370117
0.005107	6.930732
0.005113	6.463940
0.005120	5.971586
0.005126	5.455618
0.005132	4.918076
0.005139	4.361086
0.005145	3.786850
0.005151	3.197639
0.005157	2.595784
0.005164	1.983663
0.005170	1.363698
0.005176	0.738341
0.005183	0.110064
0.005189	-0.518649
0.005195	-1.145310
0.005201	-1.767443
0.005208	-2.382586
0.005214	-2.988307
0.005220	-3.582212
0.005227	-4.161950
0.005233	-4.725230
0.005239	-5.269825
0.005245	-5.793581
0.005252	-6.294426
0.005258	-6.770380
0.005264	-7.219561
0.005271	-7.640193
0.005277	-8.030612
0.005283	-8.389274
0.005289	-8.714761
0.005296	-9.005787
0.005302	-9.261199
0.005308	-9.479989
0.005315	-9.661290
0.005321	-9.804386
0.005327	-9.908712
0.005333	-9.973854
0.005340	-9.999555
0.005346	-9.985713
0.005352	-9.932384
0.005359	-9.839777
0.005365	-9.708259
0.005371	-9.538351
0.005378	-9.330724
0.005384	-9.086198
0.005390	-8.805742
0.005396	-8.490465
0.005403	-8.141612
0.005409	-7.760563
0.005415	-7.348826
0.005422	-6.908028
0.005428	-6.439913
0.005434	-5.946332
0.005440	-5.429236
0.005447	-4.890670
0.005453	-4.332765
0.005459	-3.757726
0.005466	-3.167827
0.005472	-2.565401
0.005478	-1.952831
0.005484	-1.332538
0.005491	-0.706976
0.005497	-0.078618
0.005503	0.550051
0.005510	1.176545
0.005516	1.798386
0.005522	2.413116
0.005528	3.018303
0.005535	3.611554
0.005541	4.190524
0.005547	4.752922
0.005554	5.296525
0.005560	5.819184
0.005566	6.318831
0.005572	6.793490
0.005579	7.241285
0.005585	7.660444
0.005591	8.049311
0.005598	8.406347
0.005604	8.730141
0.005610	9.019412
0.005617	9.273016
0.005623	9.489951
0.005629	9.669358
0.005635	9.810528
0.005642	9.912902
0.005648	9.976077
0.005654	9.999802
0.005661	9.983983
0.005667	9.928684
0.005673	9.834121
0.005679	9.700671
0.005686	9.528859
0.005692	9.319366
0.005698	9.073020
0.005705	8.790796
0.005711	8.473808
0.005717	8.123312
0.005723	7.740692
0.005730	7.327462
0.005736	6.885256
0.005742	6.415823
0.005749	5.921019
0.005755	5.402800
0.005761	4.863216
0.005767	4.304401
0.005774	3.728565
0.005780	3.137984
0.005786	2.534994
0.005793	1.921979
0.005799	1.301365
0.005805	0.675604
0.005811	0.047171
0.005818	-0.581448
0.005824	-1.207768
0.005830	-1.829312
0.005837	-2.443622
0.005843	-3.048269
0.005849	-3.640861
0.005856	-4.219056
0.005862	-4.780567
0.005868	-5.323173
0.005874	-5.844730
0.005881	-6.343173
0.005887	-6.816533
0.005893	-7.262937
0.005900	-7.680621
0.005906	-8.067931
0.005912	-8.423338
0.005918	-8.745435
0.005925	-9.032948
0.005931	-9.284741
0.005937	-9.499819
0.005944	-9.677329
0.005950	-9.816572
0.005956	-9.916995
0.005962	-9.978202
0.005969	-9.999951
0.005975	-9.982155
0.005981	-9.924886
0.005988	-9.828369
0.005994	-9.692986
0.006000	-9.519273
0.006006	-9.307917
0.006013	-9.059753
0.006019	-8.775762
0.006025	-8.457068
0.006032	-8.104932
0.006038	-7.720745
0.006044	-7.306026
0.006050	-6.862416
0.006057	-6.391670
0.006063	-5.895647
0.006069	-5.376311
0.006076	-4.835714
0.006082	-4.275995
0.006088	-3.699367
0.006095	-3.108109
0.006101	-2.504561
0.006107	-1.891109
0.006113	-1.270178
0.006120	-0.644225
0.006126	-0.015724
0.006132	0.612840
0.006139	1.238979
0.006145	1.860220
0.006151	2.474104
0.006157	3.078204
0.006164	3.670132
0.006170	4.247547
0.006176	4.808164
0.006183	5.349769
0.006189	5.870217
0.006195	6.367453
0.006201	6.839508
0.006208	7.284518
0.006214	7.700721
0.006220	8.086471
0.006227	8.440245
0.006233	8.760642
0.006239	9.046395
0.006245	9.296375
0.006252	9.509593
0.006258	9.685206
0.006264	9.822519
0.006271	9.920989
0.006277	9.980228
0.006283	10.000000
