0.000000	10.000000
0.000063	9.980228
0.000126	9.920989
0.000189	9.822519
0.000252	9.685206
0.000314	9.509593
0.000377	9.296375
0.000440	9.046395
0.000503	8.760642
0.000566	8.440245
0.000629	8.086471
0.000692	7.700721
0.000755	7.284518
0.000818	6.839508
0.000881	6.367453
0.000943	5.870217
0.001006	5.349769
0.001069	4.808164
0.001132	4.247547
0.001195	3.670132
0.001258	3.078204
0.001321	2.474104
0.001384	1.860220
0.001447	1.238979
0.001509	0.612840
0.001572	-0.015724
0.001635	-0.644225
0.001698	-1.270178
0.001761	-1.891109
0.001824	-2.504561
0.001887	-3.108109
0.001950	-3.699367
0.002013	-4.275995
0.002076	-4.835714
0.002138	-5.376311
0.002201	-5.895647
0.002264	-6.391670
0.002327	-6.862416
0.002390	-7.306026
0.002453	-7.720745
0.002516	-8.104932
0.002579	-8.457068
0.002642	-8.775762
0.002704	-9.059753
0.002767	-9.307917
0.002830	-9.519273
0.002893	-9.692986
0.002956	-9.828369
0.003019	-9.924886
0.003082	-9.982155
0.003145	-9.999951
0.003208	-9.978202
0.003271	-9.916995
0.003333	-9.816572
0.003396	-9.677329
0.003459	-9.499819
0.003522	-9.284741
0.003585	-9.032948
0.003648	-8.745435
0.003711	-8.423338
0.003774	-8.067931
0.003837	-7.680621
0.003899	-7.262937
0.003962	-6.816533
0.004025	-6.343173
0.004088	-5.844730
0.004151	-5.323173
0.004214	-4.780567
0.004277	-4.219056
0.004340	-3.640861
0.004403	-3.048269
0.004466	-2.443622
0.004528	-1.829312
0.004591	-1.207768
0.004654	-0.581448
0.004717	0.047171
0.004780	0.675604
0.004843	1.301365
0.004906	1.921979
0.004969	2.534994
0.005032	3.137984
0.005094	3.728565
0.005157	4.304401
0.005220	4.863216
0.005283	5.402800
0.005346	5.921019
0.005409	6.415823
0.005472	6.885256
0.005535	7.327462
0.005598	7.740692
0.005661	8.123312
0.005723	8.473808
0.005786	8.790796
0.005849	9.073020
0.005912	9.319366
0.005975	9.528859
0.006038	9.700671
0.006101	9.834121
0.006164	9.928684
0.006227	9.983983
0.006289	9.999802
0.006352	9.976077
0.006415	9.912902
0.006478	9.810528
0.006541	9.669358
0.006604	9.489951
0.006667	9.273016
0.006730	9.019412
0.006793	8.730141
0.006856	8.406347
0.006918	8.049311
0.006981	7.660444
0.007044	7.241285
0.007107	6.793490
0.007170	6.318831
0.007233	5.819184
0.007296	5.296525
0.007359	4.752922
0.007422	4.190524
0.007484	3.611554
0.007547	3.018303
0.007610	2.413116
0.007673	1.798386
0.007736	1.176545
0.007799	0.550051
0.007862	-0.078618
0.007925	-0.706976
0.007988	-1.332538
0.008051	-1.952831
0.008113	-2.565401
0.008176	-3.167827
0.008239	-3.757726
0.008302	-4.332765
0.008365	-4.890670
0.008428	-5.429236
0.008491	-5.946332
0.008554	-6.439913
0.008617	-6.908028
0.008679	-7.348826
0.008742	-7.760563
0.008805	-8.141612
0.008868	-8.490465
0.008931	-8.805742
0.008994	-9.086198
0.009057	-9.330724
0.009120	-9.538351
0.009183	-9.708259
0.009246	-9.839777
0.009308	-9.932384
0.009371	-9.985713
0.009434	-9.999555
0.009497	-9.973854
0.009560	-9.908712
0.009623	-9.804386
0.009686	-9.661290
0.009749	-9.479989
0.009812	-9.261199
0.009874	-9.005787
0.009937	-8.714761
0.010000	-8.389274
0.010063	-8.030612
0.010126	-7.640193
0.010189	-7.219561
0.010252	-6.770380
0.010315	-6.294426
0.010378	-5.793581
0.010441	-5.269825
0.010503	-4.725230
0.010566	-4.161950
0.010629	-3.582212
0.010692	-2.988307
0.010755	-2.382586
0.010818	-1.767443
0.010881	-1.145310
0.010944	-0.518649
0.011007	0.110064
0.011069	0.738341
0.011132	1.363698
0.011195	1.983663
0.011258	2.595784
0.011321	3.197639
0.011384	3.786850
0.011447	4.361086
0.011510	4.918076
0.011573	5.455618
0.011636	5.971586
0.011698	6.463940
0.011761	6.930732
0.011824	7.370117
0.011887	7.780358
0.011950	8.159831
0.012013	8.507037
0.012076	8.820602
0.012139	9.099287
0.012202	9.341989
0.012264	9.547748
0.012327	9.715752
0.012390	9.845335
0.012453	9.935985
0.012516	9.987344
0.012579	9.999209
0.012642	9.971532
0.012705	9.904424
0.012768	9.798148
0.012831	9.653127
0.012893	9.469933
0.012956	9.249290
0.013019	8.992072
0.013082	8.699295
0.013145	8.372117
0.013208	8.011832
0.013271	7.619865
0.013334	7.197766
0.013397	6.747203
0.013459	6.269959
0.013522	5.767920
0.013585	5.243073
0.013648	4.697492
0.013711	4.133335
0.013774	3.552833
0.013837	2.958282
0.013900	2.352032
0.013963	1.736482
0.014026	1.114064
0.014088	0.487241
0.014151	-0.141508
0.014214	-0.769699
0.014277	-1.394845
0.014340	-2.014476
0.014403	-2.626140
0.014466	-3.227420
0.014529	-3.815937
0.014592	-4.389364
0.014654	-4.945433
0.014717	-5.481946
0.014780	-5.996781
0.014843	-6.487902
0.014906	-6.953367
0.014969	-7.391335
0.015032	-7.800075
0.015095	-8.177970
0.015158	-8.523525
0.015221	-8.835374
0.015283	-9.112285
0.015346	-9.353161
0.015409	-9.557051
0.015472	-9.723148
0.015535	-9.850796
0.015598	-9.939489
0.015661	-9.988877
0.015724	-9.998764
0.015787	-9.969112
0.015849	-9.900037
0.015912	-9.791813
0.015975	-9.644869
0.016038	-9.459784
0.016101	-9.237290
0.016164	-8.978269
0.016227	-8.683743
0.016290	-8.354878
0.016353	-7.992974
0.016416	-7.599462
0.016478	-7.175899
0.016541	-6.723959
0.016604	-6.245429
0.016667	-5.742203
0.016730	-5.216269
0.016793	-4.669707
0.016856	-4.104680
0.016919	-3.523420
0.016982	-2.928228
0.017044	-2.321456
0.017107	-1.705504
0.017170	-1.082807
0.017233	-0.455829
0.017296	0.172952
0.017359	0.801049
0.017422	1.425978
0.017485	2.045268
0.017548	2.656471
0.017611	3.257168
0.017673	3.844985
0.017736	4.417598
0.017799	4.972741
0.017862	5.508220
0.017925	6.021917
0.017988	6.511800
0.018051	6.975933
0.018114	7.412480
0.018177	7.819715
0.018239	8.196027
0.018302	8.539929
0.018365	8.850059
0.018428	9.125193
0.018491	9.364242
0.018554	9.566260
0.018617	9.730449
0.018680	9.856159
0.018743	9.942894
0.018806	9.990310
0.018868	9.998220
0.018931	9.966593
0.018994	9.895553
0.019057	9.785382
0.019120	9.636515
0.019183	9.449541
0.019246	9.225199
0.019309	8.964377
0.019372	8.668105
0.019434	8.337556
0.019497	7.974037
0.019560	7.578985
0.019623	7.153962
0.019686	6.700649
0.019749	6.220839
0.019812	5.716428
0.019875	5.189413
0.019938	4.641876
0.020001	4.075983
0.020063	3.493972
0.020126	2.898144
0.020189	2.290856
0.020252	1.674509
0.020315	1.051539
0.020378	0.424412
0.020441	-0.204394
0.020504	-0.832391
0.020567	-1.457097
0.020629	-2.076041
0.020692	-2.686775
0.020755	-3.286885
0.020818	-3.873996
0.020881	-4.445788
0.020944	-5.000000
0.021007	-5.534439
0.021070	-6.046993
0.021133	-6.535634
0.021196	-6.998431
0.021258	-7.433552
0.021321	-7.839278
0.021384	-8.214004
0.021447	-8.556248
0.021510	-8.864657
0.021573	-9.138011
0.021636	-9.375229
0.021699	-9.575374
0.021762	-9.737653
0.021824	-9.861425
0.021887	-9.946201
0.021950	-9.991645
0.022013	-9.997577
0.022076	-9.963975
0.022139	-9.890971
0.022202	-9.778853
0.022265	-9.628065
0.022328	-9.439204
0.022391	-9.213016
0.022453	-8.950396
0.022516	-8.652381
0.022579	-8.320152
0.022642	-7.955021
0.022705	-7.558432
0.022768	-7.131953
0.022831	-6.677272
0.022894	-6.196186
0.022957	-5.690597
0.023019	-5.162506
0.023082	-4.613999
0.023145	-4.047247
0.023208	-3.464490
0.023271	-2.868032
0.023334	-2.260234
0.023397	-1.643497
0.023460	-1.020261
0.023523	-0.392991
0.023586	0.235833
0.023648	0.863725
0.023711	1.488201
0.023774	2.106793
0.023837	2.717053
0.023900	3.316568
0.023963	3.902969
0.024026	4.473935
0.024089	5.027209
0.024152	5.560604
0.024214	6.072009
0.024277	6.559404
0.024340	7.020859
0.024403	7.454550
0.024466	7.858763
0.024529	8.231899
0.024592	8.572483
0.024655	8.879167
0.024718	9.150738
0.024781	9.386124
0.024843	9.584393
0.024906	9.744761
0.024969	9.866593
0.025032	9.949409
0.025095	9.992880
0.025158	9.996836
0.025221	9.961259
0.025284	9.886291
0.025347	9.772228
0.025409	9.619521
0.025472	9.428774
0.025535	9.200742
0.025598	8.936326
0.025661	8.636572
0.025724	8.302665
0.025787	7.935926
0.025850	7.537804
0.025913	7.109875
0.025976	6.653830
0.026038	6.171472
0.026101	5.664710
0.026164	5.135547
0.026227	4.586076
0.026290	4.018470
0.026353	3.434973
0.026416	2.837892
0.026479	2.229589
0.026542	1.612469
0.026604	0.988973
0.026667	0.361566
0.026730	-0.267271
0.026793	-0.895051
0.026856	-1.519291
0.026919	-2.137524
0.026982	-2.747304
0.027045	-3.346219
0.027108	-3.931903
0.027171	-4.502037
0.027233	-5.054369
0.027296	-5.586714
0.027359	-6.096966
0.027422	-6.583108
0.027485	-7.043217
0.027548	-7.475475
0.027611	-7.878171
0.027674	-8.249713
0.027737	-8.588633
0.027799	-8.893589
0.027862	-9.163375
0.027925	-9.396926
0.027988	-9.593317
0.028051	-9.751772
0.028114	-9.871664
0.028177	-9.952519
0.028240	-9.994018
0.028303	-9.995995
0.028366	-9.958444
0.028428	-9.881513
0.028491	-9.765506
0.028554	-9.610881
0.028617	-9.418251
0.028680	-9.188378
0.028743	-8.922169
0.028806	-8.620678
0.028869	-8.285096
0.028932	-7.916752
0.028994	-7.517102
0.029057	-7.087726
0.029120	-6.630321
0.029183	-6.146698
0.029246	-5.638767
0.029309	-5.108538
0.029372	-4.558108
0.029435	-3.989654
0.029498	-3.405422
0.029561	-2.807723
0.029623	-2.198922
0.029686	-1.581425
0.029749	-0.957675
0.029812	-0.330137
0.029875	0.298706
0.029938	0.926367
0.030001	1.550366
0.030064	2.168234
0.030127	2.777527
0.030189	3.375837
0.030252	3.960798
0.030315	4.530095
0.030378	5.081479
0.030441	5.612768
0.030504	6.121862
0.030567	6.606747
0.030630	7.065506
0.030693	7.496326
0.030756	7.897501
0.030818	8.267446
0.030881	8.604698
0.030944	8.907923
0.031007	9.175922
0.031070	9.407635
0.031133	9.602147
0.031196	9.758687
0.031259	9.876637
0.031322	9.955531
0.031384	9.995056
0.031447	9.995056
0.031510	9.955531
0.031573	9.876637
0.031636	9.758687
0.031699	9.602147
0.031762	9.407635
0.031825	9.175922
0.031888	8.907923
0.031951	8.604698
0.032013	8.267446
0.032076	7.897501
0.032139	7.496326
0.032202	7.065506
0.032265	6.606747
0.032328	6.121862
0.032391	5.612768
0.032454	5.081479
0.032517	4.530095
0.032579	3.960798
0.032642	3.375837
0.032705	2.777527
0.032768	2.168234
0.032831	1.550366
0.032894	0.926367
0.032957	0.298706
0.033020	-0.330137
0.033083	-0.957675
0.033146	-1.581425
0.033208	-2.198922
0.033271	-2.807723
0.033334	-3.405422
0.033397	-3.989654
0.033460	-4.558108
0.033523	-5.108538
0.033586	-5.638767
0.033649	-6.146698
0.033712	-6.630321
0.033774	-7.087726
0.033837	-7.517102
0.033900	-7.916752
0.033963	-8.285096
0.034026	-8.620678
0.034089	-8.922169
0.034152	-9.188378
0.034215	-9.418251
0.034278	-9.610881
0.034341	-9.765506
0.034403	-9.881513
0.034466	-9.958444
0.034529	-9.995995
0.034592	-9.994018
0.034655	-9.952519
0.034718	-9.871664
0.034781	-9.751772
0.034844	-9.593317
0.034907	-9.396926
0.034969	-9.163375
0.035032	-8.893589
0.035095	-8.588633
0.035158	-8.249713
0.035221	-7.878171
0.035284	-7.475475
0.035347	-7.043217
0.035410	-6.583108
0.035473	-6.096966
0.035536	-5.586714
0.035598	-5.054369
0.035661	-4.502037
0.035724	-3.931903
0.035787	-3.346219
0.035850	-2.747304
0.035913	-2.137524
0.035976	-1.519291
0.036039	-0.895051
0.036102	-0.267271
0.036164	0.361566
0.036227	0.988973
0.036290	1.612469
0.036353	2.229589
0.036416	2.837892
0.036479	3.434973
0.036542	4.018470
0.036605	4.586076
0.036668	5.135547
0.036731	5.664710
0.036793	6.171472
0.036856	6.653830
0.036919	7.109875
0.036982	7.537804
0.037045	7.935926
0.037108	8.302665
0.037171	8.636572
0.037234	8.936326
0.037297	9.200742
0.037359	9.428774
0.037422	9.619521
0.037485	9.772228
0.037548	9.886291
0.037611	9.961259
0.037674	9.996836
0.037737	9.992880
0.037800	9.949409
0.037863	9.866593
0.037926	9.744761
0.037988	9.584393
0.038051	9.386124
0.038114	9.150738
0.038177	8.879167
0.038240	8.572483
0.038303	8.231899
0.038366	7.858763
0.038429	7.454550
0.038492	7.020859
0.038554	6.559404
0.038617	6.072009
0.038680	5.560604
0.038743	5.027209
0.038806	4.473935
0.038869	3.902969
0.038932	3.316568
0.038995	2.717053
0.039058	2.106793
0.039121	1.488201
0.039183	0.863725
0.039246	0.235833
0.039309	-0.392991
0.039372	-1.020261
0.039435	-1.643497
0.039498	-2.260234
0.039561	-2.868032
0.039624	-3.464490
0.039687	-4.047247
0.039749	-4.613999
0.039812	-5.162506
0.039875	-5.690597
0.039938	-6.196186
0.040001	-6.677272
0.040064	-7.131953
0.040127	-7.558432
0.040190	-7.955021
0.040253	-8.320152
0.040316	-8.652381
0.040378	-8.950396
0.040441	-9.213016
0.040504	-9.439204
0.040567	-9.628065
0.040630	-9.778853
0.040693	-9.890971
0.040756	-9.963975
0.040819	-9.997577
0.040882	-9.991645
0.040944	-9.946201
0.041007	-9.861425
0.041070	-9.737653
0.041133	-9.575374
0.041196	-9.375229
0.041259	-9.138011
0.041322	-8.864657
0.041385	-8.556248
0.041448	-8.214004
0.041511	-7.839278
0.041573	-7.433552
0.041636	-6.998431
0.041699	-6.535634
0.041762	-6.046993
0.041825	-5.534439
0.041888	-5.000000
0.041951	-4.445788
0.042014	-3.873996
0.042077	-3.286885
0.042139	-2.686775
0.042202	-2.076041
0.042265	-1.457097
0.042328	-0.832391
0.042391	-0.204394
0.042454	0.424412
0.042517	1.051539
0.042580	1.674509
0.042643	2.290856
0.042706	2.898144
0.042768	3.493972
0.042831	4.075983
0.042894	4.641876
0.042957	5.189413
0.043020	5.716428
0.043083	6.220839
0.043146	6.700649
0.043209	7.153962
0.043272	7.578985
0.043334	7.974037
0.043397	8.337556
0.043460	8.668105
0.043523	8.964377
0.043586	9.225199
0.043649	9.449541
0.043712	9.636515
0.043775	9.785382
0.043838	9.895553
0.043901	9.966593
0.043963	9.998220
0.044026	9.990310
0.044089	9.942894
0.044152	9.856159
0.044215	9.730449
0.044278	9.566260
0.044341	9.364242
0.044404	9.125193
0.044467	8.850059
0.044529	8.539929
0.044592	8.196027
0.044655	7.819715
0.044718	7.412480
0.044781	6.975933
0.044844	6.511800
0.044907	6.021917
0.044970	5.508220
0.045033	4.972741
0.045096	4.417598
0.045158	3.844985
0.045221	3.257168
0.045284	2.656471
0.045347	2.045268
0.045410	1.425978
0.045473	0.801049
0.045536	0.172952
0.045599	-0.455829
0.045662	-1.082807
0.045724	-1.705504
0.045787	-2.321456
0.045850	-2.928228
0.045913	-3.523420
0.045976	-4.104680
0.046039	-4.669707
0.046102	-5.216269
0.046165	-5.742203
0.046228	-6.245429
0.046291	-6.723959
0.046353	-7.175899
0.046416	-7.599462
0.046479	-7.992974
0.046542	-8.354878
0.046605	-8.683743
0.046668	-8.978269
0.046731	-9.237290
0.046794	-9.459784
0.046857	-9.644869
0.046919	-9.791813
0.046982	-9.900037
0.047045	-9.969112
0.047108	-9.998764
0.047171	-9.988877
0.047234	-9.939489
0.047297	-9.850796
0.047360	-9.723148
0.047423	-9.557051
0.047486	-9.353161
0.047548	-9.112285
0.047611	-8.835374
0.047674	-8.523525
0.047737	-8.177970
0.047800	-7.800075
0.047863	-7.391335
0.047926	-6.953367
0.047989	-6.487902
0.048052	-5.996781
0.048114	-5.481946
0.048177	-4.945433
0.048240	-4.389364
0.048303	-3.815937
0.048366	-3.227420
0.048429	-2.626140
0.048492	-2.014476
0.048555	-1.394845
0.048618	-0.769699
0.048681	-0.141508
0.048743	0.487241
0.048806	1.114064
0.048869	1.736482
0.048932	2.352032
0.048995	2.958282
0.049058	3.552833
0.049121	4.133335
0.049184	4.697492
0.049247	5.243073
0.049309	5.767920
0.049372	6.269959
0.049435	6.747203
0.049498	7.197766
0.049561	7.619865
0.049624	8.011832
0.049687	8.372117
0.049750	8.699295
0.049813	8.992072
0.049876	9.249290
0.049938	9.469933
0.050001	9.653127
0.050064	9.798148
0.050127	9.904424
0.050190	9.971532
0.050253	9.999209
0.050316	9.987344
0.050379	9.935985
0.050442	9.845335
0.050504	9.715752
0.050567	9.547748
0.050630	9.341989
0.050693	9.099287
0.050756	8.820602
0.050819	8.507037
0.050882	8.159831
0.050945	7.780358
0.051008	7.370117
0.051071	6.930732
0.051133	6.463940
0.051196	5.971586
0.051259	5.455618
0.051322	4.918076
0.051385	4.361086
0.051448	3.786850
0.051511	3.197639
0.051574	2.595784
0.051637	1.983663
0.051699	1.363698
0.051762	0.738341
0.051825	0.110064
0.051888	-0.518649
0.051951	-1.145310
0.052014	-1.767443
0.052077	-2.382586
0.052140	-2.988307
0.052203	-3.582212
0.052266	-4.161950
0.052328	-4.725230
0.052391	-5.269825
0.052454	-5.793581
0.052517	-6.294426
0.052580	-6.770380
0.052643	-7.219561
0.052706	-7.640193
0.052769	-8.030612
0.052832	-8.389274
0.052894	-8.714761
0.052957	-9.005787
0.053020	-9.261199
0.053083	-9.479989
0.053146	-9.661290
0.053209	-9.804386
0.053272	-9.908712
0.053335	-9.973854
0.053398	-9.999555
0.053461	-9.985713
0.053523	-9.932384
0.053586	-9.839777
0.053649	-9.708259
0.053712	-9.538351
0.053775	-9.330724
0.053838	-9.086198
0.053901	-8.805742
0.053964	-8.490465
0.054027	-8.141612
0.054089	-7.760563
0.054152	-7.348826
0.054215	-6.908028
0.054278	-6.439913
0.054341	-5.946332
0.054404	-5.429236
0.054467	-4.890670
0.054530	-4.332765
0.054593	-3.757726
0.054656	-3.167827
0.054718	-2.565401
0.054781	-1.952831
0.054844	-1.332538
0.054907	-0.706976
0.054970	-0.078618
0.055033	0.550051
0.055096	1.176545
0.055159	1.798386
0.055222	2.413116
0.055284	3.018303
0.055347	3.611554
0.055410	4.190524
0.055473	4.752922
0.055536	5.296525
0.055599	5.819184
0.055662	6.318831
0.055725	6.793490
0.055788	7.241285
0.055851	7.660444
0.055913	8.049311
0.055976	8.406347
0.056039	8.730141
0.056102	9.019412
0.056165	9.273016
0.056228	9.489951
0.056291	9.669358
0.056354	9.810528
0.056417	9.912902
0.056479	9.976077
0.056542	9.999802
0.056605	9.983983
0.056668	9.928684
0.056731	9.834121
0.056794	9.700671
0.056857	9.528859
0.056920	9.319366
0.056983	9.073020
0.057046	8.790796
0.057108	8.473808
0.057171	8.123312
0.057234	7.740692
0.057297	7.327462
0.057360	6.885256
0.057423	6.415823
0.057486	5.921019
0.057549	5.402800
0.057612	4.863216
0.057674	4.304401
0.057737	3.728565
0.057800	3.137984
0.057863	2.534994
0.057926	1.921979
0.057989	1.301365
0.058052	0.675604
0.058115	0.047171
0.058178	-0.581448
0.058241	-1.207768
0.058303	-1.829312
0.058366	-2.443622
0.058429	-3.048269
0.058492	-3.640861
0.058555	-4.219056
0.058618	-4.780567
0.058681	-5.323173
0.058744	-5.844730
0.058807	-6.343173
0.058869	-6.816533
0.058932	-7.262937
0.058995	-7.680621
0.059058	-8.067931
0.059121	-8.423338
0.059184	-8.745435
0.059247	-9.032948
0.059310	-9.284741
0.059373	-9.499819
0.059436	-9.677329
0.059498	-9.816572
0.059561	-9.916995
0.059624	-9.978202
0.059687	-9.999951
0.059750	-9.982155
0.059813	-9.924886
0.059876	-9.828369
0.059939	-9.692986
0.060002	-9.519273
0.060064	-9.307917
0.060127	-9.059753
0.060190	-8.775762
0.060253	-8.457068
0.060316	-8.104932
0.060379	-7.720745
0.060442	-7.306026
0.060505	-6.862416
0.060568	-6.391670
0.060631	-5.895647
0.060693	-5.376311
0.060756	-4.835714
0.060819	-4.275995
0.060882	-3.699367
0.060945	-3.108109
0.061008	-2.504561
0.061071	-1.891109
0.061134	-1.270178
0.061197	-0.644225
0.061259	-0.015724
0.061322	0.612840
0.061385	1.238979
0.061448	1.860220
0.061511	2.474104
0.061574	3.078204
0.061637	3.670132
0.061700	4.247547
0.061763	4.808164
0.061826	5.349769
0.061888	5.870217
0.061951	6.367453
0.062014	6.839508
0.062077	7.284518
0.062140	7.700721
0.062203	8.086471
0.062266	8.440245
0.062329	8.760642
0.062392	9.046395
0.062454	9.296375
0.062517	9.509593
0.062580	9.685206
0.062643	9.822519
0.062706	9.920989
0.062769	9.980228
0.062832	10.000000
