0.000000	10.000000
0.006289	9.980228
0.012579	9.920989
0.018868	9.822519
0.025158	9.685206
0.031447	9.509593
0.037737	9.296375
0.044026	9.046395
0.050316	8.760642
0.056605	8.440245
0.062895	8.086471
0.069184	7.700721
0.075474	7.284518
0.081763	6.839508
0.088053	6.367453
0.094342	5.870217
0.100632	5.349769
0.106921	4.808164
0.113211	4.247547
0.119500	3.670132
0.125789	3.078204
0.132079	2.474104
0.138368	1.860220
0.144658	1.238979
0.150947	0.612840
0.157237	-0.015724
0.163526	-0.644225
0.169816	-1.270178
0.176105	-1.891109
0.182395	-2.504561
0.188684	-3.108109
0.194974	-3.699367
0.201263	-4.275995
0.207553	-4.835714
0.213842	-5.376311
0.220132	-5.895647
0.226421	-6.391670
0.232711	-6.862416
0.239000	-7.306026
0.245290	-7.720745
0.251579	-8.104932
0.257868	-8.457068
0.264158	-8.775762
0.270447	-9.059753
0.276737	-9.307917
0.283026	-9.519273
0.289316	-9.692986
0.295605	-9.828369
0.301895	-9.924886
0.308184	-9.982155
0.314474	-9.999951
0.320763	-9.978202
0.327053	-9.916995
0.333342	-9.816572
0.339632	-9.677329
0.345921	-9.499819
0.352211	-9.284741
0.358500	-9.032948
0.364790	-8.745435
0.371079	-8.423338
0.377368	-8.067931
0.383658	-7.680621
0.389947	-7.262937
0.396237	-6.816533
0.402526	-6.343173
0.408816	-5.844730
0.415105	-5.323173
0.421395	-4.780567
0.427684	-4.219056
0.433974	-3.640861
0.440263	-3.048269
0.446553	-2.443622
0.452842	-1.829312
0.459132	-1.207768
0.465421	-0.581448
0.471711	0.047171
0.478000	0.675604
0.484290	1.301365
0.490579	1.921979
0.496869	2.534994
0.503158	3.137984
0.509447	3.728565
0.515737	4.304401
0.522026	4.863216
0.528316	5.402800
0.534605	5.921019
0.540895	6.415823
0.547184	6.885256
0.553474	7.327462
0.559763	7.740692
0.566053	8.123312
0.572342	8.473808
0.578632	8.790796
0.584921	9.073020
0.591211	9.319366
0.597500	9.528859
0.603790	9.700671
0.610079	9.834121
0.616369	9.928684
0.622658	9.983983
0.628947	9.999802
0.635237	9.976077
0.641526	9.912902
0.647816	9.810528
0.654105	9.669358
0.660395	9.489951
0.666684	9.273016
0.672974	9.019412
0.679263	8.730141
0.685553	8.406347
0.691842	8.049311
0.698132	7.660444
0.704421	7.241285
0.710711	6.793490
0.717000	6.318831
0.723290	5.819184
0.729579	5.296525
0.735869	4.752922
0.742158	4.190524
0.748447	3.611554
0.754737	3.018303
0.761026	2.413116
0.767316	1.798386
0.773605	1.176545
0.779895	0.550051
0.786184	-0.078618
0.792474	-0.706976
0.798763	-1.332538
0.805053	-1.952831
0.811342	-2.565401
0.817632	-3.167827
0.823921	-3.757726
0.830211	-4.332765
0.836500	-4.890670
0.842790	-5.429236
0.849079	-5.946332
0.855369	-6.439913
0.861658	-6.908028
0.867948	-7.348826
0.874237	-7.760563
0.880526	-8.141612
0.886816	-8.490465
0.893105	-8.805742
0.899395	-9.086198
0.905684	-9.330724
0.911974	-9.538351
0.918263	-9.708259
0.924553	-9.839777
0.930842	-9.932384
0.937132	-9.985713
0.943421	-9.999555
0.949711	-9.973854
0.956000	-9.908712
0.962290	-9.804386
0.968579	-9.661290
0.974869	-9.479989
0.981158	-9.261199
0.987448	-9.005787
0.993737	-8.714761
1.000026	-8.389274
1.006316	-8.030612
1.012605	-7.640193
1.018895	-7.219561
1.025184	-6.770380
1.031474	-6.294426
1.037763	-5.793581
1.044053	-5.269825
1.050342	-4.725230
1.056632	-4.161950
1.062921	-3.582212
1.069211	-2.988307
1.075500	-2.382586
1.081790	-1.767443
1.088079	-1.145310
1.094369	-0.518649
1.100658	0.110064
1.106948	0.738341
1.113237	1.363698
1.119527	1.983663
1.125816	2.595784
1.132105	3.197639
1.138395	3.786850
1.144684	4.361086
1.150974	4.918076
1.157263	5.455618
1.163553	5.971586
1.169842	6.463940
1.176132	6.930732
1.182421	7.370117
1.188711	7.780358
1.195000	8.159831
1.201290	8.507037
1.207579	8.820602
1.213869	9.099287
1.220158	9.341989
1.226448	9.547748
1.232737	9.715752
1.239027	9.845335
1.245316	9.935985
1.251605	9.987344
1.257895	9.999209
1.264184	9.971532
1.270474	9.904424
1.276763	9.798148
1.283053	9.653127
1.289342	9.469933
1.295632	9.249290
1.301921	8.992072
1.308211	8.699295
1.314500	8.372117
1.320790	8.011832
1.327079	7.619865
1.333369	7.197766
1.339658	6.747203
1.345948	6.269959
1.352237	5.767920
1.358527	5.243073
1.364816	4.697492
1.371106	4.133335
1.377395	3.552833
1.383684	2.958282
1.389974	2.352032
1.396263	1.736482
1.402553	1.114064
1.408842	0.487241
1.415132	-0.141508
1.421421	-0.769699
1.427711	-1.394845
1.434000	-2.014476
1.440290	-2.626140
1.446579	-3.227420
1.452869	-3.815937
1.459158	-4.389364
1.465448	-4.945433
1.471737	-5.481946
1.478027	-5.996781
1.484316	-6.487902
1.490606	-6.953367
1.496895	-7.391335
1.503184	-7.800075
1.509474	-8.177970
1.515763	-8.523525
1.522053	-8.835374
1.528342	-9.112285
1.534632	-9.353161
1.540921	-9.557051
1.547211	-9.723148
1.553500	-9.850796
1.559790	-9.939489
1.566079	-9.988877
1.572369	-9.998764
1.578658	-9.969112
1.584948	-9.900037
1.591237	-9.791813
1.597527	-9.644869
1.603816	-9.459784
1.610106	-9.237290
1.616395	-8.978269
1.622684	-8.683743
1.628974	-8.354878
1.635263	-7.992974
1.641553	-7.599462
1.647842	-7.175899
1.654132	-6.723959
1.660421	-6.245429
1.666711	-5.742203
1.673000	-5.216269
1.679290	-4.669707
1.685579	-4.104680
1.691869	-3.523420
1.698158	-2.928228
1.704448	-2.321456
1.710737	-1.705504
1.717027	-1.082807
1.723316	-0.455829
1.729606	0.172952
1.735895	0.801049
1.742185	1.425978
1.748474	2.045268
1.754763	2.656471
1.761053	3.257168
1.767342	3.844985
1.773632	4.417598
1.779921	4.972741
1.786211	5.508220
1.792500	6.021917
1.798790	6.511800
1.805079	6.975933
1.811369	7.412480
1.817658	7.819715
1.823948	8.196027
1.830237	8.539929
1.836527	8.850059
1.842816	9.125193
1.849106	9.364242
1.855395	9.566260
1.861685	9.730449
1.867974	9.856159
1.874263	9.942894
1.880553	9.990310
1.886842	9.998220
1.893132	9.966593
1.899421	9.895553
1.905711	9.785382
1.912000	9.636515
1.918290	9.449541
1.924579	9.225199
1.930869	8.964377
1.937158	8.668105
1.943448	8.337556
1.949737	7.974037
1.956027	7.578985
1.962316	7.153962
1.968606	6.700649
1.974895	6.220839
1.981185	5.716428
1.987474	5.189413
1.993764	4.641876
2.000053	4.075983
2.006342	3.493972
2.012632	2.898144
2.018921	2.290856
2.025211	1.674509
2.031500	1.051539
2.037790	0.424412
2.044079	-0.204394
2.050369	-0.832391
2.056658	-1.457097
2.062948	-2.076041
2.069237	-2.686775
2.075527	-3.286885
2.081816	-3.873996
2.088106	-4.445788
2.094395	-5.000000
2.100685	-5.534439
2.106974	-6.046993
2.113264	-6.535634
2.119553	-6.998431
2.125842	-7.433552
2.132132	-7.839278
2.138421	-8.214004
2.144711	-8.556248
2.151000	-8.864657
2.157290	-9.138011
2.163579	-9.375229
2.169869	-9.575374
2.176158	-9.737653
2.182448	-9.861425
2.188737	-9.946201
2.195027	-9.991645
2.201316	-9.997577
2.207606	-9.963975
2.213895	-9.890971
2.220185	-9.778853
2.226474	-9.628065
2.232764	-9.439204
2.239053	-9.213016
2.245342	-8.950396
2.251632	-8.652381
2.257921	-8.320152
2.264211	-7.955021
2.270500	-7.558432
2.276790	-7.131953
2.283079	-6.677272
2.289369	-6.196186
2.295658	-5.690597
2.301948	-5.162506
2.308237	-4.613999
2.314527	-4.047247
2.320816	-3.464490
2.327106	-2.868032
2.333395	-2.260234
2.339685	-1.643497
2.345974	-1.020261
2.352264	-0.392991
2.358553	0.235833
2.364843	0.863725
2.371132	1.488201
2.377421	2.106793
2.383711	2.717053
2.390000	3.316568
2.396290	3.902969
2.402579	4.473935
2.408869	5.027209
2.415158	5.560604
2.421448	6.072009
2.427737	6.559404
2.434027	7.020859
2.440316	7.454550
2.446606	7.858763
2.452895	8.231899
2.459185	8.572483
2.465474	8.879167
2.471764	9.150738
2.478053	9.386124
2.484343	9.584393
2.490632	9.744761
2.496921	9.866593
2.503211	9.949409
2.509500	9.992880
2.515790	9.996836
2.522079	9.961259
2.528369	9.886291
2.534658	9.772228
2.540948	9.619521
2.547237	9.428774
2.553527	9.200742
2.559816	8.936326
2.566106	8.636572
2.572395	8.302665
2.578685	7.935926
2.584974	7.537804
2.591264	7.109875
2.597553	6.653830
2.603843	6.171472
2.610132	5.664710
2.616422	5.135547
2.622711	4.586076
2.629000	4.018470
2.635290	3.434973
2.641579	2.837892
2.647869	2.229589
2.654158	1.612469
2.660448	0.988973
2.666737	0.361566
2.673027	-0.267271
2.679316	-0.895051
2.685606	-1.519291
2.691895	-2.137524
2.698185	-2.747304
2.704474	-3.346219
2.710764	-3.931903
2.717053	-4.502037
2.723343	-5.054369
2.729632	-5.586714
2.735922	-6.096966
2.742211	-6.583108
2.748500	-7.043217
2.754790	-7.475475
2.761079	-7.878171
2.767369	-8.249713
2.773658	-8.588633
2.779948	-8.893589
2.786237	-9.163375
2.792527	-9.396926
2.798816	-9.593317
2.805106	-9.751772
2.811395	-9.871664
2.817685	-9.952519
2.823974	-9.994018
2.830264	-9.995995
2.836553	-9.958444
2.842843	-9.881513
2.849132	-9.765506
2.855422	-9.610881
2.861711	-9.418251
2.868001	-9.188378
2.874290	-8.922169
2.880579	-8.620678
2.886869	-8.285096
2.893158	-7.916752
2.899448	-7.517102
2.905737	-7.087726
2.912027	-6.630321
2.918316	-6.146698
2.924606	-5.638767
2.930895	-5.108538
2.937185	-4.558108
2.943474	-3.989654
2.949764	-3.405422
2.956053	-2.807723
2.962343	-2.198922
2.968632	-1.581425
2.974922	-0.957675
2.981211	-0.330137
2.987501	0.298706
2.993790	0.926367
3.000079	1.550366
3.006369	2.168234
3.012658	2.777527
3.018948	3.375837
3.025237	3.960798
3.031527	4.530095
3.037816	5.081479
3.044106	5.612768
3.050395	6.121862
3.056685	6.606747
3.062974	7.065506
3.069264	7.496326
3.075553	7.897501
3.081843	8.267446
3.088132	8.604698
3.094422	8.907923
3.100711	9.175922
3.107001	9.407635
3.113290	9.602147
3.119579	9.758687
3.125869	9.876637
3.132158	9.955531
3.138448	9.995056
3.144737	9.995056
3.151027	9.955531
3.157316	9.876637
3.163606	9.758687
3.169895	9.602147
3.176185	9.407635
3.182474	9.175922
3.188764	8.907923
3.195053	8.604698
3.201343	8.267446
3.207632	7.897501
3.213922	7.496326
3.220211	7.065506
3.226501	6.606747
3.232790	6.121862
3.239080	5.612768
3.245369	5.081479
3.251658	4.530095
3.257948	3.960798
3.264237	3.375837
3.270527	2.777527
3.276816	2.168234
3.283106	1.550366
3.289395	0.926367
3.295685	0.298706
3.301974	-0.330137
3.308264	-0.957675
3.314553	-1.581425
3.320843	-2.198922
3.327132	-2.807723
3.333422	-3.405422
3.339711	-3.989654
3.346001	-4.558108
3.352290	-5.108538
3.358580	-5.638767
3.364869	-6.146698
3.371158	-6.630321
3.377448	-7.087726
3.383737	-7.517102
3.390027	-7.916752
3.396316	-8.285096
3.402606	-8.620678
3.408895	-8.922169
3.415185	-9.188378
3.421474	-9.418251
3.427764	-9.610881
3.434053	-9.765506
3.440343	-9.881513
3.446632	-9.958444
3.452922	-9.995995
3.459211	-9.994018
3.465501	-9.952519
3.471790	-9.871664
3.478080	-9.751772
3.484369	-9.593317
3.490659	-9.396926
3.496948	-9.163375
3.503237	-8.893589
3.509527	-8.588633
3.515816	-8.249713
3.522106	-7.878171
3.528395	-7.475475
3.534685	-7.043217
3.540974	-6.583108
3.547264	-6.096966
3.553553	-5.586714
3.559843	-5.054369
3.566132	-4.502037
3.572422	-3.931903
3.578711	-3.346219
3.585001	-2.747304
3.591290	-2.137524
3.597580	-1.519291
3.603869	-0.895051
3.610159	-0.267271
3.616448	0.361566
3.622737	0.988973
3.629027	1.612469
3.635316	2.229589
3.641606	2.837892
3.647895	3.434973
3.654185	4.018470
3.660474	4.586076
3.666764	5.135547
3.673053	5.664710
3.679343	6.171472
3.685632	6.653830
3.691922	7.109875
3.698211	7.537804
3.704501	7.935926
3.710790	8.302665
3.717080	8.636572
3.723369	8.936326
3.729659	9.200742
3.735948	9.428774
3.742237	9.619521
3.748527	9.772228
3.754816	9.886291
3.761106	9.961259
3.767395	9.996836
3.773685	9.992880
3.779974	9.949409
3.786264	9.866593
3.792553	9.744761
3.798843	9.584393
3.805132	9.386124
3.811422	9.150738
3.817711	8.879167
3.824001	8.572483
3.830290	8.231899
3.836580	7.858763
3.842869	7.454550
3.849159	7.020859
3.855448	6.559404
3.861738	6.072009
3.868027	5.560604
3.874316	5.027209
3.880606	4.473935
3.886895	3.902969
3.893185	3.316568
3.899474	2.717053
3.905764	2.106793
3.912053	1.488201
3.918343	0.863725
3.924632	0.235833
3.930922	-0.392991
3.937211	-1.020261
3.943501	-1.643497
3.949790	-2.260234
3.956080	-2.868032
3.962369	-3.464490
3.968659	-4.047247
3.974948	-4.613999
3.981238	-5.162506
3.987527	-5.690597
3.993816	-6.196186
4.000106	-6.677272
4.006395	-7.131953
4.012685	-7.558432
4.018974	-7.955021
4.025264	-8.320152
4.031553	-8.652381
4.037843	-8.950396
4.044132	-9.213016
4.050422	-9.439204
4.056711	-9.628065
4.063001	-9.778853
4.069290	-9.890971
4.075580	-9.963975
4.081869	-9.997577
4.088159	-9.991645
4.094448	-9.946201
4.100738	-9.861425
4.107027	-9.737653
4.113317	-9.575374
4.119606	-9.375229
4.125895	-9.138011
4.132185	-8.864657
4.138474	-8.556248
4.144764	-8.214004
4.151053	-7.839278
4.157343	-7.433552
4.163632	-6.998431
4.169922	-6.535634
4.176211	-6.046993
4.182501	-5.534439
4.188790	-5.000000
4.195080	-4.445788
4.201369	-3.873996
4.207659	-3.286885
4.213948	-2.686775
4.220238	-2.076041
4.226527	-1.457097
4.232817	-0.832391
4.239106	-0.204394
4.245395	0.424412
4.251685	1.051539
4.257974	1.674509
4.264264	2.290856
4.270553	2.898144
4.276843	3.493972
4.283132	4.075983
4.289422	4.641876
4.295711	5.189413
4.302001	5.716428
4.308290	6.220839
4.314580	6.700649
4.320869	7.153962
4.327159	7.578985
4.333448	7.974037
4.339738	8.337556
4.346027	8.668105
4.352317	8.964377
4.358606	9.225199
4.364895	9.449541
4.371185	9.636515
4.377474	9.785382
4.383764	9.895553
4.390053	9.966593
4.396343	9.998220
4.402632	9.990310
4.408922	9.942894
4.415211	9.856159
4.421501	9.730449
4.427790	9.566260
4.434080	9.364242
4.440369	9.125193
4.446659	8.850059
4.452948	8.539929
4.459238	8.196027
4.465527	7.819715
4.471817	7.412480
4.478106	6.975933
4.484396	6.511800
4.490685	6.021917
4.496974	5.508220
4.503264	4.972741
4.509553	4.417598
4.515843	3.844985
4.522132	3.257168
4.528422	2.656471
4.534711	2.045268
4.541001	1.425978
4.547290	0.801049
4.553580	0.172952
4.559869	-0.455829
4.566159	-1.082807
4.572448	-1.705504
4.578738	-2.321456
4.585027	-2.928228
4.591317	-3.523420
4.597606	-4.104680
4.603896	-4.669707
4.610185	-5.216269
4.616474	-5.742203
4.622764	-6.245429
4.629053	-6.723959
4.635343	-7.175899
4.641632	-7.599462
4.647922	-7.992974
4.654211	-8.354878
4.660501	-8.683743
4.666790	-8.978269
4.673080	-9.237290
4.679369	-9.459784
4.685659	-9.644869
4.691948	-9.791813
4.698238	-9.900037
4.704527	-9.969112
4.710817	-9.998764
4.717106	-9.988877
4.723396	-9.939489
4.729685	-9.850796
4.735975	-9.723148
4.742264	-9.557051
4.748553	-9.353161
4.754843	-9.112285
4.761132	-8.835374
4.767422	-8.523525
4.773711	-8.177970
4.780001	-7.800075
4.786290	-7.391335
4.792580	-6.953367
4.798869	-6.487902
4.805159	-5.996781
4.811448	-5.481946
4.817738	-4.945433
4.824027	-4.389364
4.830317	-3.815937
4.836606	-3.227420
4.842896	-2.626140
4.849185	-2.014476
4.855475	-1.394845
4.861764	-0.769699
4.868053	-0.141508
4.874343	0.487241
4.880632	1.114064
4.886922	1.736482
4.893211	2.352032
4.899501	2.958282
4.905790	3.552833
4.912080	4.133335
4.918369	4.697492
4.924659	5.243073
4.930948	5.767920
4.937238	6.269959
4.943527	6.747203
4.949817	7.197766
4.956106	7.619865
4.962396	8.011832
4.968685	8.372117
4.974975	8.699295
4.981264	8.992072
4.987554	9.249290
4.993843	9.469933
5.000132	9.653127
5.006422	9.798148
5.012711	9.904424
5.019001	9.971532
5.025290	9.999209
5.031580	9.987344
5.037869	9.935985
5.044159	9.845335
5.050448	9.715752
5.056738	9.547748
5.063027	9.341989
5.069317	9.099287
5.075606	8.820602
5.081896	8.507037
5.088185	8.159831
5.094475	7.780358
5.100764	7.370117
5.107054	6.930732
5.113343	6.463940
5.119632	5.971586
5.125922	5.455618
5.132211	4.918076
5.138501	4.361086
5.144790	3.786850
5.151080	3.197639
5.157369	2.595784
5.163659	1.983663
5.169948	1.363698
5.176238	0.738341
5.182527	0.110064
5.188817	-0.518649
5.195106	-1.145310
5.201396	-1.767443
5.207685	-2.382586
5.213975	-2.988307
5.220264	-3.582212
5.226554	-4.161950
5.232843	-4.725230
5.239132	-5.269825
5.245422	-5.793581
5.251711	-6.294426
5.258001	-6.770380
5.264290	-7.219561
5.270580	-7.640193
5.276869	-8.030612
5.283159	-8.389274
5.289448	-8.714761
5.295738	-9.005787
5.302027	-9.261199
5.308317	-9.479989
5.314606	-9.661290
5.320896	-9.804386
5.327185	-9.908712
5.333475	-9.973854
5.339764	-9.999555
5.346054	-9.985713
5.352343	-9.932384
5.358633	-9.839777
5.364922	-9.708259
5.371211	-9.538351
5.377501	-9.330724
5.383790	-9.086198
5.390080	-8.805742
5.396369	-8.490465
5.402659	-8.141612
5.408948	-7.760563
5.415238	-7.348826
5.421527	-6.908028
5.427817	-6.439913
5.434106	-5.946332
5.440396	-5.429236
5.446685	-4.890670
5.452975	-4.332765
5.459264	-3.757726
5.465554	-3.167827
5.471843	-2.565401
5.478133	-1.952831
5.484422	-1.332538
5.490711	-0.706976
5.497001	-0.078618
5.503290	0.550051
5.509580	1.176545
5.515869	1.798386
5.522159	2.413116
5.528448	3.018303
5.534738	3.611554
5.541027	4.190524
5.547317	4.752922
5.553606	5.296525
5.559896	5.819184
5.566185	6.318831
5.572475	6.793490
5.578764	7.241285
5.585054	7.660444
5.591343	8.049311
5.597633	8.406347
5.603922	8.730141
5.610212	9.019412
5.616501	9.273016
5.622790	9.489951
5.629080	9.669358
5.635369	9.810528
5.641659	9.912902
5.647948	9.976077
5.654238	9.999802
5.660527	9.983983
5.666817	9.928684
5.673106	9.834121
5.679396	9.700671
5.685685	9.528859
5.691975	9.319366
5.698264	9.073020
5.704554	8.790796
5.710843	8.473808
5.717133	8.123312
5.723422	7.740692
5.729712	7.327462
5.736001	6.885256
5.742290	6.415823
5.748580	5.921019
5.754869	5.402800
5.761159	4.863216
5.767448	4.304401
5.773738	3.728565
5.780027	3.137984
5.786317	2.534994
5.792606	1.921979
5.798896	1.301365
5.805185	0.675604
5.811475	0.047171
5.817764	-0.581448
5.824054	-1.207768
5.830343	-1.829312
5.836633	-2.443622
5.842922	-3.048269
5.849212	-3.640861
5.855501	-4.219056
5.861790	-4.780567
5.868080	-5.323173
5.874369	-5.844730
5.880659	-6.343173
5.886948	-6.816533
5.893238	-7.262937
5.899527	-7.680621
5.905817	-8.067931
5.912106	-8.423338
5.918396	-8.745435
5.924685	-9.032948
5.930975	-9.284741
5.937264	-9.499819
5.943554	-9.677329
5.949843	-9.816572
5.956133	-9.916995
5.962422	-9.978202
5.968712	-9.999951
5.975001	-9.982155
5.981291	-9.924886
5.987580	-9.828369
5.993869	-9.692986
6.000159	-9.519273
6.006448	-9.307917
6.012738	-9.059753
6.019027	-8.775762
6.025317	-8.457068
6.031606	-8.104932
6.037896	-7.720745
6.044185	-7.306026
6.050475	-6.862416
6.056764	-6.391670
6.063054	-5.895647
6.069343	-5.376311
6.075633	-4.835714
6.081922	-4.275995
6.088212	-3.699367
6.094501	-3.108109
6.100791	-2.504561
6.107080	-1.891109
6.113369	-1.270178
6.119659	-0.644225
6.125948	-0.015724
6.132238	0.612840
6.138527	1.238979
6.144817	1.860220
6.151106	2.474104
6.157396	3.078204
6.163685	3.670132
6.169975	4.247547
6.176264	4.808164
6.182554	5.349769
6.188843	5.870217
6.195133	6.367453
6.201422	6.839508
6.207712	7.284518
6.214001	7.700721
6.220291	8.086471
6.226580	8.440245
6.232870	8.760642
6.239159	9.046395
6.245448	9.296375
6.251738	9.509593
6.258027	9.685206
6.264317	9.822519
6.270606	9.920989
6.276896	9.980228
6.283185	10.000000
