0.000000	10.000000
0.062895	9.980228
0.125789	9.920989
0.188684	9.822519
0.251579	9.685206
0.314474	9.509593
0.377368	9.296375
0.440263	9.046395
0.503158	8.760642
0.566053	8.440245
0.628947	8.086471
0.691842	7.700721
0.754737	7.284518
0.817632	6.839508
0.880526	6.367453
0.943421	5.870217
1.006316	5.349769
1.069211	4.808164
1.132105	4.247547
1.195000	3.670132
1.257895	3.078204
1.320790	2.474104
1.383684	1.860220
1.446579	1.238979
1.509474	0.612840
1.572369	-0.015724
1.635263	-0.644225
1.698158	-1.270178
1.761053	-1.891109
1.823948	-2.504561
1.886842	-3.108109
1.949737	-3.699367
2.012632	-4.275995
2.075527	-4.835714
2.138421	-5.376311
2.201316	-5.895647
2.264211	-6.391670
2.327106	-6.862416
2.390000	-7.306026
2.452895	-7.720745
2.515790	-8.104932
2.578685	-8.457068
2.641579	-8.775762
2.704474	-9.059753
2.767369	-9.307917
2.830264	-9.519273
2.893158	-9.692986
2.956053	-9.828369
3.018948	-9.924886
3.081843	-9.982155
3.144737	-9.999951
3.207632	-9.978202
3.270527	-9.916995
3.333422	-9.816572
3.396316	-9.677329
3.459211	-9.499819
3.522106	-9.284741
3.585001	-9.032948
3.647895	-8.745435
3.710790	-8.423338
3.773685	-8.067931
3.836580	-7.680621
3.899474	-7.262937
3.962369	-6.816533
4.025264	-6.343173
4.088159	-5.844730
4.151053	-5.323173
4.213948	-4.780567
4.276843	-4.219056
4.339738	-3.640861
4.402632	-3.048269
4.465527	-2.443622
4.528422	-1.829312
4.591317	-1.207768
4.654211	-0.581448
4.717106	0.047171
4.780001	0.675604
4.842896	1.301365
4.905790	1.921979
4.968685	2.534994
5.031580	3.137984
5.094475	3.728565
5.157369	4.304401
5.220264	4.863216
5.283159	5.402800
5.346054	5.921019
5.408948	6.415823
5.471843	6.885256
5.534738	7.327462
5.597633	7.740692
5.660527	8.123312
5.723422	8.473808
5.786317	8.790796
5.849212	9.073020
5.912106	9.319366
5.975001	9.528859
6.037896	9.700671
6.100791	9.834121
6.163685	9.928684
6.226580	9.983983
6.289475	9.999802
6.352370	9.976077
6.415264	9.912902
6.478159	9.810528
6.541054	9.669358
6.603949	9.489951
6.666843	9.273016
6.729738	9.019412
6.792633	8.730141
6.855528	8.406347
6.918422	8.049311
6.981317	7.660444
7.044212	7.241285
7.107107	6.793490
7.170001	6.318831
7.232896	5.819184
7.295791	5.296525
7.358685	4.752922
7.421580	4.190524
7.484475	3.611554
7.547370	3.018303
7.610264	2.413116
7.673159	1.798386
7.736054	1.176545
7.798949	0.550051
7.861843	-0.078618
7.924738	-0.706976
7.987633	-1.332538
8.050528	-1.952831
8.113422	-2.565401
8.176317	-3.167827
8.239212	-3.757726
8.302107	-4.332765
8.365001	-4.890670
8.427896	-5.429236
8.490791	-5.946332
8.553686	-6.439913
8.616580	-6.908028
8.679475	-7.348826
8.742370	-7.760563
8.805265	-8.141612
8.868159	-8.490465
8.931054	-8.805742
8.993949	-9.086198
9.056844	-9.330724
9.119738	-9.538351
9.182633	-9.708259
9.245528	-9.839777
9.308423	-9.932384
9.371317	-9.985713
9.434212	-9.999555
9.497107	-9.973854
9.560002	-9.908712
9.622896	-9.804386
9.685791	-9.661290
9.748686	-9.479989
9.811581	-9.261199
9.874475	-9.005787
9.937370	-8.714761
10.000265	-8.389274
10.063160	-8.030612
10.126054	-7.640193
10.188949	-7.219561
10.251844	-6.770380
10.314739	-6.294426
10.377633	-5.793581
10.440528	-5.269825
10.503423	-4.725230
10.566318	-4.161950
10.629212	-3.582212
10.692107	-2.988307
10.755002	-2.382586
10.817897	-1.767443
10.880791	-1.145310
10.943686	-0.518649
11.006581	0.110064
11.069476	0.738341
11.132370	1.363698
11.195265	1.983663
11.258160	2.595784
11.321055	3.197639
11.383949	3.786850
11.446844	4.361086
11.509739	4.918076
11.572634	5.455618
11.635528	5.971586
11.698423	6.463940
11.761318	6.930732
11.824213	7.370117
11.887107	7.780358
11.950002	8.159831
12.012897	8.507037
12.075792	8.820602
12.138686	9.099287
12.201581	9.341989
12.264476	9.547748
12.327371	9.715752
12.390265	9.845335
12.453160	9.935985
12.516055	9.987344
12.578950	9.999209
12.641844	9.971532
12.704739	9.904424
12.767634	9.798148
12.830529	9.653127
12.893423	9.469933
12.956318	9.249290
13.019213	8.992072
13.082108	8.699295
13.145002	8.372117
13.207897	8.011832
13.270792	7.619865
13.333687	7.197766
13.396581	6.747203
13.459476	6.269959
13.522371	5.767920
13.585266	5.243073
13.648160	4.697492
13.711055	4.133335
13.773950	3.552833
13.836845	2.958282
13.899739	2.352032
13.962634	1.736482
14.025529	1.114064
14.088424	0.487241
14.151318	-0.141508
14.214213	-0.769699
14.277108	-1.394845
14.340003	-2.014476
14.402897	-2.626140
14.465792	-3.227420
14.528687	-3.815937
14.591581	-4.389364
14.654476	-4.945433
14.717371	-5.481946
14.780266	-5.996781
14.843160	-6.487902
14.906055	-6.953367
14.968950	-7.391335
15.031845	-7.800075
15.094739	-8.177970
15.157634	-8.523525
15.220529	-8.835374
15.283424	-9.112285
15.346318	-9.353161
15.409213	-9.557051
15.472108	-9.723148
15.535003	-9.850796
15.597897	-9.939489
15.660792	-9.988877
15.723687	-9.998764
15.786582	-9.969112
15.849476	-9.900037
15.912371	-9.791813
15.975266	-9.644869
16.038161	-9.459784
16.101055	-9.237290
16.163950	-8.978269
16.226845	-8.683743
16.289740	-8.354878
16.352634	-7.992974
16.415529	-7.599462
16.478424	-7.175899
16.541319	-6.723959
16.604213	-6.245429
16.667108	-5.742203
16.730003	-5.216269
16.792898	-4.669707
16.855792	-4.104680
16.918687	-3.523420
16.981582	-2.928228
17.044477	-2.321456
17.107371	-1.705504
17.170266	-1.082807
17.233161	-0.455829
17.296056	0.172952
17.358950	0.801049
17.421845	1.425978
17.484740	2.045268
17.547635	2.656471
17.610529	3.257168
17.673424	3.844985
17.736319	4.417598
17.799214	4.972741
17.862108	5.508220
17.925003	6.021917
17.987898	6.511800
18.050793	6.975933
18.113687	7.412480
18.176582	7.819715
18.239477	8.196027
18.302372	8.539929
18.365266	8.850059
18.428161	9.125193
18.491056	9.364242
18.553951	9.566260
18.616845	9.730449
18.679740	9.856159
18.742635	9.942894
18.805530	9.990310
18.868424	9.998220
18.931319	9.966593
18.994214	9.895553
19.057109	9.785382
19.120003	9.636515
19.182898	9.449541
19.245793	9.225199
19.308688	8.964377
19.371582	8.668105
19.434477	8.337556
19.497372	7.974037
19.560267	7.578985
19.623161	7.153962
19.686056	6.700649
19.748951	6.220839
19.811846	5.716428
19.874740	5.189413
19.937635	4.641876
20.000530	4.075983
20.063425	3.493972
20.126319	2.898144
20.189214	2.290856
20.252109	1.674509
20.315004	1.051539
20.377898	0.424412
20.440793	-0.204394
20.503688	-0.832391
20.566583	-1.457097
20.629477	-2.076041
20.692372	-2.686775
20.755267	-3.286885
20.818162	-3.873996
20.881056	-4.445788
20.943951	-5.000000
21.006846	-5.534439
21.069741	-6.046993
21.132635	-6.535634
21.195530	-6.998431
21.258425	-7.433552
21.321320	-7.839278
21.384214	-8.214004
21.447109	-8.556248
21.510004	-8.864657
21.572899	-9.138011
21.635793	-9.375229
21.698688	-9.575374
21.761583	-9.737653
21.824477	-9.861425
21.887372	-9.946201
21.950267	-9.991645
22.013162	-9.997577
22.076056	-9.963975
22.138951	-9.890971
22.201846	-9.778853
22.264741	-9.628065
22.327635	-9.439204
22.390530	-9.213016
22.453425	-8.950396
22.516320	-8.652381
22.579214	-8.320152
22.642109	-7.955021
22.705004	-7.558432
22.767899	-7.131953
22.830793	-6.677272
22.893688	-6.196186
22.956583	-5.690597
23.019478	-5.162506
23.082372	-4.613999
23.145267	-4.047247
23.208162	-3.464490
23.271057	-2.868032
23.333951	-2.260234
23.396846	-1.643497
23.459741	-1.020261
23.522636	-0.392991
23.585530	0.235833
23.648425	0.863725
23.711320	1.488201
23.774215	2.106793
23.837109	2.717053
23.900004	3.316568
23.962899	3.902969
24.025794	4.473935
24.088688	5.027209
24.151583	5.560604
24.214478	6.072009
24.277373	6.559404
24.340267	7.020859
24.403162	7.454550
24.466057	7.858763
24.528952	8.231899
24.591846	8.572483
24.654741	8.879167
24.717636	9.150738
24.780531	9.386124
24.843425	9.584393
24.906320	9.744761
24.969215	9.866593
25.032110	9.949409
25.095004	9.992880
25.157899	9.996836
25.220794	9.961259
25.283689	9.886291
25.346583	9.772228
25.409478	9.619521
25.472373	9.428774
25.535268	9.200742
25.598162	8.936326
25.661057	8.636572
25.723952	8.302665
25.786847	7.935926
25.849741	7.537804
25.912636	7.109875
25.975531	6.653830
26.038426	6.171472
26.101320	5.664710
26.164215	5.135547
26.227110	4.586076
26.290005	4.018470
26.352899	3.434973
26.415794	2.837892
26.478689	2.229589
26.541584	1.612469
26.604478	0.988973
26.667373	0.361566
26.730268	-0.267271
26.793163	-0.895051
26.856057	-1.519291
26.918952	-2.137524
26.981847	-2.747304
27.044742	-3.346219
27.107636	-3.931903
27.170531	-4.502037
27.233426	-5.054369
27.296321	-5.586714
27.359215	-6.096966
27.422110	-6.583108
27.485005	-7.043217
27.547900	-7.475475
27.610794	-7.878171
27.673689	-8.249713
27.736584	-8.588633
27.799479	-8.893589
27.862373	-9.163375
27.925268	-9.396926
27.988163	-9.593317
28.051058	-9.751772
28.113952	-9.871664
28.176847	-9.952519
28.239742	-9.994018
28.302637	-9.995995
28.365531	-9.958444
28.428426	-9.881513
28.491321	-9.765506
28.554216	-9.610881
28.617110	-9.418251
28.680005	-9.188378
28.742900	-8.922169
28.805795	-8.620678
28.868689	-8.285096
28.931584	-7.916752
28.994479	-7.517102
29.057373	-7.087726
29.120268	-6.630321
29.183163	-6.146698
29.246058	-5.638767
29.308952	-5.108538
29.371847	-4.558108
29.434742	-3.989654
29.497637	-3.405422
29.560531	-2.807723
29.623426	-2.198922
29.686321	-1.581425
29.749216	-0.957675
29.812110	-0.330137
29.875005	0.298706
29.937900	0.926367
30.000795	1.550366
30.063689	2.168234
30.126584	2.777527
30.189479	3.375837
30.252374	3.960798
30.315268	4.530095
30.378163	5.081479
30.441058	5.612768
30.503953	6.121862
30.566847	6.606747
30.629742	7.065506
30.692637	7.496326
30.755532	7.897501
30.818426	8.267446
30.881321	8.604698
30.944216	8.907923
31.007111	9.175922
31.070005	9.407635
31.132900	9.602147
31.195795	9.758687
31.258690	9.876637
31.321584	9.955531
31.384479	9.995056
31.447374	9.995056
31.510269	9.955531
31.573163	9.876637
31.636058	9.758687
31.698953	9.602147
31.761848	9.407635
31.824742	9.175922
31.887637	8.907923
31.950532	8.604698
32.013427	8.267446
32.076321	7.897501
32.139216	7.496326
32.202111	7.065506
32.265006	6.606747
32.327900	6.121862
32.390795	5.612768
32.453690	5.081479
32.516585	4.530095
32.579479	3.960798
32.642374	3.375837
32.705269	2.777527
32.768164	2.168234
32.831058	1.550366
32.893953	0.926367
32.956848	0.298706
33.019743	-0.330137
33.082637	-0.957675
33.145532	-1.581425
33.208427	-2.198922
33.271322	-2.807723
33.334216	-3.405422
33.397111	-3.989654
33.460006	-4.558108
33.522901	-5.108538
33.585795	-5.638767
33.648690	-6.146698
33.711585	-6.630321
33.774480	-7.087726
33.837374	-7.517102
33.900269	-7.916752
33.963164	-8.285096
34.026059	-8.620678
34.088953	-8.922169
34.151848	-9.188378
34.214743	-9.418251
34.277638	-9.610881
34.340532	-9.765506
34.403427	-9.881513
34.466322	-9.958444
34.529217	-9.995995
34.592111	-9.994018
34.655006	-9.952519
34.717901	-9.871664
34.780796	-9.751772
34.843690	-9.593317
34.906585	-9.396926
34.969480	-9.163375
35.032375	-8.893589
35.095269	-8.588633
35.158164	-8.249713
35.221059	-7.878171
35.283954	-7.475475
35.346848	-7.043217
35.409743	-6.583108
35.472638	-6.096966
35.535533	-5.586714
35.598427	-5.054369
35.661322	-4.502037
35.724217	-3.931903
35.787112	-3.346219
35.850006	-2.747304
35.912901	-2.137524
35.975796	-1.519291
36.038691	-0.895051
36.101585	-0.267271
36.164480	0.361566
36.227375	0.988973
36.290269	1.612469
36.353164	2.229589
36.416059	2.837892
36.478954	3.434973
36.541848	4.018470
36.604743	4.586076
36.667638	5.135547
36.730533	5.664710
36.793427	6.171472
36.856322	6.653830
36.919217	7.109875
36.982112	7.537804
37.045006	7.935926
37.107901	8.302665
37.170796	8.636572
37.233691	8.936326
37.296585	9.200742
37.359480	9.428774
37.422375	9.619521
37.485270	9.772228
37.548164	9.886291
37.611059	9.961259
37.673954	9.996836
37.736849	9.992880
37.799743	9.949409
37.862638	9.866593
37.925533	9.744761
37.988428	9.584393
38.051322	9.386124
38.114217	9.150738
38.177112	8.879167
38.240007	8.572483
38.302901	8.231899
38.365796	7.858763
38.428691	7.454550
38.491586	7.020859
38.554480	6.559404
38.617375	6.072009
38.680270	5.560604
38.743165	5.027209
38.806059	4.473935
38.868954	3.902969
38.931849	3.316568
38.994744	2.717053
39.057638	2.106793
39.120533	1.488201
39.183428	0.863725
39.246323	0.235833
39.309217	-0.392991
39.372112	-1.020261
39.435007	-1.643497
39.497902	-2.260234
39.560796	-2.868032
39.623691	-3.464490
39.686586	-4.047247
39.749481	-4.613999
39.812375	-5.162506
39.875270	-5.690597
39.938165	-6.196186
40.001060	-6.677272
40.063954	-7.131953
40.126849	-7.558432
40.189744	-7.955021
40.252639	-8.320152
40.315533	-8.652381
40.378428	-8.950396
40.441323	-9.213016
40.504218	-9.439204
40.567112	-9.628065
40.630007	-9.778853
40.692902	-9.890971
40.755797	-9.963975
40.818691	-9.997577
40.881586	-9.991645
40.944481	-9.946201
41.007376	-9.861425
41.070270	-9.737653
41.133165	-9.575374
41.196060	-9.375229
41.258955	-9.138011
41.321849	-8.864657
41.384744	-8.556248
41.447639	-8.214004
41.510534	-7.839278
41.573428	-7.433552
41.636323	-6.998431
41.699218	-6.535634
41.762113	-6.046993
41.825007	-5.534439
41.887902	-5.000000
41.950797	-4.445788
42.013692	-3.873996
42.076586	-3.286885
42.139481	-2.686775
42.202376	-2.076041
42.265271	-1.457097
42.328165	-0.832391
42.391060	-0.204394
42.453955	0.424412
42.516850	1.051539
42.579744	1.674509
42.642639	2.290856
42.705534	2.898144
42.768429	3.493972
42.831323	4.075983
42.894218	4.641876
42.957113	5.189413
43.020008	5.716428
43.082902	6.220839
43.145797	6.700649
43.208692	7.153962
43.271586	7.578985
43.334481	7.974037
43.397376	8.337556
43.460271	8.668105
43.523165	8.964377
43.586060	9.225199
43.648955	9.449541
43.711850	9.636515
43.774744	9.785382
43.837639	9.895553
43.900534	9.966593
43.963429	9.998220
44.026323	9.990310
44.089218	9.942894
44.152113	9.856159
44.215008	9.730449
44.277902	9.566260
44.340797	9.364242
44.403692	9.125193
44.466587	8.850059
44.529481	8.539929
44.592376	8.196027
44.655271	7.819715
44.718166	7.412480
44.781060	6.975933
44.843955	6.511800
44.906850	6.021917
44.969745	5.508220
45.032639	4.972741
45.095534	4.417598
45.158429	3.844985
45.221324	3.257168
45.284218	2.656471
45.347113	2.045268
45.410008	1.425978
45.472903	0.801049
45.535797	0.172952
45.598692	-0.455829
45.661587	-1.082807
45.724482	-1.705504
45.787376	-2.321456
45.850271	-2.928228
45.913166	-3.523420
45.976061	-4.104680
46.038955	-4.669707
46.101850	-5.216269
46.164745	-5.742203
46.227640	-6.245429
46.290534	-6.723959
46.353429	-7.175899
46.416324	-7.599462
46.479219	-7.992974
46.542113	-8.354878
46.605008	-8.683743
46.667903	-8.978269
46.730798	-9.237290
46.793692	-9.459784
46.856587	-9.644869
46.919482	-9.791813
46.982377	-9.900037
47.045271	-9.969112
47.108166	-9.998764
47.171061	-9.988877
47.233956	-9.939489
47.296850	-9.850796
47.359745	-9.723148
47.422640	-9.557051
47.485535	-9.353161
47.548429	-9.112285
47.611324	-8.835374
47.674219	-8.523525
47.737114	-8.177970
47.800008	-7.800075
47.862903	-7.391335
47.925798	-6.953367
47.988693	-6.487902
48.051587	-5.996781
48.114482	-5.481946
48.177377	-4.945433
48.240272	-4.389364
48.303166	-3.815937
48.366061	-3.227420
48.428956	-2.626140
48.491851	-2.014476
48.554745	-1.394845
48.617640	-0.769699
48.680535	-0.141508
48.743430	0.487241
48.806324	1.114064
48.869219	1.736482
48.932114	2.352032
48.995009	2.958282
49.057903	3.552833
49.120798	4.133335
49.183693	4.697492
49.246588	5.243073
49.309482	5.767920
49.372377	6.269959
49.435272	6.747203
49.498167	7.197766
49.561061	7.619865
49.623956	8.011832
49.686851	8.372117
49.749746	8.699295
49.812640	8.992072
49.875535	9.249290
49.938430	9.469933
50.001325	9.653127
50.064219	9.798148
50.127114	9.904424
50.190009	9.971532
50.252904	9.999209
50.315798	9.987344
50.378693	9.935985
50.441588	9.845335
50.504482	9.715752
50.567377	9.547748
50.630272	9.341989
50.693167	9.099287
50.756061	8.820602
50.818956	8.507037
50.881851	8.159831
50.944746	7.780358
51.007640	7.370117
51.070535	6.930732
51.133430	6.463940
51.196325	5.971586
51.259219	5.455618
51.322114	4.918076
51.385009	4.361086
51.447904	3.786850
51.510798	3.197639
51.573693	2.595784
51.636588	1.983663
51.699483	1.363698
51.762377	0.738341
51.825272	0.110064
51.888167	-0.518649
51.951062	-1.145310
52.013956	-1.767443
52.076851	-2.382586
52.139746	-2.988307
52.202641	-3.582212
52.265535	-4.161950
52.328430	-4.725230
52.391325	-5.269825
52.454220	-5.793581
52.517114	-6.294426
52.580009	-6.770380
52.642904	-7.219561
52.705799	-7.640193
52.768693	-8.030612
52.831588	-8.389274
52.894483	-8.714761
52.957378	-9.005787
53.020272	-9.261199
53.083167	-9.479989
53.146062	-9.661290
53.208957	-9.804386
53.271851	-9.908712
53.334746	-9.973854
53.397641	-9.999555
53.460536	-9.985713
53.523430	-9.932384
53.586325	-9.839777
53.649220	-9.708259
53.712115	-9.538351
53.775009	-9.330724
53.837904	-9.086198
53.900799	-8.805742
53.963694	-8.490465
54.026588	-8.141612
54.089483	-7.760563
54.152378	-7.348826
54.215273	-6.908028
54.278167	-6.439913
54.341062	-5.946332
54.403957	-5.429236
54.466852	-4.890670
54.529746	-4.332765
54.592641	-3.757726
54.655536	-3.167827
54.718431	-2.565401
54.781325	-1.952831
54.844220	-1.332538
54.907115	-0.706976
54.970010	-0.078618
55.032904	0.550051
55.095799	1.176545
55.158694	1.798386
55.221589	2.413116
55.284483	3.018303
55.347378	3.611554
55.410273	4.190524
55.473168	4.752922
55.536062	5.296525
55.598957	5.819184
55.661852	6.318831
55.724747	6.793490
55.787641	7.241285
55.850536	7.660444
55.913431	8.049311
55.976326	8.406347
56.039220	8.730141
56.102115	9.019412
56.165010	9.273016
56.227905	9.489951
56.290799	9.669358
56.353694	9.810528
56.416589	9.912902
56.479484	9.976077
56.542378	9.999802
56.605273	9.983983
56.668168	9.928684
56.731063	9.834121
56.793957	9.700671
56.856852	9.528859
56.919747	9.319366
56.982642	9.073020
57.045536	8.790796
57.108431	8.473808
57.171326	8.123312
57.234221	7.740692
57.297115	7.327462
57.360010	6.885256
57.422905	6.415823
57.485800	5.921019
57.548694	5.402800
57.611589	4.863216
57.674484	4.304401
57.737378	3.728565
57.800273	3.137984
57.863168	2.534994
57.926063	1.921979
57.988957	1.301365
58.051852	0.675604
58.114747	0.047171
58.177642	-0.581448
58.240536	-1.207768
58.303431	-1.829312
58.366326	-2.443622
58.429221	-3.048269
58.492115	-3.640861
58.555010	-4.219056
58.617905	-4.780567
58.680800	-5.323173
58.743694	-5.844730
58.806589	-6.343173
58.869484	-6.816533
58.932379	-7.262937
58.995273	-7.680621
59.058168	-8.067931
59.121063	-8.423338
59.183958	-8.745435
59.246852	-9.032948
59.309747	-9.284741
59.372642	-9.499819
59.435537	-9.677329
59.498431	-9.816572
59.561326	-9.916995
59.624221	-9.978202
59.687116	-9.999951
59.750010	-9.982155
59.812905	-9.924886
59.875800	-9.828369
59.938695	-9.692986
60.001589	-9.519273
60.064484	-9.307917
60.127379	-9.059753
60.190274	-8.775762
60.253168	-8.457068
60.316063	-8.104932
60.378958	-7.720745
60.441853	-7.306026
60.504747	-6.862416
60.567642	-6.391670
60.630537	-5.895647
60.693432	-5.376311
60.756326	-4.835714
60.819221	-4.275995
60.882116	-3.699367
60.945011	-3.108109
61.007905	-2.504561
61.070800	-1.891109
61.133695	-1.270178
61.196590	-0.644225
61.259484	-0.015724
61.322379	0.612840
61.385274	1.238979
61.448169	1.860220
61.511063	2.474104
61.573958	3.078204
61.636853	3.670132
61.699748	4.247547
61.762642	4.808164
61.825537	5.349769
61.888432	5.870217
61.951327	6.367453
62.014221	6.839508
62.077116	7.284518
62.140011	7.700721
62.202906	8.086471
62.265800	8.440245
62.328695	8.760642
62.391590	9.046395
62.454485	9.296375
62.517379	9.509593
62.580274	9.685206
62.643169	9.822519
62.706064	9.920989
62.768958	9.980228
62.831853	10.000000
