0.000000	10.000000
0.000003	9.980228
0.000006	9.920989
0.000009	9.822519
0.000013	9.685206
0.000016	9.509593
0.000019	9.296375
0.000022	9.046395
0.000025	8.760642
0.000028	8.440245
0.000031	8.086471
0.000035	7.700721
0.000038	7.284518
0.000041	6.839508
0.000044	6.367453
0.000047	5.870217
0.000050	5.349769
0.000053	4.808164
0.000057	4.247547
0.000060	3.670132
0.000063	3.078204
0.000066	2.474104
0.000069	1.860220
0.000072	1.238979
0.000075	0.612840
0.000079	-0.015724
0.000082	-0.644225
0.000085	-1.270178
0.000088	-1.891109
0.000091	-2.504561
0.000094	-3.108109
0.000097	-3.699367
0.000101	-4.275995
0.000104	-4.835714
0.000107	-5.376311
0.000110	-5.895647
0.000113	-6.391670
0.000116	-6.862416
0.000120	-7.306026
0.000123	-7.720745
0.000126	-8.104932
0.000129	-8.457068
0.000132	-8.775762
0.000135	-9.059753
0.000138	-9.307917
0.000142	-9.519273
0.000145	-9.692986
0.000148	-9.828369
0.000151	-9.924886
0.000154	-9.982155
0.000157	-9.999951
0.000160	-9.978202
0.000164	-9.916995
0.000167	-9.816572
0.000170	-9.677329
0.000173	-9.499819
0.000176	-9.284741
0.000179	-9.032948
0.000182	-8.745435
0.000186	-8.423338
0.000189	-8.067931
0.000192	-7.680621
0.000195	-7.262937
0.000198	-6.816533
0.000201	-6.343173
0.000204	-5.844730
0.000208	-5.323173
0.000211	-4.780567
0.000214	-4.219056
0.000217	-3.640861
0.000220	-3.048269
0.000223	-2.443622
0.000226	-1.829312
0.000230	-1.207768
0.000233	-0.581448
0.000236	0.047171
0.000239	0.675604
0.000242	1.301365
0.000245	1.921979
0.000248	2.534994
0.000252	3.137984
0.000255	3.728565
0.000258	4.304401
0.000261	4.863216
0.000264	5.402800
0.000267	5.921019
0.000270	6.415823
0.000274	6.885256
0.000277	7.327462
0.000280	7.740692
0.000283	8.123312
0.000286	8.473808
0.000289	8.790796
0.000292	9.073020
0.000296	9.319366
0.000299	9.528859
0.000302	9.700671
0.000305	9.834121
0.000308	9.928684
0.000311	9.983983
0.000314	9.999802
0.000318	9.976077
0.000321	9.912902
0.000324	9.810528
0.000327	9.669358
0.000330	9.489951
0.000333	9.273016
0.000336	9.019412
0.000340	8.730141
0.000343	8.406347
0.000346	8.049311
0.000349	7.660444
0.000352	7.241285
0.000355	6.793490
0.000359	6.318831
0.000362	5.819184
0.000365	5.296525
0.000368	4.752922
0.000371	4.190524
0.000374	3.611554
0.000377	3.018303
0.000381	2.413116
0.000384	1.798386
0.000387	1.176545
0.000390	0.550051
0.000393	-0.078618
0.000396	-0.706976
0.000399	-1.332538
0.000403	-1.952831
0.000406	-2.565401
0.000409	-3.167827
0.000412	-3.757726
0.000415	-4.332765
0.000418	-4.890670
0.000421	-5.429236
0.000425	-5.946332
0.000428	-6.439913
0.000431	-6.908028
0.000434	-7.348826
0.000437	-7.760563
0.000440	-8.141612
0.000443	-8.490465
0.000447	-8.805742
0.000450	-9.086198
0.000453	-9.330724
0.000456	-9.538351
0.000459	-9.708259
0.000462	-9.839777
0.000465	-9.932384
0.000469	-9.985713
0.000472	-9.999555
0.000475	-9.973854
0.000478	-9.908712
0.000481	-9.804386
0.000484	-9.661290
0.000487	-9.479989
0.000491	-9.261199
0.000494	-9.005787
0.000497	-8.714761
0.000500	-8.389274
0.000503	-8.030612
0.000506	-7.640193
0.000509	-7.219561
0.000513	-6.770380
0.000516	-6.294426
0.000519	-5.793581
0.000522	-5.269825
0.000525	-4.725230
0.000528	-4.161950
0.000531	-3.582212
0.000535	-2.988307
0.000538	-2.382586
0.000541	-1.767443
0.000544	-1.145310
0.000547	-0.518649
0.000550	0.110064
0.000553	0.738341
0.000557	1.363698
0.000560	1.983663
0.000563	2.595784
0.000566	3.197639
0.000569	3.786850
0.000572	4.361086
0.000575	4.918076
0.000579	5.455618
0.000582	5.971586
0.000585	6.463940
0.000588	6.930732
0.000591	7.370117
0.000594	7.780358
0.000598	8.159831
0.000601	8.507037
0.000604	8.820602
0.000607	9.099287
0.000610	9.341989
0.000613	9.547748
0.000616	9.715752
0.000620	9.845335
0.000623	9.935985
0.000626	9.987344
0.000629	9.999209
0.000632	9.971532
0.000635	9.904424
0.000638	9.798148
0.000642	9.653127
0.000645	9.469933
0.000648	9.249290
0.000651	8.992072
0.000654	8.699295
0.000657	8.372117
0.000660	8.011832
0.000664	7.619865
0.000667	7.197766
0.000670	6.747203
0.000673	6.269959
0.000676	5.767920
0.000679	5.243073
0.000682	4.697492
0.000686	4.133335
0.000689	3.552833
0.000692	2.958282
0.000695	2.352032
0.000698	1.736482
0.000701	1.114064
0.000704	0.487241
0.000708	-0.141508
0.000711	-0.769699
0.000714	-1.394845
0.000717	-2.014476
0.000720	-2.626140
0.000723	-3.227420
0.000726	-3.815937
0.000730	-4.389364
0.000733	-4.945433
0.000736	-5.481946
0.000739	-5.996781
0.000742	-6.487902
0.000745	-6.953367
0.000748	-7.391335
0.000752	-7.800075
0.000755	-8.177970
0.000758	-8.523525
0.000761	-8.835374
0.000764	-9.112285
0.000767	-9.353161
0.000770	-9.557051
0.000774	-9.723148
0.000777	-9.850796
0.000780	-9.939489
0.000783	-9.988877
0.000786	-9.998764
0.000789	-9.969112
0.000792	-9.900037
0.000796	-9.791813
0.000799	-9.644869
0.000802	-9.459784
0.000805	-9.237290
0.000808	-8.978269
0.000811	-8.683743
0.000814	-8.354878
0.000818	-7.992974
0.000821	-7.599462
0.000824	-7.175899
0.000827	-6.723959
0.000830	-6.245429
0.000833	-5.742203
0.000837	-5.216269
0.000840	-4.669707
0.000843	-4.104680
0.000846	-3.523420
0.000849	-2.928228
0.000852	-2.321456
0.000855	-1.705504
0.000859	-1.082807
0.000862	-0.455829
0.000865	0.172952
0.000868	0.801049
0.000871	1.425978
0.000874	2.045268
0.000877	2.656471
0.000881	3.257168
0.000884	3.844985
0.000887	4.417598
0.000890	4.972741
0.000893	5.508220
0.000896	6.021917
0.000899	6.511800
0.000903	6.975933
0.000906	7.412480
0.000909	7.819715
0.000912	8.196027
0.000915	8.539929
0.000918	8.850059
0.000921	9.125193
0.000925	9.364242
0.000928	9.566260
0.000931	9.730449
0.000934	9.856159
0.000937	9.942894
0.000940	9.990310
0.000943	9.998220
0.000947	9.966593
0.000950	9.895553
0.000953	9.785382
0.000956	9.636515
0.000959	9.449541
0.000962	9.225199
0.000965	8.964377
0.000969	8.668105
0.000972	8.337556
0.000975	7.974037
0.000978	7.578985
0.000981	7.153962
0.000984	6.700649
0.000987	6.220839
0.000991	5.716428
0.000994	5.189413
0.000997	4.641876
0.001000	4.075983
0.001003	3.493972
0.001006	2.898144
0.001009	2.290856
0.001013	1.674509
0.001016	1.051539
0.001019	0.424412
0.001022	-0.204394
0.001025	-0.832391
0.001028	-1.457097
0.001031	-2.076041
0.001035	-2.686775
0.001038	-3.286885
0.001041	-3.873996
0.001044	-4.445788
0.001047	-5.000000
0.001050	-5.534439
0.001053	-6.046993
0.001057	-6.535634
0.001060	-6.998431
0.001063	-7.433552
0.001066	-7.839278
0.001069	-8.214004
0.001072	-8.556248
0.001076	-8.864657
0.001079	-9.138011
0.001082	-9.375229
0.001085	-9.575374
0.001088	-9.737653
0.001091	-9.861425
0.001094	-9.946201
0.001098	-9.991645
0.001101	-9.997577
0.001104	-9.963975
0.001107	-9.890971
0.001110	-9.778853
0.001113	-9.628065
0.001116	-9.439204
0.001120	-9.213016
0.001123	-8.950396
0.001126	-8.652381
0.001129	-8.320152
0.001132	-7.955021
0.001135	-7.558432
0.001138	-7.131953
0.001142	-6.677272
0.001145	-6.196186
0.001148	-5.690597
0.001151	-5.162506
0.001154	-4.613999
0.001157	-4.047247
0.001160	-3.464490
0.001164	-2.868032
0.001167	-2.260234
0.001170	-1.643497
0.001173	-1.020261
0.001176	-0.392991
0.001179	0.235833
0.001182	0.863725
0.001186	1.488201
0.001189	2.106793
0.001192	2.717053
0.001195	3.316568
0.001198	3.902969
0.001201	4.473935
0.001204	5.027209
0.001208	5.560604
0.001211	6.072009
0.001214	6.559404
0.001217	7.020859
0.001220	7.454550
0.001223	7.858763
0.001226	8.231899
0.001230	8.572483
0.001233	8.879167
0.001236	9.150738
0.001239	9.386124
0.001242	9.584393
0.001245	9.744761
0.001248	9.866593
0.001252	9.949409
0.001255	9.992880
0.001258	9.996836
0.001261	9.961259
0.001264	9.886291
0.001267	9.772228
0.001270	9.619521
0.001274	9.428774
0.001277	9.200742
0.001280	8.936326
0.001283	8.636572
0.001286	8.302665
0.001289	7.935926
0.001292	7.537804
0.001296	7.109875
0.001299	6.653830
0.001302	6.171472
0.001305	5.664710
0.001308	5.135547
0.001311	4.586076
0.001315	4.018470
0.001318	3.434973
0.001321	2.837892
0.001324	2.229589
0.001327	1.612469
0.001330	0.988973
0.001333	0.361566
0.001337	-0.267271
0.001340	-0.895051
0.001343	-1.519291
0.001346	-2.137524
0.001349	-2.747304
0.001352	-3.346219
0.001355	-3.931903
0.001359	-4.502037
0.001362	-5.054369
0.001365	-5.586714
0.001368	-6.096966
0.001371	-6.583108
0.001374	-7.043217
0.001377	-7.475475
0.001381	-7.878171
0.001384	-8.249713
0.001387	-8.588633
0.001390	-8.893589
0.001393	-9.163375
0.001396	-9.396926
0.001399	-9.593317
0.001403	-9.751772
0.001406	-9.871664
0.001409	-9.952519
0.001412	-9.994018
0.001415	-9.995995
0.001418	-9.958444
0.001421	-9.881513
0.001425	-9.765506
0.001428	-9.610881
0.001431	-9.418251
0.001434	-9.188378
0.001437	-8.922169
0.001440	-8.620678
0.001443	-8.285096
0.001447	-7.916752
0.001450	-7.517102
0.001453	-7.087726
0.001456	-6.630321
0.001459	-6.146698
0.001462	-5.638767
0.001465	-5.108538
0.001469	-4.558108
0.001472	-3.989654
0.001475	-3.405422
0.001478	-2.807723
0.001481	-2.198922
0.001484	-1.581425
0.001487	-0.957675
0.001491	-0.330137
0.001494	0.298706
0.001497	0.926367
0.001500	1.550366
0.001503	2.168234
0.001506	2.777527
0.001509	3.375837
0.001513	3.960798
0.001516	4.530095
0.001519	5.081479
0.001522	5.612768
0.001525	6.121862
0.001528	6.606747
0.001531	7.065506
0.001535	7.496326
0.001538	7.897501
0.001541	8.267446
0.001544	8.604698
0.001547	8.907923
0.001550	9.175922
0.001554	9.407635
0.001557	9.602147
0.001560	9.758687
0.001563	9.876637
0.001566	9.955531
0.001569	9.995056
0.001572	9.995056
0.001576	9.955531
0.001579	9.876637
0.001582	9.758687
0.001585	9.602147
0.001588	9.407635
0.001591	9.175922
0.001594	8.907923
0.001598	8.604698
0.001601	8.267446
0.001604	7.897501
0.001607	7.496326
0.001610	7.065506
0.001613	6.606747
0.001616	6.121862
0.001620	5.612768
0.001623	5.081479
0.001626	4.530095
0.001629	3.960798
0.001632	3.375837
0.001635	2.777527
0.001638	2.168234
0.001642	1.550366
0.001645	0.926367
0.001648	0.298706
0.001651	-0.330137
0.001654	-0.957675
0.001657	-1.581425
0.001660	-2.198922
0.001664	-2.807723
0.001667	-3.405422
0.001670	-3.989654
0.001673	-4.558108
0.001676	-5.108538
0.001679	-5.638767
0.001682	-6.146698
0.001686	-6.630321
0.001689	-7.087726
0.001692	-7.517102
0.001695	-7.916752
0.001698	-8.285096
0.001701	-8.620678
0.001704	-8.922169
0.001708	-9.188378
0.001711	-9.418251
0.001714	-9.610881
0.001717	-9.765506
0.001720	-9.881513
0.001723	-9.958444
0.001726	-9.995995
0.001730	-9.994018
0.001733	-9.952519
0.001736	-9.871664
0.001739	-9.751772
0.001742	-9.593317
0.001745	-9.396926
0.001748	-9.163375
0.001752	-8.893589
0.001755	-8.588633
0.001758	-8.249713
0.001761	-7.878171
0.001764	-7.475475
0.001767	-7.043217
0.001770	-6.583108
0.001774	-6.096966
0.001777	-5.586714
0.001780	-5.054369
0.001783	-4.502037
0.001786	-3.931903
0.001789	-3.346219
0.001793	-2.747304
0.001796	-2.137524
0.001799	-1.519291
0.001802	-0.895051
0.001805	-0.267271
0.001808	0.361566
0.001811	0.988973
0.001815	1.612469
0.001818	2.229589
0.001821	2.837892
0.001824	3.434973
0.001827	4.018470
0.001830	4.586076
0.001833	5.135547
0.001837	5.664710
0.001840	6.171472
0.001843	6.653830
0.001846	7.109875
0.001849	7.537804
0.001852	7.935926
0.001855	8.302665
0.001859	8.636572
0.001862	8.936326
0.001865	9.200742
0.001868	9.428774
0.001871	9.619521
0.001874	9.772228
0.001877	9.886291
0.001881	9.961259
0.001884	9.996836
0.001887	9.992880
0.001890	9.949409
0.001893	9.866593
0.001896	9.744761
0.001899	9.584393
0.001903	9.386124
0.001906	9.150738
0.001909	8.879167
0.001912	8.572483
0.001915	8.231899
0.001918	7.858763
0.001921	7.454550
0.001925	7.020859
0.001928	6.559404
0.001931	6.072009
0.001934	5.560604
0.001937	5.027209
0.001940	4.473935
0.001943	3.902969
0.001947	3.316568
0.001950	2.717053
0.001953	2.106793
0.001956	1.488201
0.001959	0.863725
0.001962	0.235833
0.001965	-0.392991
0.001969	-1.020261
0.001972	-1.643497
0.001975	-2.260234
0.001978	-2.868032
0.001981	-3.464490
0.001984	-4.047247
0.001987	-4.613999
0.001991	-5.162506
0.001994	-5.690597
0.001997	-6.196186
0.002000	-6.677272
0.002003	-7.131953
0.002006	-7.558432
0.002009	-7.955021
0.002013	-8.320152
0.002016	-8.652381
0.002019	-8.950396
0.002022	-9.213016
0.002025	-9.439204
0.002028	-9.628065
0.002032	-9.778853
0.002035	-9.890971
0.002038	-9.963975
0.002041	-9.997577
0.002044	-9.991645
0.002047	-9.946201
0.002050	-9.861425
0.002054	-9.737653
0.002057	-9.575374
0.002060	-9.375229
0.002063	-9.138011
0.002066	-8.864657
0.002069	-8.556248
0.002072	-8.214004
0.002076	-7.839278
0.002079	-7.433552
0.002082	-6.998431
0.002085	-6.535634
0.002088	-6.046993
0.002091	-5.534439
0.002094	-5.000000
0.002098	-4.445788
0.002101	-3.873996
0.002104	-3.286885
0.002107	-2.686775
0.002110	-2.076041
0.002113	-1.457097
0.002116	-0.832391
0.002120	-0.204394
0.002123	0.424412
0.002126	1.051539
0.002129	1.674509
0.002132	2.290856
0.002135	2.898144
0.002138	3.493972
0.002142	4.075983
0.002145	4.641876
0.002148	5.189413
0.002151	5.716428
0.002154	6.220839
0.002157	6.700649
0.002160	7.153962
0.002164	7.578985
0.002167	7.974037
0.002170	8.337556
0.002173	8.668105
0.002176	8.964377
0.002179	9.225199
0.002182	9.449541
0.002186	9.636515
0.002189	9.785382
0.002192	9.895553
0.002195	9.966593
0.002198	9.998220
0.002201	9.990310
0.002204	9.942894
0.002208	9.856159
0.002211	9.730449
0.002214	9.566260
0.002217	9.364242
0.002220	9.125193
0.002223	8.850059
0.002226	8.539929
0.002230	8.196027
0.002233	7.819715
0.002236	7.412480
0.002239	6.975933
0.002242	6.511800
0.002245	6.021917
0.002248	5.508220
0.002252	4.972741
0.002255	4.417598
0.002258	3.844985
0.002261	3.257168
0.002264	2.656471
0.002267	2.045268
0.002271	1.425978
0.002274	0.801049
0.002277	0.172952
0.002280	-0.455829
0.002283	-1.082807
0.002286	-1.705504
0.002289	-2.321456
0.002293	-2.928228
0.002296	-3.523420
0.002299	-4.104680
0.002302	-4.669707
0.002305	-5.216269
0.002308	-5.742203
0.002311	-6.245429
0.002315	-6.723959
0.002318	-7.175899
0.002321	-7.599462
0.002324	-7.992974
0.002327	-8.354878
0.002330	-8.683743
0.002333	-8.978269
0.002337	-9.237290
0.002340	-9.459784
0.002343	-9.644869
0.002346	-9.791813
0.002349	-9.900037
0.002352	-9.969112
0.002355	-9.998764
0.002359	-9.988877
0.002362	-9.939489
0.002365	-9.850796
0.002368	-9.723148
0.002371	-9.557051
0.002374	-9.353161
0.002377	-9.112285
0.002381	-8.835374
0.002384	-8.523525
0.002387	-8.177970
0.002390	-7.800075
0.002393	-7.391335
0.002396	-6.953367
0.002399	-6.487902
0.002403	-5.996781
0.002406	-5.481946
0.002409	-4.945433
0.002412	-4.389364
0.002415	-3.815937
0.002418	-3.227420
0.002421	-2.626140
0.002425	-2.014476
0.002428	-1.394845
0.002431	-0.769699
0.002434	-0.141508
0.002437	0.487241
0.002440	1.114064
0.002443	1.736482
0.002447	2.352032
0.002450	2.958282
0.002453	3.552833
0.002456	4.133335
0.002459	4.697492
0.002462	5.243073
0.002465	5.767920
0.002469	6.269959
0.002472	6.747203
0.002475	7.197766
0.002478	7.619865
0.002481	8.011832
0.002484	8.372117
0.002487	8.699295
0.002491	8.992072
0.002494	9.249290
0.002497	9.469933
0.002500	9.653127
0.002503	9.798148
0.002506	9.904424
0.002510	9.971532
0.002513	9.999209
0.002516	9.987344
0.002519	9.935985
0.002522	9.845335
0.002525	9.715752
0.002528	9.547748
0.002532	9.341989
0.002535	9.099287
0.002538	8.820602
0.002541	8.507037
0.002544	8.159831
0.002547	7.780358
0.002550	7.370117
0.002554	6.930732
0.002557	6.463940
0.002560	5.971586
0.002563	5.455618
0.002566	4.918076
0.002569	4.361086
0.002572	3.786850
0.002576	3.197639
0.002579	2.595784
0.002582	1.983663
0.002585	1.363698
0.002588	0.738341
0.002591	0.110064
0.002594	-0.518649
0.002598	-1.145310
0.002601	-1.767443
0.002604	-2.382586
0.002607	-2.988307
0.002610	-3.582212
0.002613	-4.161950
0.002616	-4.725230
0.002620	-5.269825
0.002623	-5.793581
0.002626	-6.294426
0.002629	-6.770380
0.002632	-7.219561
0.002635	-7.640193
0.002638	-8.030612
0.002642	-8.389274
0.002645	-8.714761
0.002648	-9.005787
0.002651	-9.261199
0.002654	-9.479989
0.002657	-9.661290
0.002660	-9.804386
0.002664	-9.908712
0.002667	-9.973854
0.002670	-9.999555
0.002673	-9.985713
0.002676	-9.932384
0.002679	-9.839777
0.002682	-9.708259
0.002686	-9.538351
0.002689	-9.330724
0.002692	-9.086198
0.002695	-8.805742
0.002698	-8.490465
0.002701	-8.141612
0.002704	-7.760563
0.002708	-7.348826
0.002711	-6.908028
0.002714	-6.439913
0.002717	-5.946332
0.002720	-5.429236
0.002723	-4.890670
0.002726	-4.332765
0.002730	-3.757726
0.002733	-3.167827
0.002736	-2.565401
0.002739	-1.952831
0.002742	-1.332538
0.002745	-0.706976
0.002749	-0.078618
0.002752	0.550051
0.002755	1.176545
0.002758	1.798386
0.002761	2.413116
0.002764	3.018303
0.002767	3.611554
0.002771	4.190524
0.002774	4.752922
0.002777	5.296525
0.002780	5.819184
0.002783	6.318831
0.002786	6.793490
0.002789	7.241285
0.002793	7.660444
0.002796	8.049311
0.002799	8.406347
0.002802	8.730141
0.002805	9.019412
0.002808	9.273016
0.002811	9.489951
0.002815	9.669358
0.002818	9.810528
0.002821	9.912902
0.002824	9.976077
0.002827	9.999802
0.002830	9.983983
0.002833	9.928684
0.002837	9.834121
0.002840	9.700671
0.002843	9.528859
0.002846	9.319366
0.002849	9.073020
0.002852	8.790796
0.002855	8.473808
0.002859	8.123312
0.002862	7.740692
0.002865	7.327462
0.002868	6.885256
0.002871	6.415823
0.002874	5.921019
0.002877	5.402800
0.002881	4.863216
0.002884	4.304401
0.002887	3.728565
0.002890	3.137984
0.002893	2.534994
0.002896	1.921979
0.002899	1.301365
0.002903	0.675604
0.002906	0.047171
0.002909	-0.581448
0.002912	-1.207768
0.002915	-1.829312
0.002918	-2.443622
0.002921	-3.048269
0.002925	-3.640861
0.002928	-4.219056
0.002931	-4.780567
0.002934	-5.323173
0.002937	-5.844730
0.002940	-6.343173
0.002943	-6.816533
0.002947	-7.262937
0.002950	-7.680621
0.002953	-8.067931
0.002956	-8.423338
0.002959	-8.745435
0.002962	-9.032948
0.002965	-9.284741
0.002969	-9.499819
0.002972	-9.677329
0.002975	-9.816572
0.002978	-9.916995
0.002981	-9.978202
0.002984	-9.999951
0.002988	-9.982155
0.002991	-9.924886
0.002994	-9.828369
0.002997	-9.692986
0.003000	-9.519273
0.003003	-9.307917
0.003006	-9.059753
0.003010	-8.775762
0.003013	-8.457068
0.003016	-8.104932
0.003019	-7.720745
0.003022	-7.306026
0.003025	-6.862416
0.003028	-6.391670
0.003032	-5.895647
0.003035	-5.376311
0.003038	-4.835714
0.003041	-4.275995
0.003044	-3.699367
0.003047	-3.108109
0.003050	-2.504561
0.003054	-1.891109
0.003057	-1.270178
0.003060	-0.644225
0.003063	-0.015724
0.003066	0.612840
0.003069	1.238979
0.003072	1.860220
0.003076	2.474104
0.003079	3.078204
0.003082	3.670132
0.003085	4.247547
0.003088	4.808164
0.003091	5.349769
0.003094	5.870217
0.003098	6.367453
0.003101	6.839508
0.003104	7.284518
0.003107	7.700721
0.003110	8.086471
0.003113	8.440245
0.003116	8.760642
0.003120	9.046395
0.003123	9.296375
0.003126	9.509593
0.003129	9.685206
0.003132	9.822519
0.003135	9.920989
0.003138	9.980228
0.003142	10.000000
