0.000000	10.000000
0.000031	9.980228
0.000063	9.920989
0.000094	9.822519
0.000126	9.685206
0.000157	9.509593
0.000189	9.296375
0.000220	9.046395
0.000252	8.760642
0.000283	8.440245
0.000314	8.086471
0.000346	7.700721
0.000377	7.284518
0.000409	6.839508
0.000440	6.367453
0.000472	5.870217
0.000503	5.349769
0.000535	4.808164
0.000566	4.247547
0.000598	3.670132
0.000629	3.078204
0.000660	2.474104
0.000692	1.860220
0.000723	1.238979
0.000755	0.612840
0.000786	-0.015724
0.000818	-0.644225
0.000849	-1.270178
0.000881	-1.891109
0.000912	-2.504561
0.000943	-3.108109
0.000975	-3.699367
0.001006	-4.275995
0.001038	-4.835714
0.001069	-5.376311
0.001101	-5.895647
0.001132	-6.391670
0.001164	-6.862416
0.001195	-7.306026
0.001226	-7.720745
0.001258	-8.104932
0.001289	-8.457068
0.001321	-8.775762
0.001352	-9.059753
0.001384	-9.307917
0.001415	-9.519273
0.001447	-9.692986
0.001478	-9.828369
0.001509	-9.924886
0.001541	-9.982155
0.001572	-9.999951
0.001604	-9.978202
0.001635	-9.916995
0.001667	-9.816572
0.001698	-9.677329
0.001730	-9.499819
0.001761	-9.284741
0.001793	-9.032948
0.001824	-8.745435
0.001855	-8.423338
0.001887	-8.067931
0.001918	-7.680621
0.001950	-7.262937
0.001981	-6.816533
0.002013	-6.343173
0.002044	-5.844730
0.002076	-5.323173
0.002107	-4.780567
0.002138	-4.219056
0.002170	-3.640861
0.002201	-3.048269
0.002233	-2.443622
0.002264	-1.829312
0.002296	-1.207768
0.002327	-0.581448
0.002359	0.047171
0.002390	0.675604
0.002421	1.301365
0.002453	1.921979
0.002484	2.534994
0.002516	3.137984
0.002547	3.728565
0.002579	4.304401
0.002610	4.863216
0.002642	5.402800
0.002673	5.921019
0.002704	6.415823
0.002736	6.885256
0.002767	7.327462
0.002799	7.740692
0.002830	8.123312
0.002862	8.473808
0.002893	8.790796
0.002925	9.073020
0.002956	9.319366
0.002988	9.528859
0.003019	9.700671
0.003050	9.834121
0.003082	9.928684
0.003113	9.983983
0.003145	9.999802
0.003176	9.976077
0.003208	9.912902
0.003239	9.810528
0.003271	9.669358
0.003302	9.489951
0.003333	9.273016
0.003365	9.019412
0.003396	8.730141
0.003428	8.406347
0.003459	8.049311
0.003491	7.660444
0.003522	7.241285
0.003554	6.793490
0.003585	6.318831
0.003616	5.819184
0.003648	5.296525
0.003679	4.752922
0.003711	4.190524
0.003742	3.611554
0.003774	3.018303
0.003805	2.413116
0.003837	1.798386
0.003868	1.176545
0.003899	0.550051
0.003931	-0.078618
0.003962	-0.706976
0.003994	-1.332538
0.004025	-1.952831
0.004057	-2.565401
0.004088	-3.167827
0.004120	-3.757726
0.004151	-4.332765
0.004183	-4.890670
0.004214	-5.429236
0.004245	-5.946332
0.004277	-6.439913
0.004308	-6.908028
0.004340	-7.348826
0.004371	-7.760563
0.004403	-8.141612
0.004434	-8.490465
0.004466	-8.805742
0.004497	-9.086198
0.004528	-9.330724
0.004560	-9.538351
0.004591	-9.708259
0.004623	-9.839777
0.004654	-9.932384
0.004686	-9.985713
0.004717	-9.999555
0.004749	-9.973854
0.004780	-9.908712
0.004811	-9.804386
0.004843	-9.661290
0.004874	-9.479989
0.004906	-9.261199
0.004937	-9.005787
0.004969	-8.714761
0.005000	-8.389274
0.005032	-8.030612
0.005063	-7.640193
0.005094	-7.219561
0.005126	-6.770380
0.005157	-6.294426
0.005189	-5.793581
0.005220	-5.269825
0.005252	-4.725230
0.005283	-4.161950
0.005315	-3.582212
0.005346	-2.988307
0.005378	-2.382586
0.005409	-1.767443
0.005440	-1.145310
0.005472	-0.518649
0.005503	0.110064
0.005535	0.738341
0.005566	1.363698
0.005598	1.983663
0.005629	2.595784
0.005661	3.197639
0.005692	3.786850
0.005723	4.361086
0.005755	4.918076
0.005786	5.455618
0.005818	5.971586
0.005849	6.463940
0.005881	6.930732
0.005912	7.370117
0.005944	7.780358
0.005975	8.159831
0.006006	8.507037
0.006038	8.820602
0.006069	9.099287
0.006101	9.341989
0.006132	9.547748
0.006164	9.715752
0.006195	9.845335
0.006227	9.935985
0.006258	9.987344
0.006289	9.999209
0.006321	9.971532
0.006352	9.904424
0.006384	9.798148
0.006415	9.653127
0.006447	9.469933
0.006478	9.249290
0.006510	8.992072
0.006541	8.699295
0.006573	8.372117
0.006604	8.011832
0.006635	7.619865
0.006667	7.197766
0.006698	6.747203
0.006730	6.269959
0.006761	5.767920
0.006793	5.243073
0.006824	4.697492
0.006856	4.133335
0.006887	3.552833
0.006918	2.958282
0.006950	2.352032
0.006981	1.736482
0.007013	1.114064
0.007044	0.487241
0.007076	-0.141508
0.007107	-0.769699
0.007139	-1.394845
0.007170	-2.014476
0.007201	-2.626140
0.007233	-3.227420
0.007264	-3.815937
0.007296	-4.389364
0.007327	-4.945433
0.007359	-5.481946
0.007390	-5.996781
0.007422	-6.487902
0.007453	-6.953367
0.007484	-7.391335
0.007516	-7.800075
0.007547	-8.177970
0.007579	-8.523525
0.007610	-8.835374
0.007642	-9.112285
0.007673	-9.353161
0.007705	-9.557051
0.007736	-9.723148
0.007768	-9.850796
0.007799	-9.939489
0.007830	-9.988877
0.007862	-9.998764
0.007893	-9.969112
0.007925	-9.900037
0.007956	-9.791813
0.007988	-9.644869
0.008019	-9.459784
0.008051	-9.237290
0.008082	-8.978269
0.008113	-8.683743
0.008145	-8.354878
0.008176	-7.992974
0.008208	-7.599462
0.008239	-7.175899
0.008271	-6.723959
0.008302	-6.245429
0.008334	-5.742203
0.008365	-5.216269
0.008396	-4.669707
0.008428	-4.104680
0.008459	-3.523420
0.008491	-2.928228
0.008522	-2.321456
0.008554	-1.705504
0.008585	-1.082807
0.008617	-0.455829
0.008648	0.172952
0.008679	0.801049
0.008711	1.425978
0.008742	2.045268
0.008774	2.656471
0.008805	3.257168
0.008837	3.844985
0.008868	4.417598
0.008900	4.972741
0.008931	5.508220
0.008963	6.021917
0.008994	6.511800
0.009025	6.975933
0.009057	7.412480
0.009088	7.819715
0.009120	8.196027
0.009151	8.539929
0.009183	8.850059
0.009214	9.125193
0.009246	9.364242
0.009277	9.566260
0.009308	9.730449
0.009340	9.856159
0.009371	9.942894
0.009403	9.990310
0.009434	9.998220
0.009466	9.966593
0.009497	9.895553
0.009529	9.785382
0.009560	9.636515
0.009591	9.449541
0.009623	9.225199
0.009654	8.964377
0.009686	8.668105
0.009717	8.337556
0.009749	7.974037
0.009780	7.578985
0.009812	7.153962
0.009843	6.700649
0.009874	6.220839
0.009906	5.716428
0.009937	5.189413
0.009969	4.641876
0.010000	4.075983
0.010032	3.493972
0.010063	2.898144
0.010095	2.290856
0.010126	1.674509
0.010158	1.051539
0.010189	0.424412
0.010220	-0.204394
0.010252	-0.832391
0.010283	-1.457097
0.010315	-2.076041
0.010346	-2.686775
0.010378	-3.286885
0.010409	-3.873996
0.010441	-4.445788
0.010472	-5.000000
0.010503	-5.534439
0.010535	-6.046993
0.010566	-6.535634
0.010598	-6.998431
0.010629	-7.433552
0.010661	-7.839278
0.010692	-8.214004
0.010724	-8.556248
0.010755	-8.864657
0.010786	-9.138011
0.010818	-9.375229
0.010849	-9.575374
0.010881	-9.737653
0.010912	-9.861425
0.010944	-9.946201
0.010975	-9.991645
0.011007	-9.997577
0.011038	-9.963975
0.011069	-9.890971
0.011101	-9.778853
0.011132	-9.628065
0.011164	-9.439204
0.011195	-9.213016
0.011227	-8.950396
0.011258	-8.652381
0.011290	-8.320152
0.011321	-7.955021
0.011353	-7.558432
0.011384	-7.131953
0.011415	-6.677272
0.011447	-6.196186
0.011478	-5.690597
0.011510	-5.162506
0.011541	-4.613999
0.011573	-4.047247
0.011604	-3.464490
0.011636	-2.868032
0.011667	-2.260234
0.011698	-1.643497
0.011730	-1.020261
0.011761	-0.392991
0.011793	0.235833
0.011824	0.863725
0.011856	1.488201
0.011887	2.106793
0.011919	2.717053
0.011950	3.316568
0.011981	3.902969
0.012013	4.473935
0.012044	5.027209
0.012076	5.560604
0.012107	6.072009
0.012139	6.559404
0.012170	7.020859
0.012202	7.454550
0.012233	7.858763
0.012264	8.231899
0.012296	8.572483
0.012327	8.879167
0.012359	9.150738
0.012390	9.386124
0.012422	9.584393
0.012453	9.744761
0.012485	9.866593
0.012516	9.949409
0.012548	9.992880
0.012579	9.996836
0.012610	9.961259
0.012642	9.886291
0.012673	9.772228
0.012705	9.619521
0.012736	9.428774
0.012768	9.200742
0.012799	8.936326
0.012831	8.636572
0.012862	8.302665
0.012893	7.935926
0.012925	7.537804
0.012956	7.109875
0.012988	6.653830
0.013019	6.171472
0.013051	5.664710
0.013082	5.135547
0.013114	4.586076
0.013145	4.018470
0.013176	3.434973
0.013208	2.837892
0.013239	2.229589
0.013271	1.612469
0.013302	0.988973
0.013334	0.361566
0.013365	-0.267271
0.013397	-0.895051
0.013428	-1.519291
0.013459	-2.137524
0.013491	-2.747304
0.013522	-3.346219
0.013554	-3.931903
0.013585	-4.502037
0.013617	-5.054369
0.013648	-5.586714
0.013680	-6.096966
0.013711	-6.583108
0.013743	-7.043217
0.013774	-7.475475
0.013805	-7.878171
0.013837	-8.249713
0.013868	-8.588633
0.013900	-8.893589
0.013931	-9.163375
0.013963	-9.396926
0.013994	-9.593317
0.014026	-9.751772
0.014057	-9.871664
0.014088	-9.952519
0.014120	-9.994018
0.014151	-9.995995
0.014183	-9.958444
0.014214	-9.881513
0.014246	-9.765506
0.014277	-9.610881
0.014309	-9.418251
0.014340	-9.188378
0.014371	-8.922169
0.014403	-8.620678
0.014434	-8.285096
0.014466	-7.916752
0.014497	-7.517102
0.014529	-7.087726
0.014560	-6.630321
0.014592	-6.146698
0.014623	-5.638767
0.014654	-5.108538
0.014686	-4.558108
0.014717	-3.989654
0.014749	-3.405422
0.014780	-2.807723
0.014812	-2.198922
0.014843	-1.581425
0.014875	-0.957675
0.014906	-0.330137
0.014938	0.298706
0.014969	0.926367
0.015000	1.550366
0.015032	2.168234
0.015063	2.777527
0.015095	3.375837
0.015126	3.960798
0.015158	4.530095
0.015189	5.081479
0.015221	5.612768
0.015252	6.121862
0.015283	6.606747
0.015315	7.065506
0.015346	7.496326
0.015378	7.897501
0.015409	8.267446
0.015441	8.604698
0.015472	8.907923
0.015504	9.175922
0.015535	9.407635
0.015566	9.602147
0.015598	9.758687
0.015629	9.876637
0.015661	9.955531
0.015692	9.995056
0.015724	9.995056
0.015755	9.955531
0.015787	9.876637
0.015818	9.758687
0.015849	9.602147
0.015881	9.407635
0.015912	9.175922
0.015944	8.907923
0.015975	8.604698
0.016007	8.267446
0.016038	7.897501
0.016070	7.496326
0.016101	7.065506
0.016133	6.606747
0.016164	6.121862
0.016195	5.612768
0.016227	5.081479
0.016258	4.530095
0.016290	3.960798
0.016321	3.375837
0.016353	2.777527
0.016384	2.168234
0.016416	1.550366
0.016447	0.926367
0.016478	0.298706
0.016510	-0.330137
0.016541	-0.957675
0.016573	-1.581425
0.016604	-2.198922
0.016636	-2.807723
0.016667	-3.405422
0.016699	-3.989654
0.016730	-4.558108
0.016761	-5.108538
0.016793	-5.638767
0.016824	-6.146698
0.016856	-6.630321
0.016887	-7.087726
0.016919	-7.517102
0.016950	-7.916752
0.016982	-8.285096
0.017013	-8.620678
0.017044	-8.922169
0.017076	-9.188378
0.017107	-9.418251
0.017139	-9.610881
0.017170	-9.765506
0.017202	-9.881513
0.017233	-9.958444
0.017265	-9.995995
0.017296	-9.994018
0.017328	-9.952519
0.017359	-9.871664
0.017390	-9.751772
0.017422	-9.593317
0.017453	-9.396926
0.017485	-9.163375
0.017516	-8.893589
0.017548	-8.588633
0.017579	-8.249713
0.017611	-7.878171
0.017642	-7.475475
0.017673	-7.043217
0.017705	-6.583108
0.017736	-6.096966
0.017768	-5.586714
0.017799	-5.054369
0.017831	-4.502037
0.017862	-3.931903
0.017894	-3.346219
0.017925	-2.747304
0.017956	-2.137524
0.017988	-1.519291
0.018019	-0.895051
0.018051	-0.267271
0.018082	0.361566
0.018114	0.988973
0.018145	1.612469
0.018177	2.229589
0.018208	2.837892
0.018239	3.434973
0.018271	4.018470
0.018302	4.586076
0.018334	5.135547
0.018365	5.664710
0.018397	6.171472
0.018428	6.653830
0.018460	7.109875
0.018491	7.537804
0.018523	7.935926
0.018554	8.302665
0.018585	8.636572
0.018617	8.936326
0.018648	9.200742
0.018680	9.428774
0.018711	9.619521
0.018743	9.772228
0.018774	9.886291
0.018806	9.961259
0.018837	9.996836
0.018868	9.992880
0.018900	9.949409
0.018931	9.866593
0.018963	9.744761
0.018994	9.584393
0.019026	9.386124
0.019057	9.150738
0.019089	8.879167
0.019120	8.572483
0.019151	8.231899
0.019183	7.858763
0.019214	7.454550
0.019246	7.020859
0.019277	6.559404
0.019309	6.072009
0.019340	5.560604
0.019372	5.027209
0.019403	4.473935
0.019434	3.902969
0.019466	3.316568
0.019497	2.717053
0.019529	2.106793
0.019560	1.488201
0.019592	0.863725
0.019623	0.235833
0.019655	-0.392991
0.019686	-1.020261
0.019718	-1.643497
0.019749	-2.260234
0.019780	-2.868032
0.019812	-3.464490
0.019843	-4.047247
0.019875	-4.613999
0.019906	-5.162506
0.019938	-5.690597
0.019969	-6.196186
0.020001	-6.677272
0.020032	-7.131953
0.020063	-7.558432
0.020095	-7.955021
0.020126	-8.320152
0.020158	-8.652381
0.020189	-8.950396
0.020221	-9.213016
0.020252	-9.439204
0.020284	-9.628065
0.020315	-9.778853
0.020346	-9.890971
0.020378	-9.963975
0.020409	-9.997577
0.020441	-9.991645
0.020472	-9.946201
0.020504	-9.861425
0.020535	-9.737653
0.020567	-9.575374
0.020598	-9.375229
0.020629	-9.138011
0.020661	-8.864657
0.020692	-8.556248
0.020724	-8.214004
0.020755	-7.839278
0.020787	-7.433552
0.020818	-6.998431
0.020850	-6.535634
0.020881	-6.046993
0.020913	-5.534439
0.020944	-5.000000
0.020975	-4.445788
0.021007	-3.873996
0.021038	-3.286885
0.021070	-2.686775
0.021101	-2.076041
0.021133	-1.457097
0.021164	-0.832391
0.021196	-0.204394
0.021227	0.424412
0.021258	1.051539
0.021290	1.674509
0.021321	2.290856
0.021353	2.898144
0.021384	3.493972
0.021416	4.075983
0.021447	4.641876
0.021479	5.189413
0.021510	5.716428
0.021541	6.220839
0.021573	6.700649
0.021604	7.153962
0.021636	7.578985
0.021667	7.974037
0.021699	8.337556
0.021730	8.668105
0.021762	8.964377
0.021793	9.225199
0.021824	9.449541
0.021856	9.636515
0.021887	9.785382
0.021919	9.895553
0.021950	9.966593
0.021982	9.998220
0.022013	9.990310
0.022045	9.942894
0.022076	9.856159
0.022108	9.730449
0.022139	9.566260
0.022170	9.364242
0.022202	9.125193
0.022233	8.850059
0.022265	8.539929
0.022296	8.196027
0.022328	7.819715
0.022359	7.412480
0.022391	6.975933
0.022422	6.511800
0.022453	6.021917
0.022485	5.508220
0.022516	4.972741
0.022548	4.417598
0.022579	3.844985
0.022611	3.257168
0.022642	2.656471
0.022674	2.045268
0.022705	1.425978
0.022736	0.801049
0.022768	0.172952
0.022799	-0.455829
0.022831	-1.082807
0.022862	-1.705504
0.022894	-2.321456
0.022925	-2.928228
0.022957	-3.523420
0.022988	-4.104680
0.023019	-4.669707
0.023051	-5.216269
0.023082	-5.742203
0.023114	-6.245429
0.023145	-6.723959
0.023177	-7.175899
0.023208	-7.599462
0.023240	-7.992974
0.023271	-8.354878
0.023303	-8.683743
0.023334	-8.978269
0.023365	-9.237290
0.023397	-9.459784
0.023428	-9.644869
0.023460	-9.791813
0.023491	-9.900037
0.023523	-9.969112
0.023554	-9.998764
0.023586	-9.988877
0.023617	-9.939489
0.023648	-9.850796
0.023680	-9.723148
0.023711	-9.557051
0.023743	-9.353161
0.023774	-9.112285
0.023806	-8.835374
0.023837	-8.523525
0.023869	-8.177970
0.023900	-7.800075
0.023931	-7.391335
0.023963	-6.953367
0.023994	-6.487902
0.024026	-5.996781
0.024057	-5.481946
0.024089	-4.945433
0.024120	-4.389364
0.024152	-3.815937
0.024183	-3.227420
0.024214	-2.626140
0.024246	-2.014476
0.024277	-1.394845
0.024309	-0.769699
0.024340	-0.141508
0.024372	0.487241
0.024403	1.114064
0.024435	1.736482
0.024466	2.352032
0.024498	2.958282
0.024529	3.552833
0.024560	4.133335
0.024592	4.697492
0.024623	5.243073
0.024655	5.767920
0.024686	6.269959
0.024718	6.747203
0.024749	7.197766
0.024781	7.619865
0.024812	8.011832
0.024843	8.372117
0.024875	8.699295
0.024906	8.992072
0.024938	9.249290
0.024969	9.469933
0.025001	9.653127
0.025032	9.798148
0.025064	9.904424
0.025095	9.971532
0.025126	9.999209
0.025158	9.987344
0.025189	9.935985
0.025221	9.845335
0.025252	9.715752
0.025284	9.547748
0.025315	9.341989
0.025347	9.099287
0.025378	8.820602
0.025409	8.507037
0.025441	8.159831
0.025472	7.780358
0.025504	7.370117
0.025535	6.930732
0.025567	6.463940
0.025598	5.971586
0.025630	5.455618
0.025661	4.918076
0.025693	4.361086
0.025724	3.786850
0.025755	3.197639
0.025787	2.595784
0.025818	1.983663
0.025850	1.363698
0.025881	0.738341
0.025913	0.110064
0.025944	-0.518649
0.025976	-1.145310
0.026007	-1.767443
0.026038	-2.382586
0.026070	-2.988307
0.026101	-3.582212
0.026133	-4.161950
0.026164	-4.725230
0.026196	-5.269825
0.026227	-5.793581
0.026259	-6.294426
0.026290	-6.770380
0.026321	-7.219561
0.026353	-7.640193
0.026384	-8.030612
0.026416	-8.389274
0.026447	-8.714761
0.026479	-9.005787
0.026510	-9.261199
0.026542	-9.479989
0.026573	-9.661290
0.026604	-9.804386
0.026636	-9.908712
0.026667	-9.973854
0.026699	-9.999555
0.026730	-9.985713
0.026762	-9.932384
0.026793	-9.839777
0.026825	-9.708259
0.026856	-9.538351
0.026888	-9.330724
0.026919	-9.086198
0.026950	-8.805742
0.026982	-8.490465
0.027013	-8.141612
0.027045	-7.760563
0.027076	-7.348826
0.027108	-6.908028
0.027139	-6.439913
0.027171	-5.946332
0.027202	-5.429236
0.027233	-4.890670
0.027265	-4.332765
0.027296	-3.757726
0.027328	-3.167827
0.027359	-2.565401
0.027391	-1.952831
0.027422	-1.332538
0.027454	-0.706976
0.027485	-0.078618
0.027516	0.550051
0.027548	1.176545
0.027579	1.798386
0.027611	2.413116
0.027642	3.018303
0.027674	3.611554
0.027705	4.190524
0.027737	4.752922
0.027768	5.296525
0.027799	5.819184
0.027831	6.318831
0.027862	6.793490
0.027894	7.241285
0.027925	7.660444
0.027957	8.049311
0.027988	8.406347
0.028020	8.730141
0.028051	9.019412
0.028083	9.273016
0.028114	9.489951
0.028145	9.669358
0.028177	9.810528
0.028208	9.912902
0.028240	9.976077
0.028271	9.999802
0.028303	9.983983
0.028334	9.928684
0.028366	9.834121
0.028397	9.700671
0.028428	9.528859
0.028460	9.319366
0.028491	9.073020
0.028523	8.790796
0.028554	8.473808
0.028586	8.123312
0.028617	7.740692
0.028649	7.327462
0.028680	6.885256
0.028711	6.415823
0.028743	5.921019
0.028774	5.402800
0.028806	4.863216
0.028837	4.304401
0.028869	3.728565
0.028900	3.137984
0.028932	2.534994
0.028963	1.921979
0.028994	1.301365
0.029026	0.675604
0.029057	0.047171
0.029089	-0.581448
0.029120	-1.207768
0.029152	-1.829312
0.029183	-2.443622
0.029215	-3.048269
0.029246	-3.640861
0.029278	-4.219056
0.029309	-4.780567
0.029340	-5.323173
0.029372	-5.844730
0.029403	-6.343173
0.029435	-6.816533
0.029466	-7.262937
0.029498	-7.680621
0.029529	-8.067931
0.029561	-8.423338
0.029592	-8.745435
0.029623	-9.032948
0.029655	-9.284741
0.029686	-9.499819
0.029718	-9.677329
0.029749	-9.816572
0.029781	-9.916995
0.029812	-9.978202
0.029844	-9.999951
0.029875	-9.982155
0.029906	-9.924886
0.029938	-9.828369
0.029969	-9.692986
0.030001	-9.519273
0.030032	-9.307917
0.030064	-9.059753
0.030095	-8.775762
0.030127	-8.457068
0.030158	-8.104932
0.030189	-7.720745
0.030221	-7.306026
0.030252	-6.862416
0.030284	-6.391670
0.030315	-5.895647
0.030347	-5.376311
0.030378	-4.835714
0.030410	-4.275995
0.030441	-3.699367
0.030473	-3.108109
0.030504	-2.504561
0.030535	-1.891109
0.030567	-1.270178
0.030598	-0.644225
0.030630	-0.015724
0.030661	0.612840
0.030693	1.238979
0.030724	1.860220
0.030756	2.474104
0.030787	3.078204
0.030818	3.670132
0.030850	4.247547
0.030881	4.808164
0.030913	5.349769
0.030944	5.870217
0.030976	6.367453
0.031007	6.839508
0.031039	7.284518
0.031070	7.700721
0.031101	8.086471
0.031133	8.440245
0.031164	8.760642
0.031196	9.046395
0.031227	9.296375
0.031259	9.509593
0.031290	9.685206
0.031322	9.822519
0.031353	9.920989
0.031384	9.980228
0.031416	10.000000
