0.000000	10.000000
0.000314	9.980228
0.000629	9.920989
0.000943	9.822519
0.001258	9.685206
0.001572	9.509593
0.001887	9.296375
0.002201	9.046395
0.002516	8.760642
0.002830	8.440245
0.003145	8.086471
0.003459	7.700721
0.003774	7.284518
0.004088	6.839508
0.004403	6.367453
0.004717	5.870217
0.005032	5.349769
0.005346	4.808164
0.005661	4.247547
0.005975	3.670132
0.006289	3.078204
0.006604	2.474104
0.006918	1.860220
0.007233	1.238979
0.007547	0.612840
0.007862	-0.015724
0.008176	-0.644225
0.008491	-1.270178
0.008805	-1.891109
0.009120	-2.504561
0.009434	-3.108109
0.009749	-3.699367
0.010063	-4.275995
0.010378	-4.835714
0.010692	-5.376311
0.011007	-5.895647
0.011321	-6.391670
0.011636	-6.862416
0.011950	-7.306026
0.012264	-7.720745
0.012579	-8.104932
0.012893	-8.457068
0.013208	-8.775762
0.013522	-9.059753
0.013837	-9.307917
0.014151	-9.519273
0.014466	-9.692986
0.014780	-9.828369
0.015095	-9.924886
0.015409	-9.982155
0.015724	-9.999951
0.016038	-9.978202
0.016353	-9.916995
0.016667	-9.816572
0.016982	-9.677329
0.017296	-9.499819
0.017611	-9.284741
0.017925	-9.032948
0.018239	-8.745435
0.018554	-8.423338
0.018868	-8.067931
0.019183	-7.680621
0.019497	-7.262937
0.019812	-6.816533
0.020126	-6.343173
0.020441	-5.844730
0.020755	-5.323173
0.021070	-4.780567
0.021384	-4.219056
0.021699	-3.640861
0.022013	-3.048269
0.022328	-2.443622
0.022642	-1.829312
0.022957	-1.207768
0.023271	-0.581448
0.023586	0.047171
0.023900	0.675604
0.024214	1.301365
0.024529	1.921979
0.024843	2.534994
0.025158	3.137984
0.025472	3.728565
0.025787	4.304401
0.026101	4.863216
0.026416	5.402800
0.026730	5.921019
0.027045	6.415823
0.027359	6.885256
0.027674	7.327462
0.027988	7.740692
0.028303	8.123312
0.028617	8.473808
0.028932	8.790796
0.029246	9.073020
0.029561	9.319366
0.029875	9.528859
0.030189	9.700671
0.030504	9.834121
0.030818	9.928684
0.031133	9.983983
0.031447	9.999802
0.031762	9.976077
0.032076	9.912902
0.032391	9.810528
0.032705	9.669358
0.033020	9.489951
0.033334	9.273016
0.033649	9.019412
0.033963	8.730141
0.034278	8.406347
0.034592	8.049311
0.034907	7.660444
0.035221	7.241285
0.035536	6.793490
0.035850	6.318831
0.036164	5.819184
0.036479	5.296525
0.036793	4.752922
0.037108	4.190524
0.037422	3.611554
0.037737	3.018303
0.038051	2.413116
0.038366	1.798386
0.038680	1.176545
0.038995	0.550051
0.039309	-0.078618
0.039624	-0.706976
0.039938	-1.332538
0.040253	-1.952831
0.040567	-2.565401
0.040882	-3.167827
0.041196	-3.757726
0.041511	-4.332765
0.041825	-4.890670
0.042139	-5.429236
0.042454	-5.946332
0.042768	-6.439913
0.043083	-6.908028
0.043397	-7.348826
0.043712	-7.760563
0.044026	-8.141612
0.044341	-8.490465
0.044655	-8.805742
0.044970	-9.086198
0.045284	-9.330724
0.045599	-9.538351
0.045913	-9.708259
0.046228	-9.839777
0.046542	-9.932384
0.046857	-9.985713
0.047171	-9.999555
0.047486	-9.973854
0.047800	-9.908712
0.048114	-9.804386
0.048429	-9.661290
0.048743	-9.479989
0.049058	-9.261199
0.049372	-9.005787
0.049687	-8.714761
0.050001	-8.389274
0.050316	-8.030612
0.050630	-7.640193
0.050945	-7.219561
0.051259	-6.770380
0.051574	-6.294426
0.051888	-5.793581
0.052203	-5.269825
0.052517	-4.725230
0.052832	-4.161950
0.053146	-3.582212
0.053461	-2.988307
0.053775	-2.382586
0.054089	-1.767443
0.054404	-1.145310
0.054718	-0.518649
0.055033	0.110064
0.055347	0.738341
0.055662	1.363698
0.055976	1.983663
0.056291	2.595784
0.056605	3.197639
0.056920	3.786850
0.057234	4.361086
0.057549	4.918076
0.057863	5.455618
0.058178	5.971586
0.058492	6.463940
0.058807	6.930732
0.059121	7.370117
0.059436	7.780358
0.059750	8.159831
0.060064	8.507037
0.060379	8.820602
0.060693	9.099287
0.061008	9.341989
0.061322	9.547748
0.061637	9.715752
0.061951	9.845335
0.062266	9.935985
0.062580	9.987344
0.062895	9.999209
0.063209	9.971532
0.063524	9.904424
0.063838	9.798148
0.064153	9.653127
0.064467	9.469933
0.064782	9.249290
0.065096	8.992072
0.065411	8.699295
0.065725	8.372117
0.066039	8.011832
0.066354	7.619865
0.066668	7.197766
0.066983	6.747203
0.067297	6.269959
0.067612	5.767920
0.067926	5.243073
0.068241	4.697492
0.068555	4.133335
0.068870	3.552833
0.069184	2.958282
0.069499	2.352032
0.069813	1.736482
0.070128	1.114064
0.070442	0.487241
0.070757	-0.141508
0.071071	-0.769699
0.071386	-1.394845
0.071700	-2.014476
0.072014	-2.626140
0.072329	-3.227420
0.072643	-3.815937
0.072958	-4.389364
0.073272	-4.945433
0.073587	-5.481946
0.073901	-5.996781
0.074216	-6.487902
0.074530	-6.953367
0.074845	-7.391335
0.075159	-7.800075
0.075474	-8.177970
0.075788	-8.523525
0.076103	-8.835374
0.076417	-9.112285
0.076732	-9.353161
0.077046	-9.557051
0.077361	-9.723148
0.077675	-9.850796
0.077989	-9.939489
0.078304	-9.988877
0.078618	-9.998764
0.078933	-9.969112
0.079247	-9.900037
0.079562	-9.791813
0.079876	-9.644869
0.080191	-9.459784
0.080505	-9.237290
0.080820	-8.978269
0.081134	-8.683743
0.081449	-8.354878
0.081763	-7.992974
0.082078	-7.599462
0.082392	-7.175899
0.082707	-6.723959
0.083021	-6.245429
0.083336	-5.742203
0.083650	-5.216269
0.083964	-4.669707
0.084279	-4.104680
0.084593	-3.523420
0.084908	-2.928228
0.085222	-2.321456
0.085537	-1.705504
0.085851	-1.082807
0.086166	-0.455829
0.086480	0.172952
0.086795	0.801049
0.087109	1.425978
0.087424	2.045268
0.087738	2.656471
0.088053	3.257168
0.088367	3.844985
0.088682	4.417598
0.088996	4.972741
0.089311	5.508220
0.089625	6.021917
0.089939	6.511800
0.090254	6.975933
0.090568	7.412480
0.090883	7.819715
0.091197	8.196027
0.091512	8.539929
0.091826	8.850059
0.092141	9.125193
0.092455	9.364242
0.092770	9.566260
0.093084	9.730449
0.093399	9.856159
0.093713	9.942894
0.094028	9.990310
0.094342	9.998220
0.094657	9.966593
0.094971	9.895553
0.095286	9.785382
0.095600	9.636515
0.095914	9.449541
0.096229	9.225199
0.096543	8.964377
0.096858	8.668105
0.097172	8.337556
0.097487	7.974037
0.097801	7.578985
0.098116	7.153962
0.098430	6.700649
0.098745	6.220839
0.099059	5.716428
0.099374	5.189413
0.099688	4.641876
0.100003	4.075983
0.100317	3.493972
0.100632	2.898144
0.100946	2.290856
0.101261	1.674509
0.101575	1.051539
0.101889	0.424412
0.102204	-0.204394
0.102518	-0.832391
0.102833	-1.457097
0.103147	-2.076041
0.103462	-2.686775
0.103776	-3.286885
0.104091	-3.873996
0.104405	-4.445788
0.104720	-5.000000
0.105034	-5.534439
0.105349	-6.046993
0.105663	-6.535634
0.105978	-6.998431
0.106292	-7.433552
0.106607	-7.839278
0.106921	-8.214004
0.107236	-8.556248
0.107550	-8.864657
0.107864	-9.138011
0.108179	-9.375229
0.108493	-9.575374
0.108808	-9.737653
0.109122	-9.861425
0.109437	-9.946201
0.109751	-9.991645
0.110066	-9.997577
0.110380	-9.963975
0.110695	-9.890971
0.111009	-9.778853
0.111324	-9.628065
0.111638	-9.439204
0.111953	-9.213016
0.112267	-8.950396
0.112582	-8.652381
0.112896	-8.320152
0.113211	-7.955021
0.113525	-7.558432
0.113839	-7.131953
0.114154	-6.677272
0.114468	-6.196186
0.114783	-5.690597
0.115097	-5.162506
0.115412	-4.613999
0.115726	-4.047247
0.116041	-3.464490
0.116355	-2.868032
0.116670	-2.260234
0.116984	-1.643497
0.117299	-1.020261
0.117613	-0.392991
0.117928	0.235833
0.118242	0.863725
0.118557	1.488201
0.118871	2.106793
0.119186	2.717053
0.119500	3.316568
0.119814	3.902969
0.120129	4.473935
0.120443	5.027209
0.120758	5.560604
0.121072	6.072009
0.121387	6.559404
0.121701	7.020859
0.122016	7.454550
0.122330	7.858763
0.122645	8.231899
0.122959	8.572483
0.123274	8.879167
0.123588	9.150738
0.123903	9.386124
0.124217	9.584393
0.124532	9.744761
0.124846	9.866593
0.125161	9.949409
0.125475	9.992880
0.125789	9.996836
0.126104	9.961259
0.126418	9.886291
0.126733	9.772228
0.127047	9.619521
0.127362	9.428774
0.127676	9.200742
0.127991	8.936326
0.128305	8.636572
0.128620	8.302665
0.128934	7.935926
0.129249	7.537804
0.129563	7.109875
0.129878	6.653830
0.130192	6.171472
0.130507	5.664710
0.130821	5.135547
0.131136	4.586076
0.131450	4.018470
0.131764	3.434973
0.132079	2.837892
0.132393	2.229589
0.132708	1.612469
0.133022	0.988973
0.133337	0.361566
0.133651	-0.267271
0.133966	-0.895051
0.134280	-1.519291
0.134595	-2.137524
0.134909	-2.747304
0.135224	-3.346219
0.135538	-3.931903
0.135853	-4.502037
0.136167	-5.054369
0.136482	-5.586714
0.136796	-6.096966
0.137111	-6.583108
0.137425	-7.043217
0.137739	-7.475475
0.138054	-7.878171
0.138368	-8.249713
0.138683	-8.588633
0.138997	-8.893589
0.139312	-9.163375
0.139626	-9.396926
0.139941	-9.593317
0.140255	-9.751772
0.140570	-9.871664
0.140884	-9.952519
0.141199	-9.994018
0.141513	-9.995995
0.141828	-9.958444
0.142142	-9.881513
0.142457	-9.765506
0.142771	-9.610881
0.143086	-9.418251
0.143400	-9.188378
0.143714	-8.922169
0.144029	-8.620678
0.144343	-8.285096
0.144658	-7.916752
0.144972	-7.517102
0.145287	-7.087726
0.145601	-6.630321
0.145916	-6.146698
0.146230	-5.638767
0.146545	-5.108538
0.146859	-4.558108
0.147174	-3.989654
0.147488	-3.405422
0.147803	-2.807723
0.148117	-2.198922
0.148432	-1.581425
0.148746	-0.957675
0.149061	-0.330137
0.149375	0.298706
0.149689	0.926367
0.150004	1.550366
0.150318	2.168234
0.150633	2.777527
0.150947	3.375837
0.151262	3.960798
0.151576	4.530095
0.151891	5.081479
0.152205	5.612768
0.152520	6.121862
0.152834	6.606747
0.153149	7.065506
0.153463	7.496326
0.153778	7.897501
0.154092	8.267446
0.154407	8.604698
0.154721	8.907923
0.155036	9.175922
0.155350	9.407635
0.155665	9.602147
0.155979	9.758687
0.156293	9.876637
0.156608	9.955531
0.156922	9.995056
0.157237	9.995056
0.157551	9.955531
0.157866	9.876637
0.158180	9.758687
0.158495	9.602147
0.158809	9.407635
0.159124	9.175922
0.159438	8.907923
0.159753	8.604698
0.160067	8.267446
0.160382	7.897501
0.160696	7.496326
0.161011	7.065506
0.161325	6.606747
0.161640	6.121862
0.161954	5.612768
0.162268	5.081479
0.162583	4.530095
0.162897	3.960798
0.163212	3.375837
0.163526	2.777527
0.163841	2.168234
0.164155	1.550366
0.164470	0.926367
0.164784	0.298706
0.165099	-0.330137
0.165413	-0.957675
0.165728	-1.581425
0.166042	-2.198922
0.166357	-2.807723
0.166671	-3.405422
0.166986	-3.989654
0.167300	-4.558108
0.167615	-5.108538
0.167929	-5.638767
0.168243	-6.146698
0.168558	-6.630321
0.168872	-7.087726
0.169187	-7.517102
0.169501	-7.916752
0.169816	-8.285096
0.170130	-8.620678
0.170445	-8.922169
0.170759	-9.188378
0.171074	-9.418251
0.171388	-9.610881
0.171703	-9.765506
0.172017	-9.881513
0.172332	-9.958444
0.172646	-9.995995
0.172961	-9.994018
0.173275	-9.952519
0.173590	-9.871664
0.173904	-9.751772
0.174218	-9.593317
0.174533	-9.396926
0.174847	-9.163375
0.175162	-8.893589
0.175476	-8.588633
0.175791	-8.249713
0.176105	-7.878171
0.176420	-7.475475
0.176734	-7.043217
0.177049	-6.583108
0.177363	-6.096966
0.177678	-5.586714
0.177992	-5.054369
0.178307	-4.502037
0.178621	-3.931903
0.178936	-3.346219
0.179250	-2.747304
0.179565	-2.137524
0.179879	-1.519291
0.180193	-0.895051
0.180508	-0.267271
0.180822	0.361566
0.181137	0.988973
0.181451	1.612469
0.181766	2.229589
0.182080	2.837892
0.182395	3.434973
0.182709	4.018470
0.183024	4.586076
0.183338	5.135547
0.183653	5.664710
0.183967	6.171472
0.184282	6.653830
0.184596	7.109875
0.184911	7.537804
0.185225	7.935926
0.185540	8.302665
0.185854	8.636572
0.186168	8.936326
0.186483	9.200742
0.186797	9.428774
0.187112	9.619521
0.187426	9.772228
0.187741	9.886291
0.188055	9.961259
0.188370	9.996836
0.188684	9.992880
0.188999	9.949409
0.189313	9.866593
0.189628	9.744761
0.189942	9.584393
0.190257	9.386124
0.190571	9.150738
0.190886	8.879167
0.191200	8.572483
0.191515	8.231899
0.191829	7.858763
0.192143	7.454550
0.192458	7.020859
0.192772	6.559404
0.193087	6.072009
0.193401	5.560604
0.193716	5.027209
0.194030	4.473935
0.194345	3.902969
0.194659	3.316568
0.194974	2.717053
0.195288	2.106793
0.195603	1.488201
0.195917	0.863725
0.196232	0.235833
0.196546	-0.392991
0.196861	-1.020261
0.197175	-1.643497
0.197490	-2.260234
0.197804	-2.868032
0.198118	-3.464490
0.198433	-4.047247
0.198747	-4.613999
0.199062	-5.162506
0.199376	-5.690597
0.199691	-6.196186
0.200005	-6.677272
0.200320	-7.131953
0.200634	-7.558432
0.200949	-7.955021
0.201263	-8.320152
0.201578	-8.652381
0.201892	-8.950396
0.202207	-9.213016
0.202521	-9.439204
0.202836	-9.628065
0.203150	-9.778853
0.203465	-9.890971
0.203779	-9.963975
0.204093	-9.997577
0.204408	-9.991645
0.204722	-9.946201
0.205037	-9.861425
0.205351	-9.737653
0.205666	-9.575374
0.205980	-9.375229
0.206295	-9.138011
0.206609	-8.864657
0.206924	-8.556248
0.207238	-8.214004
0.207553	-7.839278
0.207867	-7.433552
0.208182	-6.998431
0.208496	-6.535634
0.208811	-6.046993
0.209125	-5.534439
0.209440	-5.000000
0.209754	-4.445788
0.210068	-3.873996
0.210383	-3.286885
0.210697	-2.686775
0.211012	-2.076041
0.211326	-1.457097
0.211641	-0.832391
0.211955	-0.204394
0.212270	0.424412
0.212584	1.051539
0.212899	1.674509
0.213213	2.290856
0.213528	2.898144
0.213842	3.493972
0.214157	4.075983
0.214471	4.641876
0.214786	5.189413
0.215100	5.716428
0.215415	6.220839
0.215729	6.700649
0.216043	7.153962
0.216358	7.578985
0.216672	7.974037
0.216987	8.337556
0.217301	8.668105
0.217616	8.964377
0.217930	9.225199
0.218245	9.449541
0.218559	9.636515
0.218874	9.785382
0.219188	9.895553
0.219503	9.966593
0.219817	9.998220
0.220132	9.990310
0.220446	9.942894
0.220761	9.856159
0.221075	9.730449
0.221390	9.566260
0.221704	9.364242
0.222018	9.125193
0.222333	8.850059
0.222647	8.539929
0.222962	8.196027
0.223276	7.819715
0.223591	7.412480
0.223905	6.975933
0.224220	6.511800
0.224534	6.021917
0.224849	5.508220
0.225163	4.972741
0.225478	4.417598
0.225792	3.844985
0.226107	3.257168
0.226421	2.656471
0.226736	2.045268
0.227050	1.425978
0.227365	0.801049
0.227679	0.172952
0.227993	-0.455829
0.228308	-1.082807
0.228622	-1.705504
0.228937	-2.321456
0.229251	-2.928228
0.229566	-3.523420
0.229880	-4.104680
0.230195	-4.669707
0.230509	-5.216269
0.230824	-5.742203
0.231138	-6.245429
0.231453	-6.723959
0.231767	-7.175899
0.232082	-7.599462
0.232396	-7.992974
0.232711	-8.354878
0.233025	-8.683743
0.233340	-8.978269
0.233654	-9.237290
0.233968	-9.459784
0.234283	-9.644869
0.234597	-9.791813
0.234912	-9.900037
0.235226	-9.969112
0.235541	-9.998764
0.235855	-9.988877
0.236170	-9.939489
0.236484	-9.850796
0.236799	-9.723148
0.237113	-9.557051
0.237428	-9.353161
0.237742	-9.112285
0.238057	-8.835374
0.238371	-8.523525
0.238686	-8.177970
0.239000	-7.800075
0.239315	-7.391335
0.239629	-6.953367
0.239943	-6.487902
0.240258	-5.996781
0.240572	-5.481946
0.240887	-4.945433
0.241201	-4.389364
0.241516	-3.815937
0.241830	-3.227420
0.242145	-2.626140
0.242459	-2.014476
0.242774	-1.394845
0.243088	-0.769699
0.243403	-0.141508
0.243717	0.487241
0.244032	1.114064
0.244346	1.736482
0.244661	2.352032
0.244975	2.958282
0.245290	3.552833
0.245604	4.133335
0.245918	4.697492
0.246233	5.243073
0.246547	5.767920
0.246862	6.269959
0.247176	6.747203
0.247491	7.197766
0.247805	7.619865
0.248120	8.011832
0.248434	8.372117
0.248749	8.699295
0.249063	8.992072
0.249378	9.249290
0.249692	9.469933
0.250007	9.653127
0.250321	9.798148
0.250636	9.904424
0.250950	9.971532
0.251265	9.999209
0.251579	9.987344
0.251893	9.935985
0.252208	9.845335
0.252522	9.715752
0.252837	9.547748
0.253151	9.341989
0.253466	9.099287
0.253780	8.820602
0.254095	8.507037
0.254409	8.159831
0.254724	7.780358
0.255038	7.370117
0.255353	6.930732
0.255667	6.463940
0.255982	5.971586
0.256296	5.455618
0.256611	4.918076
0.256925	4.361086
0.257240	3.786850
0.257554	3.197639
0.257868	2.595784
0.258183	1.983663
0.258497	1.363698
0.258812	0.738341
0.259126	0.110064
0.259441	-0.518649
0.259755	-1.145310
0.260070	-1.767443
0.260384	-2.382586
0.260699	-2.988307
0.261013	-3.582212
0.261328	-4.161950
0.261642	-4.725230
0.261957	-5.269825
0.262271	-5.793581
0.262586	-6.294426
0.262900	-6.770380
0.263215	-7.219561
0.263529	-7.640193
0.263843	-8.030612
0.264158	-8.389274
0.264472	-8.714761
0.264787	-9.005787
0.265101	-9.261199
0.265416	-9.479989
0.265730	-9.661290
0.266045	-9.804386
0.266359	-9.908712
0.266674	-9.973854
0.266988	-9.999555
0.267303	-9.985713
0.267617	-9.932384
0.267932	-9.839777
0.268246	-9.708259
0.268561	-9.538351
0.268875	-9.330724
0.269190	-9.086198
0.269504	-8.805742
0.269818	-8.490465
0.270133	-8.141612
0.270447	-7.760563
0.270762	-7.348826
0.271076	-6.908028
0.271391	-6.439913
0.271705	-5.946332
0.272020	-5.429236
0.272334	-4.890670
0.272649	-4.332765
0.272963	-3.757726
0.273278	-3.167827
0.273592	-2.565401
0.273907	-1.952831
0.274221	-1.332538
0.274536	-0.706976
0.274850	-0.078618
0.275165	0.550051
0.275479	1.176545
0.275793	1.798386
0.276108	2.413116
0.276422	3.018303
0.276737	3.611554
0.277051	4.190524
0.277366	4.752922
0.277680	5.296525
0.277995	5.819184
0.278309	6.318831
0.278624	6.793490
0.278938	7.241285
0.279253	7.660444
0.279567	8.049311
0.279882	8.406347
0.280196	8.730141
0.280511	9.019412
0.280825	9.273016
0.281140	9.489951
0.281454	9.669358
0.281768	9.810528
0.282083	9.912902
0.282397	9.976077
0.282712	9.999802
0.283026	9.983983
0.283341	9.928684
0.283655	9.834121
0.283970	9.700671
0.284284	9.528859
0.284599	9.319366
0.284913	9.073020
0.285228	8.790796
0.285542	8.473808
0.285857	8.123312
0.286171	7.740692
0.286486	7.327462
0.286800	6.885256
0.287115	6.415823
0.287429	5.921019
0.287743	5.402800
0.288058	4.863216
0.288372	4.304401
0.288687	3.728565
0.289001	3.137984
0.289316	2.534994
0.289630	1.921979
0.289945	1.301365
0.290259	0.675604
0.290574	0.047171
0.290888	-0.581448
0.291203	-1.207768
0.291517	-1.829312
0.291832	-2.443622
0.292146	-3.048269
0.292461	-3.640861
0.292775	-4.219056
0.293090	-4.780567
0.293404	-5.323173
0.293718	-5.844730
0.294033	-6.343173
0.294347	-6.816533
0.294662	-7.262937
0.294976	-7.680621
0.295291	-8.067931
0.295605	-8.423338
0.295920	-8.745435
0.296234	-9.032948
0.296549	-9.284741
0.296863	-9.499819
0.297178	-9.677329
0.297492	-9.816572
0.297807	-9.916995
0.298121	-9.978202
0.298436	-9.999951
0.298750	-9.982155
0.299065	-9.924886
0.299379	-9.828369
0.299693	-9.692986
0.300008	-9.519273
0.300322	-9.307917
0.300637	-9.059753
0.300951	-8.775762
0.301266	-8.457068
0.301580	-8.104932
0.301895	-7.720745
0.302209	-7.306026
0.302524	-6.862416
0.302838	-6.391670
0.303153	-5.895647
0.303467	-5.376311
0.303782	-4.835714
0.304096	-4.275995
0.304411	-3.699367
0.304725	-3.108109
0.305040	-2.504561
0.305354	-1.891109
0.305668	-1.270178
0.305983	-0.644225
0.306297	-0.015724
0.306612	0.612840
0.306926	1.238979
0.307241	1.860220
0.307555	2.474104
0.307870	3.078204
0.308184	3.670132
0.308499	4.247547
0.308813	4.808164
0.309128	5.349769
0.309442	5.870217
0.309757	6.367453
0.310071	6.839508
0.310386	7.284518
0.310700	7.700721
0.311015	8.086471
0.311329	8.440245
0.311643	8.760642
0.311958	9.046395
0.312272	9.296375
0.312587	9.509593
0.312901	9.685206
0.313216	9.822519
0.313530	9.920989
0.313845	9.980228
0.314159	10.000000
