0.000000	10.000000
0.031447	9.980228
0.062895	9.920989
0.094342	9.822519
0.125789	9.685206
0.157237	9.509593
0.188684	9.296375
0.220132	9.046395
0.251579	8.760642
0.283026	8.440245
0.314474	8.086471
0.345921	7.700721
0.377368	7.284518
0.408816	6.839508
0.440263	6.367453
0.471711	5.870217
0.503158	5.349769
0.534605	4.808164
0.566053	4.247547
0.597500	3.670132
0.628947	3.078204
0.660395	2.474104
0.691842	1.860220
0.723290	1.238979
0.754737	0.612840
0.786184	-0.015724
0.817632	-0.644225
0.849079	-1.270178
0.880526	-1.891109
0.911974	-2.504561
0.943421	-3.108109
0.974869	-3.699367
1.006316	-4.275995
1.037763	-4.835714
1.069211	-5.376311
1.100658	-5.895647
1.132105	-6.391670
1.163553	-6.862416
1.195000	-7.306026
1.226448	-7.720745
1.257895	-8.104932
1.289342	-8.457068
1.320790	-8.775762
1.352237	-9.059753
1.383684	-9.307917
1.415132	-9.519273
1.446579	-9.692986
1.478027	-9.828369
1.509474	-9.924886
1.540921	-9.982155
1.572369	-9.999951
1.603816	-9.978202
1.635263	-9.916995
1.666711	-9.816572
1.698158	-9.677329
1.729606	-9.499819
1.761053	-9.284741
1.792500	-9.032948
1.823948	-8.745435
1.855395	-8.423338
1.886842	-8.067931
1.918290	-7.680621
1.949737	-7.262937
1.981185	-6.816533
2.012632	-6.343173
2.044079	-5.844730
2.075527	-5.323173
2.106974	-4.780567
2.138421	-4.219056
2.169869	-3.640861
2.201316	-3.048269
2.232764	-2.443622
2.264211	-1.829312
2.295658	-1.207768
2.327106	-0.581448
2.358553	0.047171
2.390000	0.675604
2.421448	1.301365
2.452895	1.921979
2.484343	2.534994
2.515790	3.137984
2.547237	3.728565
2.578685	4.304401
2.610132	4.863216
2.641579	5.402800
2.673027	5.921019
2.704474	6.415823
2.735922	6.885256
2.767369	7.327462
2.798816	7.740692
2.830264	8.123312
2.861711	8.473808
2.893158	8.790796
2.924606	9.073020
2.956053	9.319366
2.987501	9.528859
3.018948	9.700671
3.050395	9.834121
3.081843	9.928684
3.113290	9.983983
3.144737	9.999802
3.176185	9.976077
3.207632	9.912902
3.239080	9.810528
3.270527	9.669358
3.301974	9.489951
3.333422	9.273016
3.364869	9.019412
3.396316	8.730141
3.427764	8.406347
3.459211	8.049311
3.490659	7.660444
3.522106	7.241285
3.553553	6.793490
3.585001	6.318831
3.616448	5.819184
3.647895	5.296525
3.679343	4.752922
3.710790	4.190524
3.742237	3.611554
3.773685	3.018303
3.805132	2.413116
3.836580	1.798386
3.868027	1.176545
3.899474	0.550051
3.930922	-0.078618
3.962369	-0.706976
3.993816	-1.332538
4.025264	-1.952831
4.056711	-2.565401
4.088159	-3.167827
4.119606	-3.757726
4.151053	-4.332765
4.182501	-4.890670
4.213948	-5.429236
4.245395	-5.946332
4.276843	-6.439913
4.308290	-6.908028
4.339738	-7.348826
4.371185	-7.760563
4.402632	-8.141612
4.434080	-8.490465
4.465527	-8.805742
4.496974	-9.086198
4.528422	-9.330724
4.559869	-9.538351
4.591317	-9.708259
4.622764	-9.839777
4.654211	-9.932384
4.685659	-9.985713
4.717106	-9.999555
4.748553	-9.973854
4.780001	-9.908712
4.811448	-9.804386
4.842896	-9.661290
4.874343	-9.479989
4.905790	-9.261199
4.937238	-9.005787
4.968685	-8.714761
5.000132	-8.389274
5.031580	-8.030612
5.063027	-7.640193
5.094475	-7.219561
5.125922	-6.770380
5.157369	-6.294426
5.188817	-5.793581
5.220264	-5.269825
5.251711	-4.725230
5.283159	-4.161950
5.314606	-3.582212
5.346054	-2.988307
5.377501	-2.382586
5.408948	-1.767443
5.440396	-1.145310
5.471843	-0.518649
5.503290	0.110064
5.534738	0.738341
5.566185	1.363698
5.597633	1.983663
5.629080	2.595784
5.660527	3.197639
5.691975	3.786850
5.723422	4.361086
5.754869	4.918076
5.786317	5.455618
5.817764	5.971586
5.849212	6.463940
5.880659	6.930732
5.912106	7.370117
5.943554	7.780358
5.975001	8.159831
6.006448	8.507037
6.037896	8.820602
6.069343	9.099287
6.100791	9.341989
6.132238	9.547748
6.163685	9.715752
6.195133	9.845335
6.226580	9.935985
6.258027	9.987344
6.289475	9.999209
6.320922	9.971532
6.352370	9.904424
6.383817	9.798148
6.415264	9.653127
6.446712	9.469933
6.478159	9.249290
6.509606	8.992072
6.541054	8.699295
6.572501	8.372117
6.603949	8.011832
6.635396	7.619865
6.666843	7.197766
6.698291	6.747203
6.729738	6.269959
6.761185	5.767920
6.792633	5.243073
6.824080	4.697492
6.855528	4.133335
6.886975	3.552833
6.918422	2.958282
6.949870	2.352032
6.981317	1.736482
7.012764	1.114064
7.044212	0.487241
7.075659	-0.141508
7.107107	-0.769699
7.138554	-1.394845
7.170001	-2.014476
7.201449	-2.626140
7.232896	-3.227420
7.264343	-3.815937
7.295791	-4.389364
7.327238	-4.945433
7.358685	-5.481946
7.390133	-5.996781
7.421580	-6.487902
7.453028	-6.953367
7.484475	-7.391335
7.515922	-7.800075
7.547370	-8.177970
7.578817	-8.523525
7.610264	-8.835374
7.641712	-9.112285
7.673159	-9.353161
7.704607	-9.557051
7.736054	-9.723148
7.767501	-9.850796
7.798949	-9.939489
7.830396	-9.988877
7.861843	-9.998764
7.893291	-9.969112
7.924738	-9.900037
7.956186	-9.791813
7.987633	-9.644869
8.019080	-9.459784
8.050528	-9.237290
8.081975	-8.978269
8.113422	-8.683743
8.144870	-8.354878
8.176317	-7.992974
8.207765	-7.599462
8.239212	-7.175899
8.270659	-6.723959
8.302107	-6.245429
8.333554	-5.742203
8.365001	-5.216269
8.396449	-4.669707
8.427896	-4.104680
8.459344	-3.523420
8.490791	-2.928228
8.522238	-2.321456
8.553686	-1.705504
8.585133	-1.082807
8.616580	-0.455829
8.648028	0.172952
8.679475	0.801049
8.710923	1.425978
8.742370	2.045268
8.773817	2.656471
8.805265	3.257168
8.836712	3.844985
8.868159	4.417598
8.899607	4.972741
8.931054	5.508220
8.962502	6.021917
8.993949	6.511800
9.025396	6.975933
9.056844	7.412480
9.088291	7.819715
9.119738	8.196027
9.151186	8.539929
9.182633	8.850059
9.214081	9.125193
9.245528	9.364242
9.276975	9.566260
9.308423	9.730449
9.339870	9.856159
9.371317	9.942894
9.402765	9.990310
9.434212	9.998220
9.465660	9.966593
9.497107	9.895553
9.528554	9.785382
9.560002	9.636515
9.591449	9.449541
9.622896	9.225199
9.654344	8.964377
9.685791	8.668105
9.717239	8.337556
9.748686	7.974037
9.780133	7.578985
9.811581	7.153962
9.843028	6.700649
9.874475	6.220839
9.905923	5.716428
9.937370	5.189413
9.968818	4.641876
10.000265	4.075983
10.031712	3.493972
10.063160	2.898144
10.094607	2.290856
10.126054	1.674509
10.157502	1.051539
10.188949	0.424412
10.220397	-0.204394
10.251844	-0.832391
10.283291	-1.457097
10.314739	-2.076041
10.346186	-2.686775
10.377633	-3.286885
10.409081	-3.873996
10.440528	-4.445788
10.471976	-5.000000
10.503423	-5.534439
10.534870	-6.046993
10.566318	-6.535634
10.597765	-6.998431
10.629212	-7.433552
10.660660	-7.839278
10.692107	-8.214004
10.723555	-8.556248
10.755002	-8.864657
10.786449	-9.138011
10.817897	-9.375229
10.849344	-9.575374
10.880791	-9.737653
10.912239	-9.861425
10.943686	-9.946201
10.975133	-9.991645
11.006581	-9.997577
11.038028	-9.963975
11.069476	-9.890971
11.100923	-9.778853
11.132370	-9.628065
11.163818	-9.439204
11.195265	-9.213016
11.226712	-8.950396
11.258160	-8.652381
11.289607	-8.320152
11.321055	-7.955021
11.352502	-7.558432
11.383949	-7.131953
11.415397	-6.677272
11.446844	-6.196186
11.478291	-5.690597
11.509739	-5.162506
11.541186	-4.613999
11.572634	-4.047247
11.604081	-3.464490
11.635528	-2.868032
11.666976	-2.260234
11.698423	-1.643497
11.729870	-1.020261
11.761318	-0.392991
11.792765	0.235833
11.824213	0.863725
11.855660	1.488201
11.887107	2.106793
11.918555	2.717053
11.950002	3.316568
11.981449	3.902969
12.012897	4.473935
12.044344	5.027209
12.075792	5.560604
12.107239	6.072009
12.138686	6.559404
12.170134	7.020859
12.201581	7.454550
12.233028	7.858763
12.264476	8.231899
12.295923	8.572483
12.327371	8.879167
12.358818	9.150738
12.390265	9.386124
12.421713	9.584393
12.453160	9.744761
12.484607	9.866593
12.516055	9.949409
12.547502	9.992880
12.578950	9.996836
12.610397	9.961259
12.641844	9.886291
12.673292	9.772228
12.704739	9.619521
12.736186	9.428774
12.767634	9.200742
12.799081	8.936326
12.830529	8.636572
12.861976	8.302665
12.893423	7.935926
12.924871	7.537804
12.956318	7.109875
12.987765	6.653830
13.019213	6.171472
13.050660	5.664710
13.082108	5.135547
13.113555	4.586076
13.145002	4.018470
13.176450	3.434973
13.207897	2.837892
13.239344	2.229589
13.270792	1.612469
13.302239	0.988973
13.333687	0.361566
13.365134	-0.267271
13.396581	-0.895051
13.428029	-1.519291
13.459476	-2.137524
13.490923	-2.747304
13.522371	-3.346219
13.553818	-3.931903
13.585266	-4.502037
13.616713	-5.054369
13.648160	-5.586714
13.679608	-6.096966
13.711055	-6.583108
13.742502	-7.043217
13.773950	-7.475475
13.805397	-7.878171
13.836845	-8.249713
13.868292	-8.588633
13.899739	-8.893589
13.931187	-9.163375
13.962634	-9.396926
13.994081	-9.593317
14.025529	-9.751772
14.056976	-9.871664
14.088424	-9.952519
14.119871	-9.994018
14.151318	-9.995995
14.182766	-9.958444
14.214213	-9.881513
14.245660	-9.765506
14.277108	-9.610881
14.308555	-9.418251
14.340003	-9.188378
14.371450	-8.922169
14.402897	-8.620678
14.434345	-8.285096
14.465792	-7.916752
14.497239	-7.517102
14.528687	-7.087726
14.560134	-6.630321
14.591581	-6.146698
14.623029	-5.638767
14.654476	-5.108538
14.685924	-4.558108
14.717371	-3.989654
14.748818	-3.405422
14.780266	-2.807723
14.811713	-2.198922
14.843160	-1.581425
14.874608	-0.957675
14.906055	-0.330137
14.937503	0.298706
14.968950	0.926367
15.000397	1.550366
15.031845	2.168234
15.063292	2.777527
15.094739	3.375837
15.126187	3.960798
15.157634	4.530095
15.189082	5.081479
15.220529	5.612768
15.251976	6.121862
15.283424	6.606747
15.314871	7.065506
15.346318	7.496326
15.377766	7.897501
15.409213	8.267446
15.440661	8.604698
15.472108	8.907923
15.503555	9.175922
15.535003	9.407635
15.566450	9.602147
15.597897	9.758687
15.629345	9.876637
15.660792	9.955531
15.692240	9.995056
15.723687	9.995056
15.755134	9.955531
15.786582	9.876637
15.818029	9.758687
15.849476	9.602147
15.880924	9.407635
15.912371	9.175922
15.943819	8.907923
15.975266	8.604698
16.006713	8.267446
16.038161	7.897501
16.069608	7.496326
16.101055	7.065506
16.132503	6.606747
16.163950	6.121862
16.195398	5.612768
16.226845	5.081479
16.258292	4.530095
16.289740	3.960798
16.321187	3.375837
16.352634	2.777527
16.384082	2.168234
16.415529	1.550366
16.446977	0.926367
16.478424	0.298706
16.509871	-0.330137
16.541319	-0.957675
16.572766	-1.581425
16.604213	-2.198922
16.635661	-2.807723
16.667108	-3.405422
16.698556	-3.989654
16.730003	-4.558108
16.761450	-5.108538
16.792898	-5.638767
16.824345	-6.146698
16.855792	-6.630321
16.887240	-7.087726
16.918687	-7.517102
16.950135	-7.916752
16.981582	-8.285096
17.013029	-8.620678
17.044477	-8.922169
17.075924	-9.188378
17.107371	-9.418251
17.138819	-9.610881
17.170266	-9.765506
17.201714	-9.881513
17.233161	-9.958444
17.264608	-9.995995
17.296056	-9.994018
17.327503	-9.952519
17.358950	-9.871664
17.390398	-9.751772
17.421845	-9.593317
17.453293	-9.396926
17.484740	-9.163375
17.516187	-8.893589
17.547635	-8.588633
17.579082	-8.249713
17.610529	-7.878171
17.641977	-7.475475
17.673424	-7.043217
17.704872	-6.583108
17.736319	-6.096966
17.767766	-5.586714
17.799214	-5.054369
17.830661	-4.502037
17.862108	-3.931903
17.893556	-3.346219
17.925003	-2.747304
17.956451	-2.137524
17.987898	-1.519291
18.019345	-0.895051
18.050793	-0.267271
18.082240	0.361566
18.113687	0.988973
18.145135	1.612469
18.176582	2.229589
18.208029	2.837892
18.239477	3.434973
18.270924	4.018470
18.302372	4.586076
18.333819	5.135547
18.365266	5.664710
18.396714	6.171472
18.428161	6.653830
18.459608	7.109875
18.491056	7.537804
18.522503	7.935926
18.553951	8.302665
18.585398	8.636572
18.616845	8.936326
18.648293	9.200742
18.679740	9.428774
18.711187	9.619521
18.742635	9.772228
18.774082	9.886291
18.805530	9.961259
18.836977	9.996836
18.868424	9.992880
18.899872	9.949409
18.931319	9.866593
18.962766	9.744761
18.994214	9.584393
19.025661	9.386124
19.057109	9.150738
19.088556	8.879167
19.120003	8.572483
19.151451	8.231899
19.182898	7.858763
19.214345	7.454550
19.245793	7.020859
19.277240	6.559404
19.308688	6.072009
19.340135	5.560604
19.371582	5.027209
19.403030	4.473935
19.434477	3.902969
19.465924	3.316568
19.497372	2.717053
19.528819	2.106793
19.560267	1.488201
19.591714	0.863725
19.623161	0.235833
19.654609	-0.392991
19.686056	-1.020261
19.717503	-1.643497
19.748951	-2.260234
19.780398	-2.868032
19.811846	-3.464490
19.843293	-4.047247
19.874740	-4.613999
19.906188	-5.162506
19.937635	-5.690597
19.969082	-6.196186
20.000530	-6.677272
20.031977	-7.131953
20.063425	-7.558432
20.094872	-7.955021
20.126319	-8.320152
20.157767	-8.652381
20.189214	-8.950396
20.220661	-9.213016
20.252109	-9.439204
20.283556	-9.628065
20.315004	-9.778853
20.346451	-9.890971
20.377898	-9.963975
20.409346	-9.997577
20.440793	-9.991645
20.472240	-9.946201
20.503688	-9.861425
20.535135	-9.737653
20.566583	-9.575374
20.598030	-9.375229
20.629477	-9.138011
20.660925	-8.864657
20.692372	-8.556248
20.723819	-8.214004
20.755267	-7.839278
20.786714	-7.433552
20.818162	-6.998431
20.849609	-6.535634
20.881056	-6.046993
20.912504	-5.534439
20.943951	-5.000000
20.975398	-4.445788
21.006846	-3.873996
21.038293	-3.286885
21.069741	-2.686775
21.101188	-2.076041
21.132635	-1.457097
21.164083	-0.832391
21.195530	-0.204394
21.226977	0.424412
21.258425	1.051539
21.289872	1.674509
21.321320	2.290856
21.352767	2.898144
21.384214	3.493972
21.415662	4.075983
21.447109	4.641876
21.478556	5.189413
21.510004	5.716428
21.541451	6.220839
21.572899	6.700649
21.604346	7.153962
21.635793	7.578985
21.667241	7.974037
21.698688	8.337556
21.730135	8.668105
21.761583	8.964377
21.793030	9.225199
21.824477	9.449541
21.855925	9.636515
21.887372	9.785382
21.918820	9.895553
21.950267	9.966593
21.981714	9.998220
22.013162	9.990310
22.044609	9.942894
22.076056	9.856159
22.107504	9.730449
22.138951	9.566260
22.170399	9.364242
22.201846	9.125193
22.233293	8.850059
22.264741	8.539929
22.296188	8.196027
22.327635	7.819715
22.359083	7.412480
22.390530	6.975933
22.421978	6.511800
22.453425	6.021917
22.484872	5.508220
22.516320	4.972741
22.547767	4.417598
22.579214	3.844985
22.610662	3.257168
22.642109	2.656471
22.673557	2.045268
22.705004	1.425978
22.736451	0.801049
22.767899	0.172952
22.799346	-0.455829
22.830793	-1.082807
22.862241	-1.705504
22.893688	-2.321456
22.925136	-2.928228
22.956583	-3.523420
22.988030	-4.104680
23.019478	-4.669707
23.050925	-5.216269
23.082372	-5.742203
23.113820	-6.245429
23.145267	-6.723959
23.176715	-7.175899
23.208162	-7.599462
23.239609	-7.992974
23.271057	-8.354878
23.302504	-8.683743
23.333951	-8.978269
23.365399	-9.237290
23.396846	-9.459784
23.428294	-9.644869
23.459741	-9.791813
23.491188	-9.900037
23.522636	-9.969112
23.554083	-9.998764
23.585530	-9.988877
23.616978	-9.939489
23.648425	-9.850796
23.679873	-9.723148
23.711320	-9.557051
23.742767	-9.353161
23.774215	-9.112285
23.805662	-8.835374
23.837109	-8.523525
23.868557	-8.177970
23.900004	-7.800075
23.931452	-7.391335
23.962899	-6.953367
23.994346	-6.487902
24.025794	-5.996781
24.057241	-5.481946
24.088688	-4.945433
24.120136	-4.389364
24.151583	-3.815937
24.183031	-3.227420
24.214478	-2.626140
24.245925	-2.014476
24.277373	-1.394845
24.308820	-0.769699
24.340267	-0.141508
24.371715	0.487241
24.403162	1.114064
24.434610	1.736482
24.466057	2.352032
24.497504	2.958282
24.528952	3.552833
24.560399	4.133335
24.591846	4.697492
24.623294	5.243073
24.654741	5.767920
24.686189	6.269959
24.717636	6.747203
24.749083	7.197766
24.780531	7.619865
24.811978	8.011832
24.843425	8.372117
24.874873	8.699295
24.906320	8.992072
24.937768	9.249290
24.969215	9.469933
25.000662	9.653127
25.032110	9.798148
25.063557	9.904424
25.095004	9.971532
25.126452	9.999209
25.157899	9.987344
25.189347	9.935985
25.220794	9.845335
25.252241	9.715752
25.283689	9.547748
25.315136	9.341989
25.346583	9.099287
25.378031	8.820602
25.409478	8.507037
25.440925	8.159831
25.472373	7.780358
25.503820	7.370117
25.535268	6.930732
25.566715	6.463940
25.598162	5.971586
25.629610	5.455618
25.661057	4.918076
25.692504	4.361086
25.723952	3.786850
25.755399	3.197639
25.786847	2.595784
25.818294	1.983663
25.849741	1.363698
25.881189	0.738341
25.912636	0.110064
25.944083	-0.518649
25.975531	-1.145310
26.006978	-1.767443
26.038426	-2.382586
26.069873	-2.988307
26.101320	-3.582212
26.132768	-4.161950
26.164215	-4.725230
26.195662	-5.269825
26.227110	-5.793581
26.258557	-6.294426
26.290005	-6.770380
26.321452	-7.219561
26.352899	-7.640193
26.384347	-8.030612
26.415794	-8.389274
26.447241	-8.714761
26.478689	-9.005787
26.510136	-9.261199
26.541584	-9.479989
26.573031	-9.661290
26.604478	-9.804386
26.635926	-9.908712
26.667373	-9.973854
26.698820	-9.999555
26.730268	-9.985713
26.761715	-9.932384
26.793163	-9.839777
26.824610	-9.708259
26.856057	-9.538351
26.887505	-9.330724
26.918952	-9.086198
26.950399	-8.805742
26.981847	-8.490465
27.013294	-8.141612
27.044742	-7.760563
27.076189	-7.348826
27.107636	-6.908028
27.139084	-6.439913
27.170531	-5.946332
27.201978	-5.429236
27.233426	-4.890670
27.264873	-4.332765
27.296321	-3.757726
27.327768	-3.167827
27.359215	-2.565401
27.390663	-1.952831
27.422110	-1.332538
27.453557	-0.706976
27.485005	-0.078618
27.516452	0.550051
27.547900	1.176545
27.579347	1.798386
27.610794	2.413116
27.642242	3.018303
27.673689	3.611554
27.705136	4.190524
27.736584	4.752922
27.768031	5.296525
27.799479	5.819184
27.830926	6.318831
27.862373	6.793490
27.893821	7.241285
27.925268	7.660444
27.956715	8.049311
27.988163	8.406347
28.019610	8.730141
28.051058	9.019412
28.082505	9.273016
28.113952	9.489951
28.145400	9.669358
28.176847	9.810528
28.208294	9.912902
28.239742	9.976077
28.271189	9.999802
28.302637	9.983983
28.334084	9.928684
28.365531	9.834121
28.396979	9.700671
28.428426	9.528859
28.459873	9.319366
28.491321	9.073020
28.522768	8.790796
28.554216	8.473808
28.585663	8.123312
28.617110	7.740692
28.648558	7.327462
28.680005	6.885256
28.711452	6.415823
28.742900	5.921019
28.774347	5.402800
28.805795	4.863216
28.837242	4.304401
28.868689	3.728565
28.900137	3.137984
28.931584	2.534994
28.963031	1.921979
28.994479	1.301365
29.025926	0.675604
29.057373	0.047171
29.088821	-0.581448
29.120268	-1.207768
29.151716	-1.829312
29.183163	-2.443622
29.214610	-3.048269
29.246058	-3.640861
29.277505	-4.219056
29.308952	-4.780567
29.340400	-5.323173
29.371847	-5.844730
29.403295	-6.343173
29.434742	-6.816533
29.466189	-7.262937
29.497637	-7.680621
29.529084	-8.067931
29.560531	-8.423338
29.591979	-8.745435
29.623426	-9.032948
29.654874	-9.284741
29.686321	-9.499819
29.717768	-9.677329
29.749216	-9.816572
29.780663	-9.916995
29.812110	-9.978202
29.843558	-9.999951
29.875005	-9.982155
29.906453	-9.924886
29.937900	-9.828369
29.969347	-9.692986
30.000795	-9.519273
30.032242	-9.307917
30.063689	-9.059753
30.095137	-8.775762
30.126584	-8.457068
30.158032	-8.104932
30.189479	-7.720745
30.220926	-7.306026
30.252374	-6.862416
30.283821	-6.391670
30.315268	-5.895647
30.346716	-5.376311
30.378163	-4.835714
30.409611	-4.275995
30.441058	-3.699367
30.472505	-3.108109
30.503953	-2.504561
30.535400	-1.891109
30.566847	-1.270178
30.598295	-0.644225
30.629742	-0.015724
30.661190	0.612840
30.692637	1.238979
30.724084	1.860220
30.755532	2.474104
30.786979	3.078204
30.818426	3.670132
30.849874	4.247547
30.881321	4.808164
30.912769	5.349769
30.944216	5.870217
30.975663	6.367453
31.007111	6.839508
31.038558	7.284518
31.070005	7.700721
31.101453	8.086471
31.132900	8.440245
31.164348	8.760642
31.195795	9.046395
31.227242	9.296375
31.258690	9.509593
31.290137	9.685206
31.321584	9.822519
31.353032	9.920989
31.384479	9.980228
31.415927	10.000000
