0.000000	10.000000
0.002096	9.980228
0.004193	9.920989
0.006289	9.822519
0.008386	9.685206
0.010482	9.509593
0.012579	9.296375
0.014675	9.046395
0.016772	8.760642
0.018868	8.440245
0.020965	8.086471
0.023061	7.700721
0.025158	7.284518
0.027254	6.839508
0.029351	6.367453
0.031447	5.870217
0.033544	5.349769
0.035640	4.808164
0.037737	4.247547
0.039833	3.670132
0.041930	3.078204
0.044026	2.474104
0.046123	1.860220
0.048219	1.238979
0.050316	0.612840
0.052412	-0.015724
0.054509	-0.644225
0.056605	-1.270178
0.058702	-1.891109
0.060798	-2.504561
0.062895	-3.108109
0.064991	-3.699367
0.067088	-4.275995
0.069184	-4.835714
0.071281	-5.376311
0.073377	-5.895647
0.075474	-6.391670
0.077570	-6.862416
0.079667	-7.306026
0.081763	-7.720745
0.083860	-8.104932
0.085956	-8.457068
0.088053	-8.775762
0.090149	-9.059753
0.092246	-9.307917
0.094342	-9.519273
0.096439	-9.692986
0.098535	-9.828369
0.100632	-9.924886
0.102728	-9.982155
0.104825	-9.999951
0.106921	-9.978202
0.109018	-9.916995
0.111114	-9.816572
0.113211	-9.677329
0.115307	-9.499819
0.117404	-9.284741
0.119500	-9.032948
0.121597	-8.745435
0.123693	-8.423338
0.125789	-8.067931
0.127886	-7.680621
0.129982	-7.262937
0.132079	-6.816533
0.134175	-6.343173
0.136272	-5.844730
0.138368	-5.323173
0.140465	-4.780567
0.142561	-4.219056
0.144658	-3.640861
0.146754	-3.048269
0.148851	-2.443622
0.150947	-1.829312
0.153044	-1.207768
0.155140	-0.581448
0.157237	0.047171
0.159333	0.675604
0.161430	1.301365
0.163526	1.921979
0.165623	2.534994
0.167719	3.137984
0.169816	3.728565
0.171912	4.304401
0.174009	4.863216
0.176105	5.402800
0.178202	5.921019
0.180298	6.415823
0.182395	6.885256
0.184491	7.327462
0.186588	7.740692
0.188684	8.123312
0.190781	8.473808
0.192877	8.790796
0.194974	9.073020
0.197070	9.319366
0.199167	9.528859
0.201263	9.700671
0.203360	9.834121
0.205456	9.928684
0.207553	9.983983
0.209649	9.999802
0.211746	9.976077
0.213842	9.912902
0.215939	9.810528
0.218035	9.669358
0.220132	9.489951
0.222228	9.273016
0.224325	9.019412
0.226421	8.730141
0.228518	8.406347
0.230614	8.049311
0.232711	7.660444
0.234807	7.241285
0.236904	6.793490
0.239000	6.318831
0.241097	5.819184
0.243193	5.296525
0.245290	4.752922
0.247386	4.190524
0.249482	3.611554
0.251579	3.018303
0.253675	2.413116
0.255772	1.798386
0.257868	1.176545
0.259965	0.550051
0.262061	-0.078618
0.264158	-0.706976
0.266254	-1.332538
0.268351	-1.952831
0.270447	-2.565401
0.272544	-3.167827
0.274640	-3.757726
0.276737	-4.332765
0.278833	-4.890670
0.280930	-5.429236
0.283026	-5.946332
0.285123	-6.439913
0.287219	-6.908028
0.289316	-7.348826
0.291412	-7.760563
0.293509	-8.141612
0.295605	-8.490465
0.297702	-8.805742
0.299798	-9.086198
0.301895	-9.330724
0.303991	-9.538351
0.306088	-9.708259
0.308184	-9.839777
0.310281	-9.932384
0.312377	-9.985713
0.314474	-9.999555
0.316570	-9.973854
0.318667	-9.908712
0.320763	-9.804386
0.322860	-9.661290
0.324956	-9.479989
0.327053	-9.261199
0.329149	-9.005787
0.331246	-8.714761
0.333342	-8.389274
0.335439	-8.030612
0.337535	-7.640193
0.339632	-7.219561
0.341728	-6.770380
0.343825	-6.294426
0.345921	-5.793581
0.348018	-5.269825
0.350114	-4.725230
0.352211	-4.161950
0.354307	-3.582212
0.356404	-2.988307
0.358500	-2.382586
0.360597	-1.767443
0.362693	-1.145310
0.364790	-0.518649
0.366886	0.110064
0.368983	0.738341
0.371079	1.363698
0.373176	1.983663
0.375272	2.595784
0.377368	3.197639
0.379465	3.786850
0.381561	4.361086
0.383658	4.918076
0.385754	5.455618
0.387851	5.971586
0.389947	6.463940
0.392044	6.930732
0.394140	7.370117
0.396237	7.780358
0.398333	8.159831
0.400430	8.507037
0.402526	8.820602
0.404623	9.099287
0.406719	9.341989
0.408816	9.547748
0.410912	9.715752
0.413009	9.845335
0.415105	9.935985
0.417202	9.987344
0.419298	9.999209
0.421395	9.971532
0.423491	9.904424
0.425588	9.798148
0.427684	9.653127
0.429781	9.469933
0.431877	9.249290
0.433974	8.992072
0.436070	8.699295
0.438167	8.372117
0.440263	8.011832
0.442360	7.619865
0.444456	7.197766
0.446553	6.747203
0.448649	6.269959
0.450746	5.767920
0.452842	5.243073
0.454939	4.697492
0.457035	4.133335
0.459132	3.552833
0.461228	2.958282
0.463325	2.352032
0.465421	1.736482
0.467518	1.114064
0.469614	0.487241
0.471711	-0.141508
0.473807	-0.769699
0.475904	-1.394845
0.478000	-2.014476
0.480097	-2.626140
0.482193	-3.227420
0.484290	-3.815937
0.486386	-4.389364
0.488483	-4.945433
0.490579	-5.481946
0.492676	-5.996781
0.494772	-6.487902
0.496869	-6.953367
0.498965	-7.391335
0.501061	-7.800075
0.503158	-8.177970
0.505254	-8.523525
0.507351	-8.835374
0.509447	-9.112285
0.511544	-9.353161
0.513640	-9.557051
0.515737	-9.723148
0.517833	-9.850796
0.519930	-9.939489
0.522026	-9.988877
0.524123	-9.998764
0.526219	-9.969112
0.528316	-9.900037
0.530412	-9.791813
0.532509	-9.644869
0.534605	-9.459784
0.536702	-9.237290
0.538798	-8.978269
0.540895	-8.683743
0.542991	-8.354878
0.545088	-7.992974
0.547184	-7.599462
0.549281	-7.175899
0.551377	-6.723959
0.553474	-6.245429
0.555570	-5.742203
0.557667	-5.216269
0.559763	-4.669707
0.561860	-4.104680
0.563956	-3.523420
0.566053	-2.928228
0.568149	-2.321456
0.570246	-1.705504
0.572342	-1.082807
0.574439	-0.455829
0.576535	0.172952
0.578632	0.801049
0.580728	1.425978
0.582825	2.045268
0.584921	2.656471
0.587018	3.257168
0.589114	3.844985
0.591211	4.417598
0.593307	4.972741
0.595404	5.508220
0.597500	6.021917
0.599597	6.511800
0.601693	6.975933
0.603790	7.412480
0.605886	7.819715
0.607983	8.196027
0.610079	8.539929
0.612176	8.850059
0.614272	9.125193
0.616369	9.364242
0.618465	9.566260
0.620562	9.730449
0.622658	9.856159
0.624754	9.942894
0.626851	9.990310
0.628947	9.998220
0.631044	9.966593
0.633140	9.895553
0.635237	9.785382
0.637333	9.636515
0.639430	9.449541
0.641526	9.225199
0.643623	8.964377
0.645719	8.668105
0.647816	8.337556
0.649912	7.974037
0.652009	7.578985
0.654105	7.153962
0.656202	6.700649
0.658298	6.220839
0.660395	5.716428
0.662491	5.189413
0.664588	4.641876
0.666684	4.075983
0.668781	3.493972
0.670877	2.898144
0.672974	2.290856
0.675070	1.674509
0.677167	1.051539
0.679263	0.424412
0.681360	-0.204394
0.683456	-0.832391
0.685553	-1.457097
0.687649	-2.076041
0.689746	-2.686775
0.691842	-3.286885
0.693939	-3.873996
0.696035	-4.445788
0.698132	-5.000000
0.700228	-5.534439
0.702325	-6.046993
0.704421	-6.535634
0.706518	-6.998431
0.708614	-7.433552
0.710711	-7.839278
0.712807	-8.214004
0.714904	-8.556248
0.717000	-8.864657
0.719097	-9.138011
0.721193	-9.375229
0.723290	-9.575374
0.725386	-9.737653
0.727483	-9.861425
0.729579	-9.946201
0.731676	-9.991645
0.733772	-9.997577
0.735869	-9.963975
0.737965	-9.890971
0.740062	-9.778853
0.742158	-9.628065
0.744255	-9.439204
0.746351	-9.213016
0.748447	-8.950396
0.750544	-8.652381
0.752640	-8.320152
0.754737	-7.955021
0.756833	-7.558432
0.758930	-7.131953
0.761026	-6.677272
0.763123	-6.196186
0.765219	-5.690597
0.767316	-5.162506
0.769412	-4.613999
0.771509	-4.047247
0.773605	-3.464490
0.775702	-2.868032
0.777798	-2.260234
0.779895	-1.643497
0.781991	-1.020261
0.784088	-0.392991
0.786184	0.235833
0.788281	0.863725
0.790377	1.488201
0.792474	2.106793
0.794570	2.717053
0.796667	3.316568
0.798763	3.902969
0.800860	4.473935
0.802956	5.027209
0.805053	5.560604
0.807149	6.072009
0.809246	6.559404
0.811342	7.020859
0.813439	7.454550
0.815535	7.858763
0.817632	8.231899
0.819728	8.572483
0.821825	8.879167
0.823921	9.150738
0.826018	9.386124
0.828114	9.584393
0.830211	9.744761
0.832307	9.866593
0.834404	9.949409
0.836500	9.992880
0.838597	9.996836
0.840693	9.961259
0.842790	9.886291
0.844886	9.772228
0.846983	9.619521
0.849079	9.428774
0.851176	9.200742
0.853272	8.936326
0.855369	8.636572
0.857465	8.302665
0.859562	7.935926
0.861658	7.537804
0.863755	7.109875
0.865851	6.653830
0.867948	6.171472
0.870044	5.664710
0.872141	5.135547
0.874237	4.586076
0.876333	4.018470
0.878430	3.434973
0.880526	2.837892
0.882623	2.229589
0.884719	1.612469
0.886816	0.988973
0.888912	0.361566
0.891009	-0.267271
0.893105	-0.895051
0.895202	-1.519291
0.897298	-2.137524
0.899395	-2.747304
0.901491	-3.346219
0.903588	-3.931903
0.905684	-4.502037
0.907781	-5.054369
0.909877	-5.586714
0.911974	-6.096966
0.914070	-6.583108
0.916167	-7.043217
0.918263	-7.475475
0.920360	-7.878171
0.922456	-8.249713
0.924553	-8.588633
0.926649	-8.893589
0.928746	-9.163375
0.930842	-9.396926
0.932939	-9.593317
0.935035	-9.751772
0.937132	-9.871664
0.939228	-9.952519
0.941325	-9.994018
0.943421	-9.995995
0.945518	-9.958444
0.947614	-9.881513
0.949711	-9.765506
0.951807	-9.610881
0.953904	-9.418251
0.956000	-9.188378
0.958097	-8.922169
0.960193	-8.620678
0.962290	-8.285096
0.964386	-7.916752
0.966483	-7.517102
0.968579	-7.087726
0.970676	-6.630321
0.972772	-6.146698
0.974869	-5.638767
0.976965	-5.108538
0.979062	-4.558108
0.981158	-3.989654
0.983255	-3.405422
0.985351	-2.807723
0.987448	-2.198922
0.989544	-1.581425
0.991641	-0.957675
0.993737	-0.330137
0.995834	0.298706
0.997930	0.926367
1.000026	1.550366
1.002123	2.168234
1.004219	2.777527
1.006316	3.375837
1.008412	3.960798
1.010509	4.530095
1.012605	5.081479
1.014702	5.612768
1.016798	6.121862
1.018895	6.606747
1.020991	7.065506
1.023088	7.496326
1.025184	7.897501
1.027281	8.267446
1.029377	8.604698
1.031474	8.907923
1.033570	9.175922
1.035667	9.407635
1.037763	9.602147
1.039860	9.758687
1.041956	9.876637
1.044053	9.955531
1.046149	9.995056
1.048246	9.995056
1.050342	9.955531
1.052439	9.876637
1.054535	9.758687
1.056632	9.602147
1.058728	9.407635
1.060825	9.175922
1.062921	8.907923
1.065018	8.604698
1.067114	8.267446
1.069211	7.897501
1.071307	7.496326
1.073404	7.065506
1.075500	6.606747
1.077597	6.121862
1.079693	5.612768
1.081790	5.081479
1.083886	4.530095
1.085983	3.960798
1.088079	3.375837
1.090176	2.777527
1.092272	2.168234
1.094369	1.550366
1.096465	0.926367
1.098562	0.298706
1.100658	-0.330137
1.102755	-0.957675
1.104851	-1.581425
1.106948	-2.198922
1.109044	-2.807723
1.111141	-3.405422
1.113237	-3.989654
1.115334	-4.558108
1.117430	-5.108538
1.119527	-5.638767
1.121623	-6.146698
1.123719	-6.630321
1.125816	-7.087726
1.127912	-7.517102
1.130009	-7.916752
1.132105	-8.285096
1.134202	-8.620678
1.136298	-8.922169
1.138395	-9.188378
1.140491	-9.418251
1.142588	-9.610881
1.144684	-9.765506
1.146781	-9.881513
1.148877	-9.958444
1.150974	-9.995995
1.153070	-9.994018
1.155167	-9.952519
1.157263	-9.871664
1.159360	-9.751772
1.161456	-9.593317
1.163553	-9.396926
1.165649	-9.163375
1.167746	-8.893589
1.169842	-8.588633
1.171939	-8.249713
1.174035	-7.878171
1.176132	-7.475475
1.178228	-7.043217
1.180325	-6.583108
1.182421	-6.096966
1.184518	-5.586714
1.186614	-5.054369
1.188711	-4.502037
1.190807	-3.931903
1.192904	-3.346219
1.195000	-2.747304
1.197097	-2.137524
1.199193	-1.519291
1.201290	-0.895051
1.203386	-0.267271
1.205483	0.361566
1.207579	0.988973
1.209676	1.612469
1.211772	2.229589
1.213869	2.837892
1.215965	3.434973
1.218062	4.018470
1.220158	4.586076
1.222255	5.135547
1.224351	5.664710
1.226448	6.171472
1.228544	6.653830
1.230641	7.109875
1.232737	7.537804
1.234834	7.935926
1.236930	8.302665
1.239027	8.636572
1.241123	8.936326
1.243220	9.200742
1.245316	9.428774
1.247412	9.619521
1.249509	9.772228
1.251605	9.886291
1.253702	9.961259
1.255798	9.996836
1.257895	9.992880
1.259991	9.949409
1.262088	9.866593
1.264184	9.744761
1.266281	9.584393
1.268377	9.386124
1.270474	9.150738
1.272570	8.879167
1.274667	8.572483
1.276763	8.231899
1.278860	7.858763
1.280956	7.454550
1.283053	7.020859
1.285149	6.559404
1.287246	6.072009
1.289342	5.560604
1.291439	5.027209
1.293535	4.473935
1.295632	3.902969
1.297728	3.316568
1.299825	2.717053
1.301921	2.106793
1.304018	1.488201
1.306114	0.863725
1.308211	0.235833
1.310307	-0.392991
1.312404	-1.020261
1.314500	-1.643497
1.316597	-2.260234
1.318693	-2.868032
1.320790	-3.464490
1.322886	-4.047247
1.324983	-4.613999
1.327079	-5.162506
1.329176	-5.690597
1.331272	-6.196186
1.333369	-6.677272
1.335465	-7.131953
1.337562	-7.558432
1.339658	-7.955021
1.341755	-8.320152
1.343851	-8.652381
1.345948	-8.950396
1.348044	-9.213016
1.350141	-9.439204
1.352237	-9.628065
1.354334	-9.778853
1.356430	-9.890971
1.358527	-9.963975
1.360623	-9.997577
1.362720	-9.991645
1.364816	-9.946201
1.366913	-9.861425
1.369009	-9.737653
1.371106	-9.575374
1.373202	-9.375229
1.375298	-9.138011
1.377395	-8.864657
1.379491	-8.556248
1.381588	-8.214004
1.383684	-7.839278
1.385781	-7.433552
1.387877	-6.998431
1.389974	-6.535634
1.392070	-6.046993
1.394167	-5.534439
1.396263	-5.000000
1.398360	-4.445788
1.400456	-3.873996
1.402553	-3.286885
1.404649	-2.686775
1.406746	-2.076041
1.408842	-1.457097
1.410939	-0.832391
1.413035	-0.204394
1.415132	0.424412
1.417228	1.051539
1.419325	1.674509
1.421421	2.290856
1.423518	2.898144
1.425614	3.493972
1.427711	4.075983
1.429807	4.641876
1.431904	5.189413
1.434000	5.716428
1.436097	6.220839
1.438193	6.700649
1.440290	7.153962
1.442386	7.578985
1.444483	7.974037
1.446579	8.337556
1.448676	8.668105
1.450772	8.964377
1.452869	9.225199
1.454965	9.449541
1.457062	9.636515
1.459158	9.785382
1.461255	9.895553
1.463351	9.966593
1.465448	9.998220
1.467544	9.990310
1.469641	9.942894
1.471737	9.856159
1.473834	9.730449
1.475930	9.566260
1.478027	9.364242
1.480123	9.125193
1.482220	8.850059
1.484316	8.539929
1.486413	8.196027
1.488509	7.819715
1.490606	7.412480
1.492702	6.975933
1.494799	6.511800
1.496895	6.021917
1.498991	5.508220
1.501088	4.972741
1.503184	4.417598
1.505281	3.844985
1.507377	3.257168
1.509474	2.656471
1.511570	2.045268
1.513667	1.425978
1.515763	0.801049
1.517860	0.172952
1.519956	-0.455829
1.522053	-1.082807
1.524149	-1.705504
1.526246	-2.321456
1.528342	-2.928228
1.530439	-3.523420
1.532535	-4.104680
1.534632	-4.669707
1.536728	-5.216269
1.538825	-5.742203
1.540921	-6.245429
1.543018	-6.723959
1.545114	-7.175899
1.547211	-7.599462
1.549307	-7.992974
1.551404	-8.354878
1.553500	-8.683743
1.555597	-8.978269
1.557693	-9.237290
1.559790	-9.459784
1.561886	-9.644869
1.563983	-9.791813
1.566079	-9.900037
1.568176	-9.969112
1.570272	-9.998764
1.572369	-9.988877
1.574465	-9.939489
1.576562	-9.850796
1.578658	-9.723148
1.580755	-9.557051
1.582851	-9.353161
1.584948	-9.112285
1.587044	-8.835374
1.589141	-8.523525
1.591237	-8.177970
1.593334	-7.800075
1.595430	-7.391335
1.597527	-6.953367
1.599623	-6.487902
1.601720	-5.996781
1.603816	-5.481946
1.605913	-4.945433
1.608009	-4.389364
1.610106	-3.815937
1.612202	-3.227420
1.614299	-2.626140
1.616395	-2.014476
1.618492	-1.394845
1.620588	-0.769699
1.622684	-0.141508
1.624781	0.487241
1.626877	1.114064
1.628974	1.736482
1.631070	2.352032
1.633167	2.958282
1.635263	3.552833
1.637360	4.133335
1.639456	4.697492
1.641553	5.243073
1.643649	5.767920
1.645746	6.269959
1.647842	6.747203
1.649939	7.197766
1.652035	7.619865
1.654132	8.011832
1.656228	8.372117
1.658325	8.699295
1.660421	8.992072
1.662518	9.249290
1.664614	9.469933
1.666711	9.653127
1.668807	9.798148
1.670904	9.904424
1.673000	9.971532
1.675097	9.999209
1.677193	9.987344
1.679290	9.935985
1.681386	9.845335
1.683483	9.715752
1.685579	9.547748
1.687676	9.341989
1.689772	9.099287
1.691869	8.820602
1.693965	8.507037
1.696062	8.159831
1.698158	7.780358
1.700255	7.370117
1.702351	6.930732
1.704448	6.463940
1.706544	5.971586
1.708641	5.455618
1.710737	4.918076
1.712834	4.361086
1.714930	3.786850
1.717027	3.197639
1.719123	2.595784
1.721220	1.983663
1.723316	1.363698
1.725413	0.738341
1.727509	0.110064
1.729606	-0.518649
1.731702	-1.145310
1.733799	-1.767443
1.735895	-2.382586
1.737992	-2.988307
1.740088	-3.582212
1.742185	-4.161950
1.744281	-4.725230
1.746377	-5.269825
1.748474	-5.793581
1.750570	-6.294426
1.752667	-6.770380
1.754763	-7.219561
1.756860	-7.640193
1.758956	-8.030612
1.761053	-8.389274
1.763149	-8.714761
1.765246	-9.005787
1.767342	-9.261199
1.769439	-9.479989
1.771535	-9.661290
1.773632	-9.804386
1.775728	-9.908712
1.777825	-9.973854
1.779921	-9.999555
1.782018	-9.985713
1.784114	-9.932384
1.786211	-9.839777
1.788307	-9.708259
1.790404	-9.538351
1.792500	-9.330724
1.794597	-9.086198
1.796693	-8.805742
1.798790	-8.490465
1.800886	-8.141612
1.802983	-7.760563
1.805079	-7.348826
1.807176	-6.908028
1.809272	-6.439913
1.811369	-5.946332
1.813465	-5.429236
1.815562	-4.890670
1.817658	-4.332765
1.819755	-3.757726
1.821851	-3.167827
1.823948	-2.565401
1.826044	-1.952831
1.828141	-1.332538
1.830237	-0.706976
1.832334	-0.078618
1.834430	0.550051
1.836527	1.176545
1.838623	1.798386
1.840720	2.413116
1.842816	3.018303
1.844913	3.611554
1.847009	4.190524
1.849106	4.752922
1.851202	5.296525
1.853299	5.819184
1.855395	6.318831
1.857492	6.793490
1.859588	7.241285
1.861685	7.660444
1.863781	8.049311
1.865878	8.406347
1.867974	8.730141
1.870071	9.019412
1.872167	9.273016
1.874263	9.489951
1.876360	9.669358
1.878456	9.810528
1.880553	9.912902
1.882649	9.976077
1.884746	9.999802
1.886842	9.983983
1.888939	9.928684
1.891035	9.834121
1.893132	9.700671
1.895228	9.528859
1.897325	9.319366
1.899421	9.073020
1.901518	8.790796
1.903614	8.473808
1.905711	8.123312
1.907807	7.740692
1.909904	7.327462
1.912000	6.885256
1.914097	6.415823
1.916193	5.921019
1.918290	5.402800
1.920386	4.863216
1.922483	4.304401
1.924579	3.728565
1.926676	3.137984
1.928772	2.534994
1.930869	1.921979
1.932965	1.301365
1.935062	0.675604
1.937158	0.047171
1.939255	-0.581448
1.941351	-1.207768
1.943448	-1.829312
1.945544	-2.443622
1.947641	-3.048269
1.949737	-3.640861
1.951834	-4.219056
1.953930	-4.780567
1.956027	-5.323173
1.958123	-5.844730
1.960220	-6.343173
1.962316	-6.816533
1.964413	-7.262937
1.966509	-7.680621
1.968606	-8.067931
1.970702	-8.423338
1.972799	-8.745435
1.974895	-9.032948
1.976992	-9.284741
1.979088	-9.499819
1.981185	-9.677329
1.983281	-9.816572
1.985378	-9.916995
1.987474	-9.978202
1.989571	-9.999951
1.991667	-9.982155
1.993764	-9.924886
1.995860	-9.828369
1.997956	-9.692986
2.000053	-9.519273
2.002149	-9.307917
2.004246	-9.059753
2.006342	-8.775762
2.008439	-8.457068
2.010535	-8.104932
2.012632	-7.720745
2.014728	-7.306026
2.016825	-6.862416
2.018921	-6.391670
2.021018	-5.895647
2.023114	-5.376311
2.025211	-4.835714
2.027307	-4.275995
2.029404	-3.699367
2.031500	-3.108109
2.033597	-2.504561
2.035693	-1.891109
2.037790	-1.270178
2.039886	-0.644225
2.041983	-0.015724
2.044079	0.612840
2.046176	1.238979
2.048272	1.860220
2.050369	2.474104
2.052465	3.078204
2.054562	3.670132
2.056658	4.247547
2.058755	4.808164
2.060851	5.349769
2.062948	5.870217
2.065044	6.367453
2.067141	6.839508
2.069237	7.284518
2.071334	7.700721
2.073430	8.086471
2.075527	8.440245
2.077623	8.760642
2.079720	9.046395
2.081816	9.296375
2.083913	9.509593
2.086009	9.685206
2.088106	9.822519
2.090202	9.920989
2.092299	9.980228
2.094395	10.000000
