0.000000	10.000000
0.000210	9.980228
0.000419	9.920989
0.000629	9.822519
0.000839	9.685206
0.001048	9.509593
0.001258	9.296375
0.001468	9.046395
0.001677	8.760642
0.001887	8.440245
0.002096	8.086471
0.002306	7.700721
0.002516	7.284518
0.002725	6.839508
0.002935	6.367453
0.003145	5.870217
0.003354	5.349769
0.003564	4.808164
0.003774	4.247547
0.003983	3.670132
0.004193	3.078204
0.004403	2.474104
0.004612	1.860220
0.004822	1.238979
0.005032	0.612840
0.005241	-0.015724
0.005451	-0.644225
0.005661	-1.270178
0.005870	-1.891109
0.006080	-2.504561
0.006289	-3.108109
0.006499	-3.699367
0.006709	-4.275995
0.006918	-4.835714
0.007128	-5.376311
0.007338	-5.895647
0.007547	-6.391670
0.007757	-6.862416
0.007967	-7.306026
0.008176	-7.720745
0.008386	-8.104932
0.008596	-8.457068
0.008805	-8.775762
0.009015	-9.059753
0.009225	-9.307917
0.009434	-9.519273
0.009644	-9.692986
0.009854	-9.828369
0.010063	-9.924886
0.010273	-9.982155
0.010482	-9.999951
0.010692	-9.978202
0.010902	-9.916995
0.011111	-9.816572
0.011321	-9.677329
0.011531	-9.499819
0.011740	-9.284741
0.011950	-9.032948
0.012160	-8.745435
0.012369	-8.423338
0.012579	-8.067931
0.012789	-7.680621
0.012998	-7.262937
0.013208	-6.816533
0.013418	-6.343173
0.013627	-5.844730
0.013837	-5.323173
0.014046	-4.780567
0.014256	-4.219056
0.014466	-3.640861
0.014675	-3.048269
0.014885	-2.443622
0.015095	-1.829312
0.015304	-1.207768
0.015514	-0.581448
0.015724	0.047171
0.015933	0.675604
0.016143	1.301365
0.016353	1.921979
0.016562	2.534994
0.016772	3.137984
0.016982	3.728565
0.017191	4.304401
0.017401	4.863216
0.017611	5.402800
0.017820	5.921019
0.018030	6.415823
0.018239	6.885256
0.018449	7.327462
0.018659	7.740692
0.018868	8.123312
0.019078	8.473808
0.019288	8.790796
0.019497	9.073020
0.019707	9.319366
0.019917	9.528859
0.020126	9.700671
0.020336	9.834121
0.020546	9.928684
0.020755	9.983983
0.020965	9.999802
0.021175	9.976077
0.021384	9.912902
0.021594	9.810528
0.021804	9.669358
0.022013	9.489951
0.022223	9.273016
0.022432	9.019412
0.022642	8.730141
0.022852	8.406347
0.023061	8.049311
0.023271	7.660444
0.023481	7.241285
0.023690	6.793490
0.023900	6.318831
0.024110	5.819184
0.024319	5.296525
0.024529	4.752922
0.024739	4.190524
0.024948	3.611554
0.025158	3.018303
0.025368	2.413116
0.025577	1.798386
0.025787	1.176545
0.025996	0.550051
0.026206	-0.078618
0.026416	-0.706976
0.026625	-1.332538
0.026835	-1.952831
0.027045	-2.565401
0.027254	-3.167827
0.027464	-3.757726
0.027674	-4.332765
0.027883	-4.890670
0.028093	-5.429236
0.028303	-5.946332
0.028512	-6.439913
0.028722	-6.908028
0.028932	-7.348826
0.029141	-7.760563
0.029351	-8.141612
0.029561	-8.490465
0.029770	-8.805742
0.029980	-9.086198
0.030189	-9.330724
0.030399	-9.538351
0.030609	-9.708259
0.030818	-9.839777
0.031028	-9.932384
0.031238	-9.985713
0.031447	-9.999555
0.031657	-9.973854
0.031867	-9.908712
0.032076	-9.804386
0.032286	-9.661290
0.032496	-9.479989
0.032705	-9.261199
0.032915	-9.005787
0.033125	-8.714761
0.033334	-8.389274
0.033544	-8.030612
0.033754	-7.640193
0.033963	-7.219561
0.034173	-6.770380
0.034382	-6.294426
0.034592	-5.793581
0.034802	-5.269825
0.035011	-4.725230
0.035221	-4.161950
0.035431	-3.582212
0.035640	-2.988307
0.035850	-2.382586
0.036060	-1.767443
0.036269	-1.145310
0.036479	-0.518649
0.036689	0.110064
0.036898	0.738341
0.037108	1.363698
0.037318	1.983663
0.037527	2.595784
0.037737	3.197639
0.037946	3.786850
0.038156	4.361086
0.038366	4.918076
0.038575	5.455618
0.038785	5.971586
0.038995	6.463940
0.039204	6.930732
0.039414	7.370117
0.039624	7.780358
0.039833	8.159831
0.040043	8.507037
0.040253	8.820602
0.040462	9.099287
0.040672	9.341989
0.040882	9.547748
0.041091	9.715752
0.041301	9.845335
0.041511	9.935985
0.041720	9.987344
0.041930	9.999209
0.042139	9.971532
0.042349	9.904424
0.042559	9.798148
0.042768	9.653127
0.042978	9.469933
0.043188	9.249290
0.043397	8.992072
0.043607	8.699295
0.043817	8.372117
0.044026	8.011832
0.044236	7.619865
0.044446	7.197766
0.044655	6.747203
0.044865	6.269959
0.045075	5.767920
0.045284	5.243073
0.045494	4.697492
0.045704	4.133335
0.045913	3.552833
0.046123	2.958282
0.046332	2.352032
0.046542	1.736482
0.046752	1.114064
0.046961	0.487241
0.047171	-0.141508
0.047381	-0.769699
0.047590	-1.394845
0.047800	-2.014476
0.048010	-2.626140
0.048219	-3.227420
0.048429	-3.815937
0.048639	-4.389364
0.048848	-4.945433
0.049058	-5.481946
0.049268	-5.996781
0.049477	-6.487902
0.049687	-6.953367
0.049896	-7.391335
0.050106	-7.800075
0.050316	-8.177970
0.050525	-8.523525
0.050735	-8.835374
0.050945	-9.112285
0.051154	-9.353161
0.051364	-9.557051
0.051574	-9.723148
0.051783	-9.850796
0.051993	-9.939489
0.052203	-9.988877
0.052412	-9.998764
0.052622	-9.969112
0.052832	-9.900037
0.053041	-9.791813
0.053251	-9.644869
0.053461	-9.459784
0.053670	-9.237290
0.053880	-8.978269
0.054089	-8.683743
0.054299	-8.354878
0.054509	-7.992974
0.054718	-7.599462
0.054928	-7.175899
0.055138	-6.723959
0.055347	-6.245429
0.055557	-5.742203
0.055767	-5.216269
0.055976	-4.669707
0.056186	-4.104680
0.056396	-3.523420
0.056605	-2.928228
0.056815	-2.321456
0.057025	-1.705504
0.057234	-1.082807
0.057444	-0.455829
0.057654	0.172952
0.057863	0.801049
0.058073	1.425978
0.058282	2.045268
0.058492	2.656471
0.058702	3.257168
0.058911	3.844985
0.059121	4.417598
0.059331	4.972741
0.059540	5.508220
0.059750	6.021917
0.059960	6.511800
0.060169	6.975933
0.060379	7.412480
0.060589	7.819715
0.060798	8.196027
0.061008	8.539929
0.061218	8.850059
0.061427	9.125193
0.061637	9.364242
0.061847	9.566260
0.062056	9.730449
0.062266	9.856159
0.062475	9.942894
0.062685	9.990310
0.062895	9.998220
0.063104	9.966593
0.063314	9.895553
0.063524	9.785382
0.063733	9.636515
0.063943	9.449541
0.064153	9.225199
0.064362	8.964377
0.064572	8.668105
0.064782	8.337556
0.064991	7.974037
0.065201	7.578985
0.065411	7.153962
0.065620	6.700649
0.065830	6.220839
0.066039	5.716428
0.066249	5.189413
0.066459	4.641876
0.066668	4.075983
0.066878	3.493972
0.067088	2.898144
0.067297	2.290856
0.067507	1.674509
0.067717	1.051539
0.067926	0.424412
0.068136	-0.204394
0.068346	-0.832391
0.068555	-1.457097
0.068765	-2.076041
0.068975	-2.686775
0.069184	-3.286885
0.069394	-3.873996
0.069604	-4.445788
0.069813	-5.000000
0.070023	-5.534439
0.070232	-6.046993
0.070442	-6.535634
0.070652	-6.998431
0.070861	-7.433552
0.071071	-7.839278
0.071281	-8.214004
0.071490	-8.556248
0.071700	-8.864657
0.071910	-9.138011
0.072119	-9.375229
0.072329	-9.575374
0.072539	-9.737653
0.072748	-9.861425
0.072958	-9.946201
0.073168	-9.991645
0.073377	-9.997577
0.073587	-9.963975
0.073797	-9.890971
0.074006	-9.778853
0.074216	-9.628065
0.074425	-9.439204
0.074635	-9.213016
0.074845	-8.950396
0.075054	-8.652381
0.075264	-8.320152
0.075474	-7.955021
0.075683	-7.558432
0.075893	-7.131953
0.076103	-6.677272
0.076312	-6.196186
0.076522	-5.690597
0.076732	-5.162506
0.076941	-4.613999
0.077151	-4.047247
0.077361	-3.464490
0.077570	-2.868032
0.077780	-2.260234
0.077989	-1.643497
0.078199	-1.020261
0.078409	-0.392991
0.078618	0.235833
0.078828	0.863725
0.079038	1.488201
0.079247	2.106793
0.079457	2.717053
0.079667	3.316568
0.079876	3.902969
0.080086	4.473935
0.080296	5.027209
0.080505	5.560604
0.080715	6.072009
0.080925	6.559404
0.081134	7.020859
0.081344	7.454550
0.081554	7.858763
0.081763	8.231899
0.081973	8.572483
0.082182	8.879167
0.082392	9.150738
0.082602	9.386124
0.082811	9.584393
0.083021	9.744761
0.083231	9.866593
0.083440	9.949409
0.083650	9.992880
0.083860	9.996836
0.084069	9.961259
0.084279	9.886291
0.084489	9.772228
0.084698	9.619521
0.084908	9.428774
0.085118	9.200742
0.085327	8.936326
0.085537	8.636572
0.085747	8.302665
0.085956	7.935926
0.086166	7.537804
0.086375	7.109875
0.086585	6.653830
0.086795	6.171472
0.087004	5.664710
0.087214	5.135547
0.087424	4.586076
0.087633	4.018470
0.087843	3.434973
0.088053	2.837892
0.088262	2.229589
0.088472	1.612469
0.088682	0.988973
0.088891	0.361566
0.089101	-0.267271
0.089311	-0.895051
0.089520	-1.519291
0.089730	-2.137524
0.089939	-2.747304
0.090149	-3.346219
0.090359	-3.931903
0.090568	-4.502037
0.090778	-5.054369
0.090988	-5.586714
0.091197	-6.096966
0.091407	-6.583108
0.091617	-7.043217
0.091826	-7.475475
0.092036	-7.878171
0.092246	-8.249713
0.092455	-8.588633
0.092665	-8.893589
0.092875	-9.163375
0.093084	-9.396926
0.093294	-9.593317
0.093504	-9.751772
0.093713	-9.871664
0.093923	-9.952519
0.094132	-9.994018
0.094342	-9.995995
0.094552	-9.958444
0.094761	-9.881513
0.094971	-9.765506
0.095181	-9.610881
0.095390	-9.418251
0.095600	-9.188378
0.095810	-8.922169
0.096019	-8.620678
0.096229	-8.285096
0.096439	-7.916752
0.096648	-7.517102
0.096858	-7.087726
0.097068	-6.630321
0.097277	-6.146698
0.097487	-5.638767
0.097697	-5.108538
0.097906	-4.558108
0.098116	-3.989654
0.098325	-3.405422
0.098535	-2.807723
0.098745	-2.198922
0.098954	-1.581425
0.099164	-0.957675
0.099374	-0.330137
0.099583	0.298706
0.099793	0.926367
0.100003	1.550366
0.100212	2.168234
0.100422	2.777527
0.100632	3.375837
0.100841	3.960798
0.101051	4.530095
0.101261	5.081479
0.101470	5.612768
0.101680	6.121862
0.101889	6.606747
0.102099	7.065506
0.102309	7.496326
0.102518	7.897501
0.102728	8.267446
0.102938	8.604698
0.103147	8.907923
0.103357	9.175922
0.103567	9.407635
0.103776	9.602147
0.103986	9.758687
0.104196	9.876637
0.104405	9.955531
0.104615	9.995056
0.104825	9.995056
0.105034	9.955531
0.105244	9.876637
0.105454	9.758687
0.105663	9.602147
0.105873	9.407635
0.106082	9.175922
0.106292	8.907923
0.106502	8.604698
0.106711	8.267446
0.106921	7.897501
0.107131	7.496326
0.107340	7.065506
0.107550	6.606747
0.107760	6.121862
0.107969	5.612768
0.108179	5.081479
0.108389	4.530095
0.108598	3.960798
0.108808	3.375837
0.109018	2.777527
0.109227	2.168234
0.109437	1.550366
0.109647	0.926367
0.109856	0.298706
0.110066	-0.330137
0.110275	-0.957675
0.110485	-1.581425
0.110695	-2.198922
0.110904	-2.807723
0.111114	-3.405422
0.111324	-3.989654
0.111533	-4.558108
0.111743	-5.108538
0.111953	-5.638767
0.112162	-6.146698
0.112372	-6.630321
0.112582	-7.087726
0.112791	-7.517102
0.113001	-7.916752
0.113211	-8.285096
0.113420	-8.620678
0.113630	-8.922169
0.113839	-9.188378
0.114049	-9.418251
0.114259	-9.610881
0.114468	-9.765506
0.114678	-9.881513
0.114888	-9.958444
0.115097	-9.995995
0.115307	-9.994018
0.115517	-9.952519
0.115726	-9.871664
0.115936	-9.751772
0.116146	-9.593317
0.116355	-9.396926
0.116565	-9.163375
0.116775	-8.893589
0.116984	-8.588633
0.117194	-8.249713
0.117404	-7.878171
0.117613	-7.475475
0.117823	-7.043217
0.118032	-6.583108
0.118242	-6.096966
0.118452	-5.586714
0.118661	-5.054369
0.118871	-4.502037
0.119081	-3.931903
0.119290	-3.346219
0.119500	-2.747304
0.119710	-2.137524
0.119919	-1.519291
0.120129	-0.895051
0.120339	-0.267271
0.120548	0.361566
0.120758	0.988973
0.120968	1.612469
0.121177	2.229589
0.121387	2.837892
0.121597	3.434973
0.121806	4.018470
0.122016	4.586076
0.122225	5.135547
0.122435	5.664710
0.122645	6.171472
0.122854	6.653830
0.123064	7.109875
0.123274	7.537804
0.123483	7.935926
0.123693	8.302665
0.123903	8.636572
0.124112	8.936326
0.124322	9.200742
0.124532	9.428774
0.124741	9.619521
0.124951	9.772228
0.125161	9.886291
0.125370	9.961259
0.125580	9.996836
0.125789	9.992880
0.125999	9.949409
0.126209	9.866593
0.126418	9.744761
0.126628	9.584393
0.126838	9.386124
0.127047	9.150738
0.127257	8.879167
0.127467	8.572483
0.127676	8.231899
0.127886	7.858763
0.128096	7.454550
0.128305	7.020859
0.128515	6.559404
0.128725	6.072009
0.128934	5.560604
0.129144	5.027209
0.129354	4.473935
0.129563	3.902969
0.129773	3.316568
0.129982	2.717053
0.130192	2.106793
0.130402	1.488201
0.130611	0.863725
0.130821	0.235833
0.131031	-0.392991
0.131240	-1.020261
0.131450	-1.643497
0.131660	-2.260234
0.131869	-2.868032
0.132079	-3.464490
0.132289	-4.047247
0.132498	-4.613999
0.132708	-5.162506
0.132918	-5.690597
0.133127	-6.196186
0.133337	-6.677272
0.133547	-7.131953
0.133756	-7.558432
0.133966	-7.955021
0.134175	-8.320152
0.134385	-8.652381
0.134595	-8.950396
0.134804	-9.213016
0.135014	-9.439204
0.135224	-9.628065
0.135433	-9.778853
0.135643	-9.890971
0.135853	-9.963975
0.136062	-9.997577
0.136272	-9.991645
0.136482	-9.946201
0.136691	-9.861425
0.136901	-9.737653
0.137111	-9.575374
0.137320	-9.375229
0.137530	-9.138011
0.137739	-8.864657
0.137949	-8.556248
0.138159	-8.214004
0.138368	-7.839278
0.138578	-7.433552
0.138788	-6.998431
0.138997	-6.535634
0.139207	-6.046993
0.139417	-5.534439
0.139626	-5.000000
0.139836	-4.445788
0.140046	-3.873996
0.140255	-3.286885
0.140465	-2.686775
0.140675	-2.076041
0.140884	-1.457097
0.141094	-0.832391
0.141304	-0.204394
0.141513	0.424412
0.141723	1.051539
0.141932	1.674509
0.142142	2.290856
0.142352	2.898144
0.142561	3.493972
0.142771	4.075983
0.142981	4.641876
0.143190	5.189413
0.143400	5.716428
0.143610	6.220839
0.143819	6.700649
0.144029	7.153962
0.144239	7.578985
0.144448	7.974037
0.144658	8.337556
0.144868	8.668105
0.145077	8.964377
0.145287	9.225199
0.145497	9.449541
0.145706	9.636515
0.145916	9.785382
0.146125	9.895553
0.146335	9.966593
0.146545	9.998220
0.146754	9.990310
0.146964	9.942894
0.147174	9.856159
0.147383	9.730449
0.147593	9.566260
0.147803	9.364242
0.148012	9.125193
0.148222	8.850059
0.148432	8.539929
0.148641	8.196027
0.148851	7.819715
0.149061	7.412480
0.149270	6.975933
0.149480	6.511800
0.149689	6.021917
0.149899	5.508220
0.150109	4.972741
0.150318	4.417598
0.150528	3.844985
0.150738	3.257168
0.150947	2.656471
0.151157	2.045268
0.151367	1.425978
0.151576	0.801049
0.151786	0.172952
0.151996	-0.455829
0.152205	-1.082807
0.152415	-1.705504
0.152625	-2.321456
0.152834	-2.928228
0.153044	-3.523420
0.153254	-4.104680
0.153463	-4.669707
0.153673	-5.216269
0.153882	-5.742203
0.154092	-6.245429
0.154302	-6.723959
0.154511	-7.175899
0.154721	-7.599462
0.154931	-7.992974
0.155140	-8.354878
0.155350	-8.683743
0.155560	-8.978269
0.155769	-9.237290
0.155979	-9.459784
0.156189	-9.644869
0.156398	-9.791813
0.156608	-9.900037
0.156818	-9.969112
0.157027	-9.998764
0.157237	-9.988877
0.157447	-9.939489
0.157656	-9.850796
0.157866	-9.723148
0.158075	-9.557051
0.158285	-9.353161
0.158495	-9.112285
0.158704	-8.835374
0.158914	-8.523525
0.159124	-8.177970
0.159333	-7.800075
0.159543	-7.391335
0.159753	-6.953367
0.159962	-6.487902
0.160172	-5.996781
0.160382	-5.481946
0.160591	-4.945433
0.160801	-4.389364
0.161011	-3.815937
0.161220	-3.227420
0.161430	-2.626140
0.161640	-2.014476
0.161849	-1.394845
0.162059	-0.769699
0.162268	-0.141508
0.162478	0.487241
0.162688	1.114064
0.162897	1.736482
0.163107	2.352032
0.163317	2.958282
0.163526	3.552833
0.163736	4.133335
0.163946	4.697492
0.164155	5.243073
0.164365	5.767920
0.164575	6.269959
0.164784	6.747203
0.164994	7.197766
0.165204	7.619865
0.165413	8.011832
0.165623	8.372117
0.165832	8.699295
0.166042	8.992072
0.166252	9.249290
0.166461	9.469933
0.166671	9.653127
0.166881	9.798148
0.167090	9.904424
0.167300	9.971532
0.167510	9.999209
0.167719	9.987344
0.167929	9.935985
0.168139	9.845335
0.168348	9.715752
0.168558	9.547748
0.168768	9.341989
0.168977	9.099287
0.169187	8.820602
0.169397	8.507037
0.169606	8.159831
0.169816	7.780358
0.170025	7.370117
0.170235	6.930732
0.170445	6.463940
0.170654	5.971586
0.170864	5.455618
0.171074	4.918076
0.171283	4.361086
0.171493	3.786850
0.171703	3.197639
0.171912	2.595784
0.172122	1.983663
0.172332	1.363698
0.172541	0.738341
0.172751	0.110064
0.172961	-0.518649
0.173170	-1.145310
0.173380	-1.767443
0.173590	-2.382586
0.173799	-2.988307
0.174009	-3.582212
0.174218	-4.161950
0.174428	-4.725230
0.174638	-5.269825
0.174847	-5.793581
0.175057	-6.294426
0.175267	-6.770380
0.175476	-7.219561
0.175686	-7.640193
0.175896	-8.030612
0.176105	-8.389274
0.176315	-8.714761
0.176525	-9.005787
0.176734	-9.261199
0.176944	-9.479989
0.177154	-9.661290
0.177363	-9.804386
0.177573	-9.908712
0.177782	-9.973854
0.177992	-9.999555
0.178202	-9.985713
0.178411	-9.932384
0.178621	-9.839777
0.178831	-9.708259
0.179040	-9.538351
0.179250	-9.330724
0.179460	-9.086198
0.179669	-8.805742
0.179879	-8.490465
0.180089	-8.141612
0.180298	-7.760563
0.180508	-7.348826
0.180718	-6.908028
0.180927	-6.439913
0.181137	-5.946332
0.181347	-5.429236
0.181556	-4.890670
0.181766	-4.332765
0.181975	-3.757726
0.182185	-3.167827
0.182395	-2.565401
0.182604	-1.952831
0.182814	-1.332538
0.183024	-0.706976
0.183233	-0.078618
0.183443	0.550051
0.183653	1.176545
0.183862	1.798386
0.184072	2.413116
0.184282	3.018303
0.184491	3.611554
0.184701	4.190524
0.184911	4.752922
0.185120	5.296525
0.185330	5.819184
0.185540	6.318831
0.185749	6.793490
0.185959	7.241285
0.186168	7.660444
0.186378	8.049311
0.186588	8.406347
0.186797	8.730141
0.187007	9.019412
0.187217	9.273016
0.187426	9.489951
0.187636	9.669358
0.187846	9.810528
0.188055	9.912902
0.188265	9.976077
0.188475	9.999802
0.188684	9.983983
0.188894	9.928684
0.189104	9.834121
0.189313	9.700671
0.189523	9.528859
0.189732	9.319366
0.189942	9.073020
0.190152	8.790796
0.190361	8.473808
0.190571	8.123312
0.190781	7.740692
0.190990	7.327462
0.191200	6.885256
0.191410	6.415823
0.191619	5.921019
0.191829	5.402800
0.192039	4.863216
0.192248	4.304401
0.192458	3.728565
0.192668	3.137984
0.192877	2.534994
0.193087	1.921979
0.193297	1.301365
0.193506	0.675604
0.193716	0.047171
0.193925	-0.581448
0.194135	-1.207768
0.194345	-1.829312
0.194554	-2.443622
0.194764	-3.048269
0.194974	-3.640861
0.195183	-4.219056
0.195393	-4.780567
0.195603	-5.323173
0.195812	-5.844730
0.196022	-6.343173
0.196232	-6.816533
0.196441	-7.262937
0.196651	-7.680621
0.196861	-8.067931
0.197070	-8.423338
0.197280	-8.745435
0.197490	-9.032948
0.197699	-9.284741
0.197909	-9.499819
0.198118	-9.677329
0.198328	-9.816572
0.198538	-9.916995
0.198747	-9.978202
0.198957	-9.999951
0.199167	-9.982155
0.199376	-9.924886
0.199586	-9.828369
0.199796	-9.692986
0.200005	-9.519273
0.200215	-9.307917
0.200425	-9.059753
0.200634	-8.775762
0.200844	-8.457068
0.201054	-8.104932
0.201263	-7.720745
0.201473	-7.306026
0.201682	-6.862416
0.201892	-6.391670
0.202102	-5.895647
0.202311	-5.376311
0.202521	-4.835714
0.202731	-4.275995
0.202940	-3.699367
0.203150	-3.108109
0.203360	-2.504561
0.203569	-1.891109
0.203779	-1.270178
0.203989	-0.644225
0.204198	-0.015724
0.204408	0.612840
0.204618	1.238979
0.204827	1.860220
0.205037	2.474104
0.205247	3.078204
0.205456	3.670132
0.205666	4.247547
0.205875	4.808164
0.206085	5.349769
0.206295	5.870217
0.206504	6.367453
0.206714	6.839508
0.206924	7.284518
0.207133	7.700721
0.207343	8.086471
0.207553	8.440245
0.207762	8.760642
0.207972	9.046395
0.208182	9.296375
0.208391	9.509593
0.208601	9.685206
0.208811	9.822519
0.209020	9.920989
0.209230	9.980228
0.209440	10.000000
