0.000000	10.000000
0.000002	9.980228
0.000004	9.920989
0.000006	9.822519
0.000008	9.685206
0.000010	9.509593
0.000013	9.296375
0.000015	9.046395
0.000017	8.760642
0.000019	8.440245
0.000021	8.086471
0.000023	7.700721
0.000025	7.284518
0.000027	6.839508
0.000029	6.367453
0.000031	5.870217
0.000034	5.349769
0.000036	4.808164
0.000038	4.247547
0.000040	3.670132
0.000042	3.078204
0.000044	2.474104
0.000046	1.860220
0.000048	1.238979
0.000050	0.612840
0.000052	-0.015724
0.000055	-0.644225
0.000057	-1.270178
0.000059	-1.891109
0.000061	-2.504561
0.000063	-3.108109
0.000065	-3.699367
0.000067	-4.275995
0.000069	-4.835714
0.000071	-5.376311
0.000073	-5.895647
0.000075	-6.391670
0.000078	-6.862416
0.000080	-7.306026
0.000082	-7.720745
0.000084	-8.104932
0.000086	-8.457068
0.000088	-8.775762
0.000090	-9.059753
0.000092	-9.307917
0.000094	-9.519273
0.000096	-9.692986
0.000099	-9.828369
0.000101	-9.924886
0.000103	-9.982155
0.000105	-9.999951
0.000107	-9.978202
0.000109	-9.916995
0.000111	-9.816572
0.000113	-9.677329
0.000115	-9.499819
0.000117	-9.284741
0.000120	-9.032948
0.000122	-8.745435
0.000124	-8.423338
0.000126	-8.067931
0.000128	-7.680621
0.000130	-7.262937
0.000132	-6.816533
0.000134	-6.343173
0.000136	-5.844730
0.000138	-5.323173
0.000140	-4.780567
0.000143	-4.219056
0.000145	-3.640861
0.000147	-3.048269
0.000149	-2.443622
0.000151	-1.829312
0.000153	-1.207768
0.000155	-0.581448
0.000157	0.047171
0.000159	0.675604
0.000161	1.301365
0.000164	1.921979
0.000166	2.534994
0.000168	3.137984
0.000170	3.728565
0.000172	4.304401
0.000174	4.863216
0.000176	5.402800
0.000178	5.921019
0.000180	6.415823
0.000182	6.885256
0.000184	7.327462
0.000187	7.740692
0.000189	8.123312
0.000191	8.473808
0.000193	8.790796
0.000195	9.073020
0.000197	9.319366
0.000199	9.528859
0.000201	9.700671
0.000203	9.834121
0.000205	9.928684
0.000208	9.983983
0.000210	9.999802
0.000212	9.976077
0.000214	9.912902
0.000216	9.810528
0.000218	9.669358
0.000220	9.489951
0.000222	9.273016
0.000224	9.019412
0.000226	8.730141
0.000229	8.406347
0.000231	8.049311
0.000233	7.660444
0.000235	7.241285
0.000237	6.793490
0.000239	6.318831
0.000241	5.819184
0.000243	5.296525
0.000245	4.752922
0.000247	4.190524
0.000249	3.611554
0.000252	3.018303
0.000254	2.413116
0.000256	1.798386
0.000258	1.176545
0.000260	0.550051
0.000262	-0.078618
0.000264	-0.706976
0.000266	-1.332538
0.000268	-1.952831
0.000270	-2.565401
0.000273	-3.167827
0.000275	-3.757726
0.000277	-4.332765
0.000279	-4.890670
0.000281	-5.429236
0.000283	-5.946332
0.000285	-6.439913
0.000287	-6.908028
0.000289	-7.348826
0.000291	-7.760563
0.000294	-8.141612
0.000296	-8.490465
0.000298	-8.805742
0.000300	-9.086198
0.000302	-9.330724
0.000304	-9.538351
0.000306	-9.708259
0.000308	-9.839777
0.000310	-9.932384
0.000312	-9.985713
0.000314	-9.999555
0.000317	-9.973854
0.000319	-9.908712
0.000321	-9.804386
0.000323	-9.661290
0.000325	-9.479989
0.000327	-9.261199
0.000329	-9.005787
0.000331	-8.714761
0.000333	-8.389274
0.000335	-8.030612
0.000338	-7.640193
0.000340	-7.219561
0.000342	-6.770380
0.000344	-6.294426
0.000346	-5.793581
0.000348	-5.269825
0.000350	-4.725230
0.000352	-4.161950
0.000354	-3.582212
0.000356	-2.988307
0.000359	-2.382586
0.000361	-1.767443
0.000363	-1.145310
0.000365	-0.518649
0.000367	0.110064
0.000369	0.738341
0.000371	1.363698
0.000373	1.983663
0.000375	2.595784
0.000377	3.197639
0.000379	3.786850
0.000382	4.361086
0.000384	4.918076
0.000386	5.455618
0.000388	5.971586
0.000390	6.463940
0.000392	6.930732
0.000394	7.370117
0.000396	7.780358
0.000398	8.159831
0.000400	8.507037
0.000403	8.820602
0.000405	9.099287
0.000407	9.341989
0.000409	9.547748
0.000411	9.715752
0.000413	9.845335
0.000415	9.935985
0.000417	9.987344
0.000419	9.999209
0.000421	9.971532
0.000423	9.904424
0.000426	9.798148
0.000428	9.653127
0.000430	9.469933
0.000432	9.249290
0.000434	8.992072
0.000436	8.699295
0.000438	8.372117
0.000440	8.011832
0.000442	7.619865
0.000444	7.197766
0.000447	6.747203
0.000449	6.269959
0.000451	5.767920
0.000453	5.243073
0.000455	4.697492
0.000457	4.133335
0.000459	3.552833
0.000461	2.958282
0.000463	2.352032
0.000465	1.736482
0.000468	1.114064
0.000470	0.487241
0.000472	-0.141508
0.000474	-0.769699
0.000476	-1.394845
0.000478	-2.014476
0.000480	-2.626140
0.000482	-3.227420
0.000484	-3.815937
0.000486	-4.389364
0.000488	-4.945433
0.000491	-5.481946
0.000493	-5.996781
0.000495	-6.487902
0.000497	-6.953367
0.000499	-7.391335
0.000501	-7.800075
0.000503	-8.177970
0.000505	-8.523525
0.000507	-8.835374
0.000509	-9.112285
0.000512	-9.353161
0.000514	-9.557051
0.000516	-9.723148
0.000518	-9.850796
0.000520	-9.939489
0.000522	-9.988877
0.000524	-9.998764
0.000526	-9.969112
0.000528	-9.900037
0.000530	-9.791813
0.000533	-9.644869
0.000535	-9.459784
0.000537	-9.237290
0.000539	-8.978269
0.000541	-8.683743
0.000543	-8.354878
0.000545	-7.992974
0.000547	-7.599462
0.000549	-7.175899
0.000551	-6.723959
0.000553	-6.245429
0.000556	-5.742203
0.000558	-5.216269
0.000560	-4.669707
0.000562	-4.104680
0.000564	-3.523420
0.000566	-2.928228
0.000568	-2.321456
0.000570	-1.705504
0.000572	-1.082807
0.000574	-0.455829
0.000577	0.172952
0.000579	0.801049
0.000581	1.425978
0.000583	2.045268
0.000585	2.656471
0.000587	3.257168
0.000589	3.844985
0.000591	4.417598
0.000593	4.972741
0.000595	5.508220
0.000598	6.021917
0.000600	6.511800
0.000602	6.975933
0.000604	7.412480
0.000606	7.819715
0.000608	8.196027
0.000610	8.539929
0.000612	8.850059
0.000614	9.125193
0.000616	9.364242
0.000618	9.566260
0.000621	9.730449
0.000623	9.856159
0.000625	9.942894
0.000627	9.990310
0.000629	9.998220
0.000631	9.966593
0.000633	9.895553
0.000635	9.785382
0.000637	9.636515
0.000639	9.449541
0.000642	9.225199
0.000644	8.964377
0.000646	8.668105
0.000648	8.337556
0.000650	7.974037
0.000652	7.578985
0.000654	7.153962
0.000656	6.700649
0.000658	6.220839
0.000660	5.716428
0.000662	5.189413
0.000665	4.641876
0.000667	4.075983
0.000669	3.493972
0.000671	2.898144
0.000673	2.290856
0.000675	1.674509
0.000677	1.051539
0.000679	0.424412
0.000681	-0.204394
0.000683	-0.832391
0.000686	-1.457097
0.000688	-2.076041
0.000690	-2.686775
0.000692	-3.286885
0.000694	-3.873996
0.000696	-4.445788
0.000698	-5.000000
0.000700	-5.534439
0.000702	-6.046993
0.000704	-6.535634
0.000707	-6.998431
0.000709	-7.433552
0.000711	-7.839278
0.000713	-8.214004
0.000715	-8.556248
0.000717	-8.864657
0.000719	-9.138011
0.000721	-9.375229
0.000723	-9.575374
0.000725	-9.737653
0.000727	-9.861425
0.000730	-9.946201
0.000732	-9.991645
0.000734	-9.997577
0.000736	-9.963975
0.000738	-9.890971
0.000740	-9.778853
0.000742	-9.628065
0.000744	-9.439204
0.000746	-9.213016
0.000748	-8.950396
0.000751	-8.652381
0.000753	-8.320152
0.000755	-7.955021
0.000757	-7.558432
0.000759	-7.131953
0.000761	-6.677272
0.000763	-6.196186
0.000765	-5.690597
0.000767	-5.162506
0.000769	-4.613999
0.000772	-4.047247
0.000774	-3.464490
0.000776	-2.868032
0.000778	-2.260234
0.000780	-1.643497
0.000782	-1.020261
0.000784	-0.392991
0.000786	0.235833
0.000788	0.863725
0.000790	1.488201
0.000792	2.106793
0.000795	2.717053
0.000797	3.316568
0.000799	3.902969
0.000801	4.473935
0.000803	5.027209
0.000805	5.560604
0.000807	6.072009
0.000809	6.559404
0.000811	7.020859
0.000813	7.454550
0.000816	7.858763
0.000818	8.231899
0.000820	8.572483
0.000822	8.879167
0.000824	9.150738
0.000826	9.386124
0.000828	9.584393
0.000830	9.744761
0.000832	9.866593
0.000834	9.949409
0.000837	9.992880
0.000839	9.996836
0.000841	9.961259
0.000843	9.886291
0.000845	9.772228
0.000847	9.619521
0.000849	9.428774
0.000851	9.200742
0.000853	8.936326
0.000855	8.636572
0.000857	8.302665
0.000860	7.935926
0.000862	7.537804
0.000864	7.109875
0.000866	6.653830
0.000868	6.171472
0.000870	5.664710
0.000872	5.135547
0.000874	4.586076
0.000876	4.018470
0.000878	3.434973
0.000881	2.837892
0.000883	2.229589
0.000885	1.612469
0.000887	0.988973
0.000889	0.361566
0.000891	-0.267271
0.000893	-0.895051
0.000895	-1.519291
0.000897	-2.137524
0.000899	-2.747304
0.000901	-3.346219
0.000904	-3.931903
0.000906	-4.502037
0.000908	-5.054369
0.000910	-5.586714
0.000912	-6.096966
0.000914	-6.583108
0.000916	-7.043217
0.000918	-7.475475
0.000920	-7.878171
0.000922	-8.249713
0.000925	-8.588633
0.000927	-8.893589
0.000929	-9.163375
0.000931	-9.396926
0.000933	-9.593317
0.000935	-9.751772
0.000937	-9.871664
0.000939	-9.952519
0.000941	-9.994018
0.000943	-9.995995
0.000946	-9.958444
0.000948	-9.881513
0.000950	-9.765506
0.000952	-9.610881
0.000954	-9.418251
0.000956	-9.188378
0.000958	-8.922169
0.000960	-8.620678
0.000962	-8.285096
0.000964	-7.916752
0.000966	-7.517102
0.000969	-7.087726
0.000971	-6.630321
0.000973	-6.146698
0.000975	-5.638767
0.000977	-5.108538
0.000979	-4.558108
0.000981	-3.989654
0.000983	-3.405422
0.000985	-2.807723
0.000987	-2.198922
0.000990	-1.581425
0.000992	-0.957675
0.000994	-0.330137
0.000996	0.298706
0.000998	0.926367
0.001000	1.550366
0.001002	2.168234
0.001004	2.777527
0.001006	3.375837
0.001008	3.960798
0.001011	4.530095
0.001013	5.081479
0.001015	5.612768
0.001017	6.121862
0.001019	6.606747
0.001021	7.065506
0.001023	7.496326
0.001025	7.897501
0.001027	8.267446
0.001029	8.604698
0.001031	8.907923
0.001034	9.175922
0.001036	9.407635
0.001038	9.602147
0.001040	9.758687
0.001042	9.876637
0.001044	9.955531
0.001046	9.995056
0.001048	9.995056
0.001050	9.955531
0.001052	9.876637
0.001055	9.758687
0.001057	9.602147
0.001059	9.407635
0.001061	9.175922
0.001063	8.907923
0.001065	8.604698
0.001067	8.267446
0.001069	7.897501
0.001071	7.496326
0.001073	7.065506
0.001076	6.606747
0.001078	6.121862
0.001080	5.612768
0.001082	5.081479
0.001084	4.530095
0.001086	3.960798
0.001088	3.375837
0.001090	2.777527
0.001092	2.168234
0.001094	1.550366
0.001096	0.926367
0.001099	0.298706
0.001101	-0.330137
0.001103	-0.957675
0.001105	-1.581425
0.001107	-2.198922
0.001109	-2.807723
0.001111	-3.405422
0.001113	-3.989654
0.001115	-4.558108
0.001117	-5.108538
0.001120	-5.638767
0.001122	-6.146698
0.001124	-6.630321
0.001126	-7.087726
0.001128	-7.517102
0.001130	-7.916752
0.001132	-8.285096
0.001134	-8.620678
0.001136	-8.922169
0.001138	-9.188378
0.001140	-9.418251
0.001143	-9.610881
0.001145	-9.765506
0.001147	-9.881513
0.001149	-9.958444
0.001151	-9.995995
0.001153	-9.994018
0.001155	-9.952519
0.001157	-9.871664
0.001159	-9.751772
0.001161	-9.593317
0.001164	-9.396926
0.001166	-9.163375
0.001168	-8.893589
0.001170	-8.588633
0.001172	-8.249713
0.001174	-7.878171
0.001176	-7.475475
0.001178	-7.043217
0.001180	-6.583108
0.001182	-6.096966
0.001185	-5.586714
0.001187	-5.054369
0.001189	-4.502037
0.001191	-3.931903
0.001193	-3.346219
0.001195	-2.747304
0.001197	-2.137524
0.001199	-1.519291
0.001201	-0.895051
0.001203	-0.267271
0.001205	0.361566
0.001208	0.988973
0.001210	1.612469
0.001212	2.229589
0.001214	2.837892
0.001216	3.434973
0.001218	4.018470
0.001220	4.586076
0.001222	5.135547
0.001224	5.664710
0.001226	6.171472
0.001229	6.653830
0.001231	7.109875
0.001233	7.537804
0.001235	7.935926
0.001237	8.302665
0.001239	8.636572
0.001241	8.936326
0.001243	9.200742
0.001245	9.428774
0.001247	9.619521
0.001250	9.772228
0.001252	9.886291
0.001254	9.961259
0.001256	9.996836
0.001258	9.992880
0.001260	9.949409
0.001262	9.866593
0.001264	9.744761
0.001266	9.584393
0.001268	9.386124
0.001270	9.150738
0.001273	8.879167
0.001275	8.572483
0.001277	8.231899
0.001279	7.858763
0.001281	7.454550
0.001283	7.020859
0.001285	6.559404
0.001287	6.072009
0.001289	5.560604
0.001291	5.027209
0.001294	4.473935
0.001296	3.902969
0.001298	3.316568
0.001300	2.717053
0.001302	2.106793
0.001304	1.488201
0.001306	0.863725
0.001308	0.235833
0.001310	-0.392991
0.001312	-1.020261
0.001315	-1.643497
0.001317	-2.260234
0.001319	-2.868032
0.001321	-3.464490
0.001323	-4.047247
0.001325	-4.613999
0.001327	-5.162506
0.001329	-5.690597
0.001331	-6.196186
0.001333	-6.677272
0.001335	-7.131953
0.001338	-7.558432
0.001340	-7.955021
0.001342	-8.320152
0.001344	-8.652381
0.001346	-8.950396
0.001348	-9.213016
0.001350	-9.439204
0.001352	-9.628065
0.001354	-9.778853
0.001356	-9.890971
0.001359	-9.963975
0.001361	-9.997577
0.001363	-9.991645
0.001365	-9.946201
0.001367	-9.861425
0.001369	-9.737653
0.001371	-9.575374
0.001373	-9.375229
0.001375	-9.138011
0.001377	-8.864657
0.001379	-8.556248
0.001382	-8.214004
0.001384	-7.839278
0.001386	-7.433552
0.001388	-6.998431
0.001390	-6.535634
0.001392	-6.046993
0.001394	-5.534439
0.001396	-5.000000
0.001398	-4.445788
0.001400	-3.873996
0.001403	-3.286885
0.001405	-2.686775
0.001407	-2.076041
0.001409	-1.457097
0.001411	-0.832391
0.001413	-0.204394
0.001415	0.424412
0.001417	1.051539
0.001419	1.674509
0.001421	2.290856
0.001424	2.898144
0.001426	3.493972
0.001428	4.075983
0.001430	4.641876
0.001432	5.189413
0.001434	5.716428
0.001436	6.220839
0.001438	6.700649
0.001440	7.153962
0.001442	7.578985
0.001444	7.974037
0.001447	8.337556
0.001449	8.668105
0.001451	8.964377
0.001453	9.225199
0.001455	9.449541
0.001457	9.636515
0.001459	9.785382
0.001461	9.895553
0.001463	9.966593
0.001465	9.998220
0.001468	9.990310
0.001470	9.942894
0.001472	9.856159
0.001474	9.730449
0.001476	9.566260
0.001478	9.364242
0.001480	9.125193
0.001482	8.850059
0.001484	8.539929
0.001486	8.196027
0.001489	7.819715
0.001491	7.412480
0.001493	6.975933
0.001495	6.511800
0.001497	6.021917
0.001499	5.508220
0.001501	4.972741
0.001503	4.417598
0.001505	3.844985
0.001507	3.257168
0.001509	2.656471
0.001512	2.045268
0.001514	1.425978
0.001516	0.801049
0.001518	0.172952
0.001520	-0.455829
0.001522	-1.082807
0.001524	-1.705504
0.001526	-2.321456
0.001528	-2.928228
0.001530	-3.523420
0.001533	-4.104680
0.001535	-4.669707
0.001537	-5.216269
0.001539	-5.742203
0.001541	-6.245429
0.001543	-6.723959
0.001545	-7.175899
0.001547	-7.599462
0.001549	-7.992974
0.001551	-8.354878
0.001554	-8.683743
0.001556	-8.978269
0.001558	-9.237290
0.001560	-9.459784
0.001562	-9.644869
0.001564	-9.791813
0.001566	-9.900037
0.001568	-9.969112
0.001570	-9.998764
0.001572	-9.988877
0.001574	-9.939489
0.001577	-9.850796
0.001579	-9.723148
0.001581	-9.557051
0.001583	-9.353161
0.001585	-9.112285
0.001587	-8.835374
0.001589	-8.523525
0.001591	-8.177970
0.001593	-7.800075
0.001595	-7.391335
0.001598	-6.953367
0.001600	-6.487902
0.001602	-5.996781
0.001604	-5.481946
0.001606	-4.945433
0.001608	-4.389364
0.001610	-3.815937
0.001612	-3.227420
0.001614	-2.626140
0.001616	-2.014476
0.001618	-1.394845
0.001621	-0.769699
0.001623	-0.141508
0.001625	0.487241
0.001627	1.114064
0.001629	1.736482
0.001631	2.352032
0.001633	2.958282
0.001635	3.552833
0.001637	4.133335
0.001639	4.697492
0.001642	5.243073
0.001644	5.767920
0.001646	6.269959
0.001648	6.747203
0.001650	7.197766
0.001652	7.619865
0.001654	8.011832
0.001656	8.372117
0.001658	8.699295
0.001660	8.992072
0.001663	9.249290
0.001665	9.469933
0.001667	9.653127
0.001669	9.798148
0.001671	9.904424
0.001673	9.971532
0.001675	9.999209
0.001677	9.987344
0.001679	9.935985
0.001681	9.845335
0.001683	9.715752
0.001686	9.547748
0.001688	9.341989
0.001690	9.099287
0.001692	8.820602
0.001694	8.507037
0.001696	8.159831
0.001698	7.780358
0.001700	7.370117
0.001702	6.930732
0.001704	6.463940
0.001707	5.971586
0.001709	5.455618
0.001711	4.918076
0.001713	4.361086
0.001715	3.786850
0.001717	3.197639
0.001719	2.595784
0.001721	1.983663
0.001723	1.363698
0.001725	0.738341
0.001728	0.110064
0.001730	-0.518649
0.001732	-1.145310
0.001734	-1.767443
0.001736	-2.382586
0.001738	-2.988307
0.001740	-3.582212
0.001742	-4.161950
0.001744	-4.725230
0.001746	-5.269825
0.001748	-5.793581
0.001751	-6.294426
0.001753	-6.770380
0.001755	-7.219561
0.001757	-7.640193
0.001759	-8.030612
0.001761	-8.389274
0.001763	-8.714761
0.001765	-9.005787
0.001767	-9.261199
0.001769	-9.479989
0.001772	-9.661290
0.001774	-9.804386
0.001776	-9.908712
0.001778	-9.973854
0.001780	-9.999555
0.001782	-9.985713
0.001784	-9.932384
0.001786	-9.839777
0.001788	-9.708259
0.001790	-9.538351
0.001793	-9.330724
0.001795	-9.086198
0.001797	-8.805742
0.001799	-8.490465
0.001801	-8.141612
0.001803	-7.760563
0.001805	-7.348826
0.001807	-6.908028
0.001809	-6.439913
0.001811	-5.946332
0.001813	-5.429236
0.001816	-4.890670
0.001818	-4.332765
0.001820	-3.757726
0.001822	-3.167827
0.001824	-2.565401
0.001826	-1.952831
0.001828	-1.332538
0.001830	-0.706976
0.001832	-0.078618
0.001834	0.550051
0.001837	1.176545
0.001839	1.798386
0.001841	2.413116
0.001843	3.018303
0.001845	3.611554
0.001847	4.190524
0.001849	4.752922
0.001851	5.296525
0.001853	5.819184
0.001855	6.318831
0.001857	6.793490
0.001860	7.241285
0.001862	7.660444
0.001864	8.049311
0.001866	8.406347
0.001868	8.730141
0.001870	9.019412
0.001872	9.273016
0.001874	9.489951
0.001876	9.669358
0.001878	9.810528
0.001881	9.912902
0.001883	9.976077
0.001885	9.999802
0.001887	9.983983
0.001889	9.928684
0.001891	9.834121
0.001893	9.700671
0.001895	9.528859
0.001897	9.319366
0.001899	9.073020
0.001902	8.790796
0.001904	8.473808
0.001906	8.123312
0.001908	7.740692
0.001910	7.327462
0.001912	6.885256
0.001914	6.415823
0.001916	5.921019
0.001918	5.402800
0.001920	4.863216
0.001922	4.304401
0.001925	3.728565
0.001927	3.137984
0.001929	2.534994
0.001931	1.921979
0.001933	1.301365
0.001935	0.675604
0.001937	0.047171
0.001939	-0.581448
0.001941	-1.207768
0.001943	-1.829312
0.001946	-2.443622
0.001948	-3.048269
0.001950	-3.640861
0.001952	-4.219056
0.001954	-4.780567
0.001956	-5.323173
0.001958	-5.844730
0.001960	-6.343173
0.001962	-6.816533
0.001964	-7.262937
0.001967	-7.680621
0.001969	-8.067931
0.001971	-8.423338
0.001973	-8.745435
0.001975	-9.032948
0.001977	-9.284741
0.001979	-9.499819
0.001981	-9.677329
0.001983	-9.816572
0.001985	-9.916995
0.001987	-9.978202
0.001990	-9.999951
0.001992	-9.982155
0.001994	-9.924886
0.001996	-9.828369
0.001998	-9.692986
0.002000	-9.519273
0.002002	-9.307917
0.002004	-9.059753
0.002006	-8.775762
0.002008	-8.457068
0.002011	-8.104932
0.002013	-7.720745
0.002015	-7.306026
0.002017	-6.862416
0.002019	-6.391670
0.002021	-5.895647
0.002023	-5.376311
0.002025	-4.835714
0.002027	-4.275995
0.002029	-3.699367
0.002032	-3.108109
0.002034	-2.504561
0.002036	-1.891109
0.002038	-1.270178
0.002040	-0.644225
0.002042	-0.015724
0.002044	0.612840
0.002046	1.238979
0.002048	1.860220
0.002050	2.474104
0.002052	3.078204
0.002055	3.670132
0.002057	4.247547
0.002059	4.808164
0.002061	5.349769
0.002063	5.870217
0.002065	6.367453
0.002067	6.839508
0.002069	7.284518
0.002071	7.700721
0.002073	8.086471
0.002076	8.440245
0.002078	8.760642
0.002080	9.046395
0.002082	9.296375
0.002084	9.509593
0.002086	9.685206
0.002088	9.822519
0.002090	9.920989
0.002092	9.980228
0.002094	10.000000
