0.000000	10.000000
0.000021	9.980228
0.000042	9.920989
0.000063	9.822519
0.000084	9.685206
0.000105	9.509593
0.000126	9.296375
0.000147	9.046395
0.000168	8.760642
0.000189	8.440245
0.000210	8.086471
0.000231	7.700721
0.000252	7.284518
0.000273	6.839508
0.000294	6.367453
0.000314	5.870217
0.000335	5.349769
0.000356	4.808164
0.000377	4.247547
0.000398	3.670132
0.000419	3.078204
0.000440	2.474104
0.000461	1.860220
0.000482	1.238979
0.000503	0.612840
0.000524	-0.015724
0.000545	-0.644225
0.000566	-1.270178
0.000587	-1.891109
0.000608	-2.504561
0.000629	-3.108109
0.000650	-3.699367
0.000671	-4.275995
0.000692	-4.835714
0.000713	-5.376311
0.000734	-5.895647
0.000755	-6.391670
0.000776	-6.862416
0.000797	-7.306026
0.000818	-7.720745
0.000839	-8.104932
0.000860	-8.457068
0.000881	-8.775762
0.000901	-9.059753
0.000922	-9.307917
0.000943	-9.519273
0.000964	-9.692986
0.000985	-9.828369
0.001006	-9.924886
0.001027	-9.982155
0.001048	-9.999951
0.001069	-9.978202
0.001090	-9.916995
0.001111	-9.816572
0.001132	-9.677329
0.001153	-9.499819
0.001174	-9.284741
0.001195	-9.032948
0.001216	-8.745435
0.001237	-8.423338
0.001258	-8.067931
0.001279	-7.680621
0.001300	-7.262937
0.001321	-6.816533
0.001342	-6.343173
0.001363	-5.844730
0.001384	-5.323173
0.001405	-4.780567
0.001426	-4.219056
0.001447	-3.640861
0.001468	-3.048269
0.001489	-2.443622
0.001509	-1.829312
0.001530	-1.207768
0.001551	-0.581448
0.001572	0.047171
0.001593	0.675604
0.001614	1.301365
0.001635	1.921979
0.001656	2.534994
0.001677	3.137984
0.001698	3.728565
0.001719	4.304401
0.001740	4.863216
0.001761	5.402800
0.001782	5.921019
0.001803	6.415823
0.001824	6.885256
0.001845	7.327462
0.001866	7.740692
0.001887	8.123312
0.001908	8.473808
0.001929	8.790796
0.001950	9.073020
0.001971	9.319366
0.001992	9.528859
0.002013	9.700671
0.002034	9.834121
0.002055	9.928684
0.002076	9.983983
0.002096	9.999802
0.002117	9.976077
0.002138	9.912902
0.002159	9.810528
0.002180	9.669358
0.002201	9.489951
0.002222	9.273016
0.002243	9.019412
0.002264	8.730141
0.002285	8.406347
0.002306	8.049311
0.002327	7.660444
0.002348	7.241285
0.002369	6.793490
0.002390	6.318831
0.002411	5.819184
0.002432	5.296525
0.002453	4.752922
0.002474	4.190524
0.002495	3.611554
0.002516	3.018303
0.002537	2.413116
0.002558	1.798386
0.002579	1.176545
0.002600	0.550051
0.002621	-0.078618
0.002642	-0.706976
0.002663	-1.332538
0.002684	-1.952831
0.002704	-2.565401
0.002725	-3.167827
0.002746	-3.757726
0.002767	-4.332765
0.002788	-4.890670
0.002809	-5.429236
0.002830	-5.946332
0.002851	-6.439913
0.002872	-6.908028
0.002893	-7.348826
0.002914	-7.760563
0.002935	-8.141612
0.002956	-8.490465
0.002977	-8.805742
0.002998	-9.086198
0.003019	-9.330724
0.003040	-9.538351
0.003061	-9.708259
0.003082	-9.839777
0.003103	-9.932384
0.003124	-9.985713
0.003145	-9.999555
0.003166	-9.973854
0.003187	-9.908712
0.003208	-9.804386
0.003229	-9.661290
0.003250	-9.479989
0.003271	-9.261199
0.003291	-9.005787
0.003312	-8.714761
0.003333	-8.389274
0.003354	-8.030612
0.003375	-7.640193
0.003396	-7.219561
0.003417	-6.770380
0.003438	-6.294426
0.003459	-5.793581
0.003480	-5.269825
0.003501	-4.725230
0.003522	-4.161950
0.003543	-3.582212
0.003564	-2.988307
0.003585	-2.382586
0.003606	-1.767443
0.003627	-1.145310
0.003648	-0.518649
0.003669	0.110064
0.003690	0.738341
0.003711	1.363698
0.003732	1.983663
0.003753	2.595784
0.003774	3.197639
0.003795	3.786850
0.003816	4.361086
0.003837	4.918076
0.003858	5.455618
0.003879	5.971586
0.003899	6.463940
0.003920	6.930732
0.003941	7.370117
0.003962	7.780358
0.003983	8.159831
0.004004	8.507037
0.004025	8.820602
0.004046	9.099287
0.004067	9.341989
0.004088	9.547748
0.004109	9.715752
0.004130	9.845335
0.004151	9.935985
0.004172	9.987344
0.004193	9.999209
0.004214	9.971532
0.004235	9.904424
0.004256	9.798148
0.004277	9.653127
0.004298	9.469933
0.004319	9.249290
0.004340	8.992072
0.004361	8.699295
0.004382	8.372117
0.004403	8.011832
0.004424	7.619865
0.004445	7.197766
0.004466	6.747203
0.004486	6.269959
0.004507	5.767920
0.004528	5.243073
0.004549	4.697492
0.004570	4.133335
0.004591	3.552833
0.004612	2.958282
0.004633	2.352032
0.004654	1.736482
0.004675	1.114064
0.004696	0.487241
0.004717	-0.141508
0.004738	-0.769699
0.004759	-1.394845
0.004780	-2.014476
0.004801	-2.626140
0.004822	-3.227420
0.004843	-3.815937
0.004864	-4.389364
0.004885	-4.945433
0.004906	-5.481946
0.004927	-5.996781
0.004948	-6.487902
0.004969	-6.953367
0.004990	-7.391335
0.005011	-7.800075
0.005032	-8.177970
0.005053	-8.523525
0.005074	-8.835374
0.005094	-9.112285
0.005115	-9.353161
0.005136	-9.557051
0.005157	-9.723148
0.005178	-9.850796
0.005199	-9.939489
0.005220	-9.988877
0.005241	-9.998764
0.005262	-9.969112
0.005283	-9.900037
0.005304	-9.791813
0.005325	-9.644869
0.005346	-9.459784
0.005367	-9.237290
0.005388	-8.978269
0.005409	-8.683743
0.005430	-8.354878
0.005451	-7.992974
0.005472	-7.599462
0.005493	-7.175899
0.005514	-6.723959
0.005535	-6.245429
0.005556	-5.742203
0.005577	-5.216269
0.005598	-4.669707
0.005619	-4.104680
0.005640	-3.523420
0.005661	-2.928228
0.005681	-2.321456
0.005702	-1.705504
0.005723	-1.082807
0.005744	-0.455829
0.005765	0.172952
0.005786	0.801049
0.005807	1.425978
0.005828	2.045268
0.005849	2.656471
0.005870	3.257168
0.005891	3.844985
0.005912	4.417598
0.005933	4.972741
0.005954	5.508220
0.005975	6.021917
0.005996	6.511800
0.006017	6.975933
0.006038	7.412480
0.006059	7.819715
0.006080	8.196027
0.006101	8.539929
0.006122	8.850059
0.006143	9.125193
0.006164	9.364242
0.006185	9.566260
0.006206	9.730449
0.006227	9.856159
0.006248	9.942894
0.006269	9.990310
0.006289	9.998220
0.006310	9.966593
0.006331	9.895553
0.006352	9.785382
0.006373	9.636515
0.006394	9.449541
0.006415	9.225199
0.006436	8.964377
0.006457	8.668105
0.006478	8.337556
0.006499	7.974037
0.006520	7.578985
0.006541	7.153962
0.006562	6.700649
0.006583	6.220839
0.006604	5.716428
0.006625	5.189413
0.006646	4.641876
0.006667	4.075983
0.006688	3.493972
0.006709	2.898144
0.006730	2.290856
0.006751	1.674509
0.006772	1.051539
0.006793	0.424412
0.006814	-0.204394
0.006835	-0.832391
0.006856	-1.457097
0.006876	-2.076041
0.006897	-2.686775
0.006918	-3.286885
0.006939	-3.873996
0.006960	-4.445788
0.006981	-5.000000
0.007002	-5.534439
0.007023	-6.046993
0.007044	-6.535634
0.007065	-6.998431
0.007086	-7.433552
0.007107	-7.839278
0.007128	-8.214004
0.007149	-8.556248
0.007170	-8.864657
0.007191	-9.138011
0.007212	-9.375229
0.007233	-9.575374
0.007254	-9.737653
0.007275	-9.861425
0.007296	-9.946201
0.007317	-9.991645
0.007338	-9.997577
0.007359	-9.963975
0.007380	-9.890971
0.007401	-9.778853
0.007422	-9.628065
0.007443	-9.439204
0.007464	-9.213016
0.007484	-8.950396
0.007505	-8.652381
0.007526	-8.320152
0.007547	-7.955021
0.007568	-7.558432
0.007589	-7.131953
0.007610	-6.677272
0.007631	-6.196186
0.007652	-5.690597
0.007673	-5.162506
0.007694	-4.613999
0.007715	-4.047247
0.007736	-3.464490
0.007757	-2.868032
0.007778	-2.260234
0.007799	-1.643497
0.007820	-1.020261
0.007841	-0.392991
0.007862	0.235833
0.007883	0.863725
0.007904	1.488201
0.007925	2.106793
0.007946	2.717053
0.007967	3.316568
0.007988	3.902969
0.008009	4.473935
0.008030	5.027209
0.008051	5.560604
0.008071	6.072009
0.008092	6.559404
0.008113	7.020859
0.008134	7.454550
0.008155	7.858763
0.008176	8.231899
0.008197	8.572483
0.008218	8.879167
0.008239	9.150738
0.008260	9.386124
0.008281	9.584393
0.008302	9.744761
0.008323	9.866593
0.008344	9.949409
0.008365	9.992880
0.008386	9.996836
0.008407	9.961259
0.008428	9.886291
0.008449	9.772228
0.008470	9.619521
0.008491	9.428774
0.008512	9.200742
0.008533	8.936326
0.008554	8.636572
0.008575	8.302665
0.008596	7.935926
0.008617	7.537804
0.008638	7.109875
0.008659	6.653830
0.008679	6.171472
0.008700	5.664710
0.008721	5.135547
0.008742	4.586076
0.008763	4.018470
0.008784	3.434973
0.008805	2.837892
0.008826	2.229589
0.008847	1.612469
0.008868	0.988973
0.008889	0.361566
0.008910	-0.267271
0.008931	-0.895051
0.008952	-1.519291
0.008973	-2.137524
0.008994	-2.747304
0.009015	-3.346219
0.009036	-3.931903
0.009057	-4.502037
0.009078	-5.054369
0.009099	-5.586714
0.009120	-6.096966
0.009141	-6.583108
0.009162	-7.043217
0.009183	-7.475475
0.009204	-7.878171
0.009225	-8.249713
0.009246	-8.588633
0.009266	-8.893589
0.009287	-9.163375
0.009308	-9.396926
0.009329	-9.593317
0.009350	-9.751772
0.009371	-9.871664
0.009392	-9.952519
0.009413	-9.994018
0.009434	-9.995995
0.009455	-9.958444
0.009476	-9.881513
0.009497	-9.765506
0.009518	-9.610881
0.009539	-9.418251
0.009560	-9.188378
0.009581	-8.922169
0.009602	-8.620678
0.009623	-8.285096
0.009644	-7.916752
0.009665	-7.517102
0.009686	-7.087726
0.009707	-6.630321
0.009728	-6.146698
0.009749	-5.638767
0.009770	-5.108538
0.009791	-4.558108
0.009812	-3.989654
0.009833	-3.405422
0.009854	-2.807723
0.009874	-2.198922
0.009895	-1.581425
0.009916	-0.957675
0.009937	-0.330137
0.009958	0.298706
0.009979	0.926367
0.010000	1.550366
0.010021	2.168234
0.010042	2.777527
0.010063	3.375837
0.010084	3.960798
0.010105	4.530095
0.010126	5.081479
0.010147	5.612768
0.010168	6.121862
0.010189	6.606747
0.010210	7.065506
0.010231	7.496326
0.010252	7.897501
0.010273	8.267446
0.010294	8.604698
0.010315	8.907923
0.010336	9.175922
0.010357	9.407635
0.010378	9.602147
0.010399	9.758687
0.010420	9.876637
0.010441	9.955531
0.010461	9.995056
0.010482	9.995056
0.010503	9.955531
0.010524	9.876637
0.010545	9.758687
0.010566	9.602147
0.010587	9.407635
0.010608	9.175922
0.010629	8.907923
0.010650	8.604698
0.010671	8.267446
0.010692	7.897501
0.010713	7.496326
0.010734	7.065506
0.010755	6.606747
0.010776	6.121862
0.010797	5.612768
0.010818	5.081479
0.010839	4.530095
0.010860	3.960798
0.010881	3.375837
0.010902	2.777527
0.010923	2.168234
0.010944	1.550366
0.010965	0.926367
0.010986	0.298706
0.011007	-0.330137
0.011028	-0.957675
0.011049	-1.581425
0.011069	-2.198922
0.011090	-2.807723
0.011111	-3.405422
0.011132	-3.989654
0.011153	-4.558108
0.011174	-5.108538
0.011195	-5.638767
0.011216	-6.146698
0.011237	-6.630321
0.011258	-7.087726
0.011279	-7.517102
0.011300	-7.916752
0.011321	-8.285096
0.011342	-8.620678
0.011363	-8.922169
0.011384	-9.188378
0.011405	-9.418251
0.011426	-9.610881
0.011447	-9.765506
0.011468	-9.881513
0.011489	-9.958444
0.011510	-9.995995
0.011531	-9.994018
0.011552	-9.952519
0.011573	-9.871664
0.011594	-9.751772
0.011615	-9.593317
0.011636	-9.396926
0.011656	-9.163375
0.011677	-8.893589
0.011698	-8.588633
0.011719	-8.249713
0.011740	-7.878171
0.011761	-7.475475
0.011782	-7.043217
0.011803	-6.583108
0.011824	-6.096966
0.011845	-5.586714
0.011866	-5.054369
0.011887	-4.502037
0.011908	-3.931903
0.011929	-3.346219
0.011950	-2.747304
0.011971	-2.137524
0.011992	-1.519291
0.012013	-0.895051
0.012034	-0.267271
0.012055	0.361566
0.012076	0.988973
0.012097	1.612469
0.012118	2.229589
0.012139	2.837892
0.012160	3.434973
0.012181	4.018470
0.012202	4.586076
0.012223	5.135547
0.012244	5.664710
0.012264	6.171472
0.012285	6.653830
0.012306	7.109875
0.012327	7.537804
0.012348	7.935926
0.012369	8.302665
0.012390	8.636572
0.012411	8.936326
0.012432	9.200742
0.012453	9.428774
0.012474	9.619521
0.012495	9.772228
0.012516	9.886291
0.012537	9.961259
0.012558	9.996836
0.012579	9.992880
0.012600	9.949409
0.012621	9.866593
0.012642	9.744761
0.012663	9.584393
0.012684	9.386124
0.012705	9.150738
0.012726	8.879167
0.012747	8.572483
0.012768	8.231899
0.012789	7.858763
0.012810	7.454550
0.012831	7.020859
0.012851	6.559404
0.012872	6.072009
0.012893	5.560604
0.012914	5.027209
0.012935	4.473935
0.012956	3.902969
0.012977	3.316568
0.012998	2.717053
0.013019	2.106793
0.013040	1.488201
0.013061	0.863725
0.013082	0.235833
0.013103	-0.392991
0.013124	-1.020261
0.013145	-1.643497
0.013166	-2.260234
0.013187	-2.868032
0.013208	-3.464490
0.013229	-4.047247
0.013250	-4.613999
0.013271	-5.162506
0.013292	-5.690597
0.013313	-6.196186
0.013334	-6.677272
0.013355	-7.131953
0.013376	-7.558432
0.013397	-7.955021
0.013418	-8.320152
0.013439	-8.652381
0.013459	-8.950396
0.013480	-9.213016
0.013501	-9.439204
0.013522	-9.628065
0.013543	-9.778853
0.013564	-9.890971
0.013585	-9.963975
0.013606	-9.997577
0.013627	-9.991645
0.013648	-9.946201
0.013669	-9.861425
0.013690	-9.737653
0.013711	-9.575374
0.013732	-9.375229
0.013753	-9.138011
0.013774	-8.864657
0.013795	-8.556248
0.013816	-8.214004
0.013837	-7.839278
0.013858	-7.433552
0.013879	-6.998431
0.013900	-6.535634
0.013921	-6.046993
0.013942	-5.534439
0.013963	-5.000000
0.013984	-4.445788
0.014005	-3.873996
0.014026	-3.286885
0.014046	-2.686775
0.014067	-2.076041
0.014088	-1.457097
0.014109	-0.832391
0.014130	-0.204394
0.014151	0.424412
0.014172	1.051539
0.014193	1.674509
0.014214	2.290856
0.014235	2.898144
0.014256	3.493972
0.014277	4.075983
0.014298	4.641876
0.014319	5.189413
0.014340	5.716428
0.014361	6.220839
0.014382	6.700649
0.014403	7.153962
0.014424	7.578985
0.014445	7.974037
0.014466	8.337556
0.014487	8.668105
0.014508	8.964377
0.014529	9.225199
0.014550	9.449541
0.014571	9.636515
0.014592	9.785382
0.014613	9.895553
0.014634	9.966593
0.014654	9.998220
0.014675	9.990310
0.014696	9.942894
0.014717	9.856159
0.014738	9.730449
0.014759	9.566260
0.014780	9.364242
0.014801	9.125193
0.014822	8.850059
0.014843	8.539929
0.014864	8.196027
0.014885	7.819715
0.014906	7.412480
0.014927	6.975933
0.014948	6.511800
0.014969	6.021917
0.014990	5.508220
0.015011	4.972741
0.015032	4.417598
0.015053	3.844985
0.015074	3.257168
0.015095	2.656471
0.015116	2.045268
0.015137	1.425978
0.015158	0.801049
0.015179	0.172952
0.015200	-0.455829
0.015221	-1.082807
0.015241	-1.705504
0.015262	-2.321456
0.015283	-2.928228
0.015304	-3.523420
0.015325	-4.104680
0.015346	-4.669707
0.015367	-5.216269
0.015388	-5.742203
0.015409	-6.245429
0.015430	-6.723959
0.015451	-7.175899
0.015472	-7.599462
0.015493	-7.992974
0.015514	-8.354878
0.015535	-8.683743
0.015556	-8.978269
0.015577	-9.237290
0.015598	-9.459784
0.015619	-9.644869
0.015640	-9.791813
0.015661	-9.900037
0.015682	-9.969112
0.015703	-9.998764
0.015724	-9.988877
0.015745	-9.939489
0.015766	-9.850796
0.015787	-9.723148
0.015808	-9.557051
0.015829	-9.353161
0.015849	-9.112285
0.015870	-8.835374
0.015891	-8.523525
0.015912	-8.177970
0.015933	-7.800075
0.015954	-7.391335
0.015975	-6.953367
0.015996	-6.487902
0.016017	-5.996781
0.016038	-5.481946
0.016059	-4.945433
0.016080	-4.389364
0.016101	-3.815937
0.016122	-3.227420
0.016143	-2.626140
0.016164	-2.014476
0.016185	-1.394845
0.016206	-0.769699
0.016227	-0.141508
0.016248	0.487241
0.016269	1.114064
0.016290	1.736482
0.016311	2.352032
0.016332	2.958282
0.016353	3.552833
0.016374	4.133335
0.016395	4.697492
0.016416	5.243073
0.016436	5.767920
0.016457	6.269959
0.016478	6.747203
0.016499	7.197766
0.016520	7.619865
0.016541	8.011832
0.016562	8.372117
0.016583	8.699295
0.016604	8.992072
0.016625	9.249290
0.016646	9.469933
0.016667	9.653127
0.016688	9.798148
0.016709	9.904424
0.016730	9.971532
0.016751	9.999209
0.016772	9.987344
0.016793	9.935985
0.016814	9.845335
0.016835	9.715752
0.016856	9.547748
0.016877	9.341989
0.016898	9.099287
0.016919	8.820602
0.016940	8.507037
0.016961	8.159831
0.016982	7.780358
0.017003	7.370117
0.017024	6.930732
0.017044	6.463940
0.017065	5.971586
0.017086	5.455618
0.017107	4.918076
0.017128	4.361086
0.017149	3.786850
0.017170	3.197639
0.017191	2.595784
0.017212	1.983663
0.017233	1.363698
0.017254	0.738341
0.017275	0.110064
0.017296	-0.518649
0.017317	-1.145310
0.017338	-1.767443
0.017359	-2.382586
0.017380	-2.988307
0.017401	-3.582212
0.017422	-4.161950
0.017443	-4.725230
0.017464	-5.269825
0.017485	-5.793581
0.017506	-6.294426
0.017527	-6.770380
0.017548	-7.219561
0.017569	-7.640193
0.017590	-8.030612
0.017611	-8.389274
0.017631	-8.714761
0.017652	-9.005787
0.017673	-9.261199
0.017694	-9.479989
0.017715	-9.661290
0.017736	-9.804386
0.017757	-9.908712
0.017778	-9.973854
0.017799	-9.999555
0.017820	-9.985713
0.017841	-9.932384
0.017862	-9.839777
0.017883	-9.708259
0.017904	-9.538351
0.017925	-9.330724
0.017946	-9.086198
0.017967	-8.805742
0.017988	-8.490465
0.018009	-8.141612
0.018030	-7.760563
0.018051	-7.348826
0.018072	-6.908028
0.018093	-6.439913
0.018114	-5.946332
0.018135	-5.429236
0.018156	-4.890670
0.018177	-4.332765
0.018198	-3.757726
0.018219	-3.167827
0.018239	-2.565401
0.018260	-1.952831
0.018281	-1.332538
0.018302	-0.706976
0.018323	-0.078618
0.018344	0.550051
0.018365	1.176545
0.018386	1.798386
0.018407	2.413116
0.018428	3.018303
0.018449	3.611554
0.018470	4.190524
0.018491	4.752922
0.018512	5.296525
0.018533	5.819184
0.018554	6.318831
0.018575	6.793490
0.018596	7.241285
0.018617	7.660444
0.018638	8.049311
0.018659	8.406347
0.018680	8.730141
0.018701	9.019412
0.018722	9.273016
0.018743	9.489951
0.018764	9.669358
0.018785	9.810528
0.018806	9.912902
0.018826	9.976077
0.018847	9.999802
0.018868	9.983983
0.018889	9.928684
0.018910	9.834121
0.018931	9.700671
0.018952	9.528859
0.018973	9.319366
0.018994	9.073020
0.019015	8.790796
0.019036	8.473808
0.019057	8.123312
0.019078	7.740692
0.019099	7.327462
0.019120	6.885256
0.019141	6.415823
0.019162	5.921019
0.019183	5.402800
0.019204	4.863216
0.019225	4.304401
0.019246	3.728565
0.019267	3.137984
0.019288	2.534994
0.019309	1.921979
0.019330	1.301365
0.019351	0.675604
0.019372	0.047171
0.019393	-0.581448
0.019414	-1.207768
0.019434	-1.829312
0.019455	-2.443622
0.019476	-3.048269
0.019497	-3.640861
0.019518	-4.219056
0.019539	-4.780567
0.019560	-5.323173
0.019581	-5.844730
0.019602	-6.343173
0.019623	-6.816533
0.019644	-7.262937
0.019665	-7.680621
0.019686	-8.067931
0.019707	-8.423338
0.019728	-8.745435
0.019749	-9.032948
0.019770	-9.284741
0.019791	-9.499819
0.019812	-9.677329
0.019833	-9.816572
0.019854	-9.916995
0.019875	-9.978202
0.019896	-9.999951
0.019917	-9.982155
0.019938	-9.924886
0.019959	-9.828369
0.019980	-9.692986
0.020001	-9.519273
0.020021	-9.307917
0.020042	-9.059753
0.020063	-8.775762
0.020084	-8.457068
0.020105	-8.104932
0.020126	-7.720745
0.020147	-7.306026
0.020168	-6.862416
0.020189	-6.391670
0.020210	-5.895647
0.020231	-5.376311
0.020252	-4.835714
0.020273	-4.275995
0.020294	-3.699367
0.020315	-3.108109
0.020336	-2.504561
0.020357	-1.891109
0.020378	-1.270178
0.020399	-0.644225
0.020420	-0.015724
0.020441	0.612840
0.020462	1.238979
0.020483	1.860220
0.020504	2.474104
0.020525	3.078204
0.020546	3.670132
0.020567	4.247547
0.020588	4.808164
0.020609	5.349769
0.020629	5.870217
0.020650	6.367453
0.020671	6.839508
0.020692	7.284518
0.020713	7.700721
0.020734	8.086471
0.020755	8.440245
0.020776	8.760642
0.020797	9.046395
0.020818	9.296375
0.020839	9.509593
0.020860	9.685206
0.020881	9.822519
0.020902	9.920989
0.020923	9.980228
0.020944	10.000000
