0.000000	10.000000
0.020965	9.980228
0.041930	9.920989
0.062895	9.822519
0.083860	9.685206
0.104825	9.509593
0.125789	9.296375
0.146754	9.046395
0.167719	8.760642
0.188684	8.440245
0.209649	8.086471
0.230614	7.700721
0.251579	7.284518
0.272544	6.839508
0.293509	6.367453
0.314474	5.870217
0.335439	5.349769
0.356404	4.808164
0.377368	4.247547
0.398333	3.670132
0.419298	3.078204
0.440263	2.474104
0.461228	1.860220
0.482193	1.238979
0.503158	0.612840
0.524123	-0.015724
0.545088	-0.644225
0.566053	-1.270178
0.587018	-1.891109
0.607983	-2.504561
0.628947	-3.108109
0.649912	-3.699367
0.670877	-4.275995
0.691842	-4.835714
0.712807	-5.376311
0.733772	-5.895647
0.754737	-6.391670
0.775702	-6.862416
0.796667	-7.306026
0.817632	-7.720745
0.838597	-8.104932
0.859562	-8.457068
0.880526	-8.775762
0.901491	-9.059753
0.922456	-9.307917
0.943421	-9.519273
0.964386	-9.692986
0.985351	-9.828369
1.006316	-9.924886
1.027281	-9.982155
1.048246	-9.999951
1.069211	-9.978202
1.090176	-9.916995
1.111141	-9.816572
1.132105	-9.677329
1.153070	-9.499819
1.174035	-9.284741
1.195000	-9.032948
1.215965	-8.745435
1.236930	-8.423338
1.257895	-8.067931
1.278860	-7.680621
1.299825	-7.262937
1.320790	-6.816533
1.341755	-6.343173
1.362720	-5.844730
1.383684	-5.323173
1.404649	-4.780567
1.425614	-4.219056
1.446579	-3.640861
1.467544	-3.048269
1.488509	-2.443622
1.509474	-1.829312
1.530439	-1.207768
1.551404	-0.581448
1.572369	0.047171
1.593334	0.675604
1.614299	1.301365
1.635263	1.921979
1.656228	2.534994
1.677193	3.137984
1.698158	3.728565
1.719123	4.304401
1.740088	4.863216
1.761053	5.402800
1.782018	5.921019
1.802983	6.415823
1.823948	6.885256
1.844913	7.327462
1.865878	7.740692
1.886842	8.123312
1.907807	8.473808
1.928772	8.790796
1.949737	9.073020
1.970702	9.319366
1.991667	9.528859
2.012632	9.700671
2.033597	9.834121
2.054562	9.928684
2.075527	9.983983
2.096492	9.999802
2.117457	9.976077
2.138421	9.912902
2.159386	9.810528
2.180351	9.669358
2.201316	9.489951
2.222281	9.273016
2.243246	9.019412
2.264211	8.730141
2.285176	8.406347
2.306141	8.049311
2.327106	7.660444
2.348071	7.241285
2.369036	6.793490
2.390000	6.318831
2.410965	5.819184
2.431930	5.296525
2.452895	4.752922
2.473860	4.190524
2.494825	3.611554
2.515790	3.018303
2.536755	2.413116
2.557720	1.798386
2.578685	1.176545
2.599650	0.550051
2.620614	-0.078618
2.641579	-0.706976
2.662544	-1.332538
2.683509	-1.952831
2.704474	-2.565401
2.725439	-3.167827
2.746404	-3.757726
2.767369	-4.332765
2.788334	-4.890670
2.809299	-5.429236
2.830264	-5.946332
2.851229	-6.439913
2.872193	-6.908028
2.893158	-7.348826
2.914123	-7.760563
2.935088	-8.141612
2.956053	-8.490465
2.977018	-8.805742
2.997983	-9.086198
3.018948	-9.330724
3.039913	-9.538351
3.060878	-9.708259
3.081843	-9.839777
3.102808	-9.932384
3.123772	-9.985713
3.144737	-9.999555
3.165702	-9.973854
3.186667	-9.908712
3.207632	-9.804386
3.228597	-9.661290
3.249562	-9.479989
3.270527	-9.261199
3.291492	-9.005787
3.312457	-8.714761
3.333422	-8.389274
3.354387	-8.030612
3.375351	-7.640193
3.396316	-7.219561
3.417281	-6.770380
3.438246	-6.294426
3.459211	-5.793581
3.480176	-5.269825
3.501141	-4.725230
3.522106	-4.161950
3.543071	-3.582212
3.564036	-2.988307
3.585001	-2.382586
3.605966	-1.767443
3.626930	-1.145310
3.647895	-0.518649
3.668860	0.110064
3.689825	0.738341
3.710790	1.363698
3.731755	1.983663
3.752720	2.595784
3.773685	3.197639
3.794650	3.786850
3.815615	4.361086
3.836580	4.918076
3.857545	5.455618
3.878509	5.971586
3.899474	6.463940
3.920439	6.930732
3.941404	7.370117
3.962369	7.780358
3.983334	8.159831
4.004299	8.507037
4.025264	8.820602
4.046229	9.099287
4.067194	9.341989
4.088159	9.547748
4.109124	9.715752
4.130088	9.845335
4.151053	9.935985
4.172018	9.987344
4.192983	9.999209
4.213948	9.971532
4.234913	9.904424
4.255878	9.798148
4.276843	9.653127
4.297808	9.469933
4.318773	9.249290
4.339738	8.992072
4.360703	8.699295
4.381667	8.372117
4.402632	8.011832
4.423597	7.619865
4.444562	7.197766
4.465527	6.747203
4.486492	6.269959
4.507457	5.767920
4.528422	5.243073
4.549387	4.697492
4.570352	4.133335
4.591317	3.552833
4.612282	2.958282
4.633246	2.352032
4.654211	1.736482
4.675176	1.114064
4.696141	0.487241
4.717106	-0.141508
4.738071	-0.769699
4.759036	-1.394845
4.780001	-2.014476
4.800966	-2.626140
4.821931	-3.227420
4.842896	-3.815937
4.863860	-4.389364
4.884825	-4.945433
4.905790	-5.481946
4.926755	-5.996781
4.947720	-6.487902
4.968685	-6.953367
4.989650	-7.391335
5.010615	-7.800075
5.031580	-8.177970
5.052545	-8.523525
5.073510	-8.835374
5.094475	-9.112285
5.115439	-9.353161
5.136404	-9.557051
5.157369	-9.723148
5.178334	-9.850796
5.199299	-9.939489
5.220264	-9.988877
5.241229	-9.998764
5.262194	-9.969112
5.283159	-9.900037
5.304124	-9.791813
5.325089	-9.644869
5.346054	-9.459784
5.367018	-9.237290
5.387983	-8.978269
5.408948	-8.683743
5.429913	-8.354878
5.450878	-7.992974
5.471843	-7.599462
5.492808	-7.175899
5.513773	-6.723959
5.534738	-6.245429
5.555703	-5.742203
5.576668	-5.216269
5.597633	-4.669707
5.618597	-4.104680
5.639562	-3.523420
5.660527	-2.928228
5.681492	-2.321456
5.702457	-1.705504
5.723422	-1.082807
5.744387	-0.455829
5.765352	0.172952
5.786317	0.801049
5.807282	1.425978
5.828247	2.045268
5.849212	2.656471
5.870176	3.257168
5.891141	3.844985
5.912106	4.417598
5.933071	4.972741
5.954036	5.508220
5.975001	6.021917
5.995966	6.511800
6.016931	6.975933
6.037896	7.412480
6.058861	7.819715
6.079826	8.196027
6.100791	8.539929
6.121755	8.850059
6.142720	9.125193
6.163685	9.364242
6.184650	9.566260
6.205615	9.730449
6.226580	9.856159
6.247545	9.942894
6.268510	9.990310
6.289475	9.998220
6.310440	9.966593
6.331405	9.895553
6.352370	9.785382
6.373334	9.636515
6.394299	9.449541
6.415264	9.225199
6.436229	8.964377
6.457194	8.668105
6.478159	8.337556
6.499124	7.974037
6.520089	7.578985
6.541054	7.153962
6.562019	6.700649
6.582984	6.220839
6.603949	5.716428
6.624913	5.189413
6.645878	4.641876
6.666843	4.075983
6.687808	3.493972
6.708773	2.898144
6.729738	2.290856
6.750703	1.674509
6.771668	1.051539
6.792633	0.424412
6.813598	-0.204394
6.834563	-0.832391
6.855528	-1.457097
6.876492	-2.076041
6.897457	-2.686775
6.918422	-3.286885
6.939387	-3.873996
6.960352	-4.445788
6.981317	-5.000000
7.002282	-5.534439
7.023247	-6.046993
7.044212	-6.535634
7.065177	-6.998431
7.086142	-7.433552
7.107107	-7.839278
7.128071	-8.214004
7.149036	-8.556248
7.170001	-8.864657
7.190966	-9.138011
7.211931	-9.375229
7.232896	-9.575374
7.253861	-9.737653
7.274826	-9.861425
7.295791	-9.946201
7.316756	-9.991645
7.337721	-9.997577
7.358685	-9.963975
7.379650	-9.890971
7.400615	-9.778853
7.421580	-9.628065
7.442545	-9.439204
7.463510	-9.213016
7.484475	-8.950396
7.505440	-8.652381
7.526405	-8.320152
7.547370	-7.955021
7.568335	-7.558432
7.589300	-7.131953
7.610264	-6.677272
7.631229	-6.196186
7.652194	-5.690597
7.673159	-5.162506
7.694124	-4.613999
7.715089	-4.047247
7.736054	-3.464490
7.757019	-2.868032
7.777984	-2.260234
7.798949	-1.643497
7.819914	-1.020261
7.840879	-0.392991
7.861843	0.235833
7.882808	0.863725
7.903773	1.488201
7.924738	2.106793
7.945703	2.717053
7.966668	3.316568
7.987633	3.902969
8.008598	4.473935
8.029563	5.027209
8.050528	5.560604
8.071493	6.072009
8.092458	6.559404
8.113422	7.020859
8.134387	7.454550
8.155352	7.858763
8.176317	8.231899
8.197282	8.572483
8.218247	8.879167
8.239212	9.150738
8.260177	9.386124
8.281142	9.584393
8.302107	9.744761
8.323072	9.866593
8.344037	9.949409
8.365001	9.992880
8.385966	9.996836
8.406931	9.961259
8.427896	9.886291
8.448861	9.772228
8.469826	9.619521
8.490791	9.428774
8.511756	9.200742
8.532721	8.936326
8.553686	8.636572
8.574651	8.302665
8.595616	7.935926
8.616580	7.537804
8.637545	7.109875
8.658510	6.653830
8.679475	6.171472
8.700440	5.664710
8.721405	5.135547
8.742370	4.586076
8.763335	4.018470
8.784300	3.434973
8.805265	2.837892
8.826230	2.229589
8.847195	1.612469
8.868159	0.988973
8.889124	0.361566
8.910089	-0.267271
8.931054	-0.895051
8.952019	-1.519291
8.972984	-2.137524
8.993949	-2.747304
9.014914	-3.346219
9.035879	-3.931903
9.056844	-4.502037
9.077809	-5.054369
9.098774	-5.586714
9.119738	-6.096966
9.140703	-6.583108
9.161668	-7.043217
9.182633	-7.475475
9.203598	-7.878171
9.224563	-8.249713
9.245528	-8.588633
9.266493	-8.893589
9.287458	-9.163375
9.308423	-9.396926
9.329388	-9.593317
9.350353	-9.751772
9.371317	-9.871664
9.392282	-9.952519
9.413247	-9.994018
9.434212	-9.995995
9.455177	-9.958444
9.476142	-9.881513
9.497107	-9.765506
9.518072	-9.610881
9.539037	-9.418251
9.560002	-9.188378
9.580967	-8.922169
9.601932	-8.620678
9.622896	-8.285096
9.643861	-7.916752
9.664826	-7.517102
9.685791	-7.087726
9.706756	-6.630321
9.727721	-6.146698
9.748686	-5.638767
9.769651	-5.108538
9.790616	-4.558108
9.811581	-3.989654
9.832546	-3.405422
9.853510	-2.807723
9.874475	-2.198922
9.895440	-1.581425
9.916405	-0.957675
9.937370	-0.330137
9.958335	0.298706
9.979300	0.926367
10.000265	1.550366
10.021230	2.168234
10.042195	2.777527
10.063160	3.375837
10.084125	3.960798
10.105089	4.530095
10.126054	5.081479
10.147019	5.612768
10.167984	6.121862
10.188949	6.606747
10.209914	7.065506
10.230879	7.496326
10.251844	7.897501
10.272809	8.267446
10.293774	8.604698
10.314739	8.907923
10.335704	9.175922
10.356668	9.407635
10.377633	9.602147
10.398598	9.758687
10.419563	9.876637
10.440528	9.955531
10.461493	9.995056
10.482458	9.995056
10.503423	9.955531
10.524388	9.876637
10.545353	9.758687
10.566318	9.602147
10.587283	9.407635
10.608247	9.175922
10.629212	8.907923
10.650177	8.604698
10.671142	8.267446
10.692107	7.897501
10.713072	7.496326
10.734037	7.065506
10.755002	6.606747
10.775967	6.121862
10.796932	5.612768
10.817897	5.081479
10.838862	4.530095
10.859826	3.960798
10.880791	3.375837
10.901756	2.777527
10.922721	2.168234
10.943686	1.550366
10.964651	0.926367
10.985616	0.298706
11.006581	-0.330137
11.027546	-0.957675
11.048511	-1.581425
11.069476	-2.198922
11.090441	-2.807723
11.111405	-3.405422
11.132370	-3.989654
11.153335	-4.558108
11.174300	-5.108538
11.195265	-5.638767
11.216230	-6.146698
11.237195	-6.630321
11.258160	-7.087726
11.279125	-7.517102
11.300090	-7.916752
11.321055	-8.285096
11.342020	-8.620678
11.362984	-8.922169
11.383949	-9.188378
11.404914	-9.418251
11.425879	-9.610881
11.446844	-9.765506
11.467809	-9.881513
11.488774	-9.958444
11.509739	-9.995995
11.530704	-9.994018
11.551669	-9.952519
11.572634	-9.871664
11.593599	-9.751772
11.614563	-9.593317
11.635528	-9.396926
11.656493	-9.163375
11.677458	-8.893589
11.698423	-8.588633
11.719388	-8.249713
11.740353	-7.878171
11.761318	-7.475475
11.782283	-7.043217
11.803248	-6.583108
11.824213	-6.096966
11.845178	-5.586714
11.866142	-5.054369
11.887107	-4.502037
11.908072	-3.931903
11.929037	-3.346219
11.950002	-2.747304
11.970967	-2.137524
11.991932	-1.519291
12.012897	-0.895051
12.033862	-0.267271
12.054827	0.361566
12.075792	0.988973
12.096756	1.612469
12.117721	2.229589
12.138686	2.837892
12.159651	3.434973
12.180616	4.018470
12.201581	4.586076
12.222546	5.135547
12.243511	5.664710
12.264476	6.171472
12.285441	6.653830
12.306406	7.109875
12.327371	7.537804
12.348335	7.935926
12.369300	8.302665
12.390265	8.636572
12.411230	8.936326
12.432195	9.200742
12.453160	9.428774
12.474125	9.619521
12.495090	9.772228
12.516055	9.886291
12.537020	9.961259
12.557985	9.996836
12.578950	9.992880
12.599914	9.949409
12.620879	9.866593
12.641844	9.744761
12.662809	9.584393
12.683774	9.386124
12.704739	9.150738
12.725704	8.879167
12.746669	8.572483
12.767634	8.231899
12.788599	7.858763
12.809564	7.454550
12.830529	7.020859
12.851493	6.559404
12.872458	6.072009
12.893423	5.560604
12.914388	5.027209
12.935353	4.473935
12.956318	3.902969
12.977283	3.316568
12.998248	2.717053
13.019213	2.106793
13.040178	1.488201
13.061143	0.863725
13.082108	0.235833
13.103072	-0.392991
13.124037	-1.020261
13.145002	-1.643497
13.165967	-2.260234
13.186932	-2.868032
13.207897	-3.464490
13.228862	-4.047247
13.249827	-4.613999
13.270792	-5.162506
13.291757	-5.690597
13.312722	-6.196186
13.333687	-6.677272
13.354651	-7.131953
13.375616	-7.558432
13.396581	-7.955021
13.417546	-8.320152
13.438511	-8.652381
13.459476	-8.950396
13.480441	-9.213016
13.501406	-9.439204
13.522371	-9.628065
13.543336	-9.778853
13.564301	-9.890971
13.585266	-9.963975
13.606230	-9.997577
13.627195	-9.991645
13.648160	-9.946201
13.669125	-9.861425
13.690090	-9.737653
13.711055	-9.575374
13.732020	-9.375229
13.752985	-9.138011
13.773950	-8.864657
13.794915	-8.556248
13.815880	-8.214004
13.836845	-7.839278
13.857809	-7.433552
13.878774	-6.998431
13.899739	-6.535634
13.920704	-6.046993
13.941669	-5.534439
13.962634	-5.000000
13.983599	-4.445788
14.004564	-3.873996
14.025529	-3.286885
14.046494	-2.686775
14.067459	-2.076041
14.088424	-1.457097
14.109388	-0.832391
14.130353	-0.204394
14.151318	0.424412
14.172283	1.051539
14.193248	1.674509
14.214213	2.290856
14.235178	2.898144
14.256143	3.493972
14.277108	4.075983
14.298073	4.641876
14.319038	5.189413
14.340003	5.716428
14.360967	6.220839
14.381932	6.700649
14.402897	7.153962
14.423862	7.578985
14.444827	7.974037
14.465792	8.337556
14.486757	8.668105
14.507722	8.964377
14.528687	9.225199
14.549652	9.449541
14.570617	9.636515
14.591581	9.785382
14.612546	9.895553
14.633511	9.966593
14.654476	9.998220
14.675441	9.990310
14.696406	9.942894
14.717371	9.856159
14.738336	9.730449
14.759301	9.566260
14.780266	9.364242
14.801231	9.125193
14.822196	8.850059
14.843160	8.539929
14.864125	8.196027
14.885090	7.819715
14.906055	7.412480
14.927020	6.975933
14.947985	6.511800
14.968950	6.021917
14.989915	5.508220
15.010880	4.972741
15.031845	4.417598
15.052810	3.844985
15.073775	3.257168
15.094739	2.656471
15.115704	2.045268
15.136669	1.425978
15.157634	0.801049
15.178599	0.172952
15.199564	-0.455829
15.220529	-1.082807
15.241494	-1.705504
15.262459	-2.321456
15.283424	-2.928228
15.304389	-3.523420
15.325354	-4.104680
15.346318	-4.669707
15.367283	-5.216269
15.388248	-5.742203
15.409213	-6.245429
15.430178	-6.723959
15.451143	-7.175899
15.472108	-7.599462
15.493073	-7.992974
15.514038	-8.354878
15.535003	-8.683743
15.555968	-8.978269
15.576933	-9.237290
15.597897	-9.459784
15.618862	-9.644869
15.639827	-9.791813
15.660792	-9.900037
15.681757	-9.969112
15.702722	-9.998764
15.723687	-9.988877
15.744652	-9.939489
15.765617	-9.850796
15.786582	-9.723148
15.807547	-9.557051
15.828512	-9.353161
15.849476	-9.112285
15.870441	-8.835374
15.891406	-8.523525
15.912371	-8.177970
15.933336	-7.800075
15.954301	-7.391335
15.975266	-6.953367
15.996231	-6.487902
16.017196	-5.996781
16.038161	-5.481946
16.059126	-4.945433
16.080091	-4.389364
16.101055	-3.815937
16.122020	-3.227420
16.142985	-2.626140
16.163950	-2.014476
16.184915	-1.394845
16.205880	-0.769699
16.226845	-0.141508
16.247810	0.487241
16.268775	1.114064
16.289740	1.736482
16.310705	2.352032
16.331670	2.958282
16.352634	3.552833
16.373599	4.133335
16.394564	4.697492
16.415529	5.243073
16.436494	5.767920
16.457459	6.269959
16.478424	6.747203
16.499389	7.197766
16.520354	7.619865
16.541319	8.011832
16.562284	8.372117
16.583249	8.699295
16.604213	8.992072
16.625178	9.249290
16.646143	9.469933
16.667108	9.653127
16.688073	9.798148
16.709038	9.904424
16.730003	9.971532
16.750968	9.999209
16.771933	9.987344
16.792898	9.935985
16.813863	9.845335
16.834827	9.715752
16.855792	9.547748
16.876757	9.341989
16.897722	9.099287
16.918687	8.820602
16.939652	8.507037
16.960617	8.159831
16.981582	7.780358
17.002547	7.370117
17.023512	6.930732
17.044477	6.463940
17.065442	5.971586
17.086406	5.455618
17.107371	4.918076
17.128336	4.361086
17.149301	3.786850
17.170266	3.197639
17.191231	2.595784
17.212196	1.983663
17.233161	1.363698
17.254126	0.738341
17.275091	0.110064
17.296056	-0.518649
17.317021	-1.145310
17.337985	-1.767443
17.358950	-2.382586
17.379915	-2.988307
17.400880	-3.582212
17.421845	-4.161950
17.442810	-4.725230
17.463775	-5.269825
17.484740	-5.793581
17.505705	-6.294426
17.526670	-6.770380
17.547635	-7.219561
17.568600	-7.640193
17.589564	-8.030612
17.610529	-8.389274
17.631494	-8.714761
17.652459	-9.005787
17.673424	-9.261199
17.694389	-9.479989
17.715354	-9.661290
17.736319	-9.804386
17.757284	-9.908712
17.778249	-9.973854
17.799214	-9.999555
17.820179	-9.985713
17.841143	-9.932384
17.862108	-9.839777
17.883073	-9.708259
17.904038	-9.538351
17.925003	-9.330724
17.945968	-9.086198
17.966933	-8.805742
17.987898	-8.490465
18.008863	-8.141612
18.029828	-7.760563
18.050793	-7.348826
18.071758	-6.908028
18.092722	-6.439913
18.113687	-5.946332
18.134652	-5.429236
18.155617	-4.890670
18.176582	-4.332765
18.197547	-3.757726
18.218512	-3.167827
18.239477	-2.565401
18.260442	-1.952831
18.281407	-1.332538
18.302372	-0.706976
18.323337	-0.078618
18.344301	0.550051
18.365266	1.176545
18.386231	1.798386
18.407196	2.413116
18.428161	3.018303
18.449126	3.611554
18.470091	4.190524
18.491056	4.752922
18.512021	5.296525
18.532986	5.819184
18.553951	6.318831
18.574916	6.793490
18.595880	7.241285
18.616845	7.660444
18.637810	8.049311
18.658775	8.406347
18.679740	8.730141
18.700705	9.019412
18.721670	9.273016
18.742635	9.489951
18.763600	9.669358
18.784565	9.810528
18.805530	9.912902
18.826495	9.976077
18.847459	9.999802
18.868424	9.983983
18.889389	9.928684
18.910354	9.834121
18.931319	9.700671
18.952284	9.528859
18.973249	9.319366
18.994214	9.073020
19.015179	8.790796
19.036144	8.473808
19.057109	8.123312
19.078074	7.740692
19.099038	7.327462
19.120003	6.885256
19.140968	6.415823
19.161933	5.921019
19.182898	5.402800
19.203863	4.863216
19.224828	4.304401
19.245793	3.728565
19.266758	3.137984
19.287723	2.534994
19.308688	1.921979
19.329652	1.301365
19.350617	0.675604
19.371582	0.047171
19.392547	-0.581448
19.413512	-1.207768
19.434477	-1.829312
19.455442	-2.443622
19.476407	-3.048269
19.497372	-3.640861
19.518337	-4.219056
19.539302	-4.780567
19.560267	-5.323173
19.581231	-5.844730
19.602196	-6.343173
19.623161	-6.816533
19.644126	-7.262937
19.665091	-7.680621
19.686056	-8.067931
19.707021	-8.423338
19.727986	-8.745435
19.748951	-9.032948
19.769916	-9.284741
19.790881	-9.499819
19.811846	-9.677329
19.832810	-9.816572
19.853775	-9.916995
19.874740	-9.978202
19.895705	-9.999951
19.916670	-9.982155
19.937635	-9.924886
19.958600	-9.828369
19.979565	-9.692986
20.000530	-9.519273
20.021495	-9.307917
20.042460	-9.059753
20.063425	-8.775762
20.084389	-8.457068
20.105354	-8.104932
20.126319	-7.720745
20.147284	-7.306026
20.168249	-6.862416
20.189214	-6.391670
20.210179	-5.895647
20.231144	-5.376311
20.252109	-4.835714
20.273074	-4.275995
20.294039	-3.699367
20.315004	-3.108109
20.335968	-2.504561
20.356933	-1.891109
20.377898	-1.270178
20.398863	-0.644225
20.419828	-0.015724
20.440793	0.612840
20.461758	1.238979
20.482723	1.860220
20.503688	2.474104
20.524653	3.078204
20.545618	3.670132
20.566583	4.247547
20.587547	4.808164
20.608512	5.349769
20.629477	5.870217
20.650442	6.367453
20.671407	6.839508
20.692372	7.284518
20.713337	7.700721
20.734302	8.086471
20.755267	8.440245
20.776232	8.760642
20.797197	9.046395
20.818162	9.296375
20.839126	9.509593
20.860091	9.685206
20.881056	9.822519
20.902021	9.920989
20.922986	9.980228
20.943951	10.000000
