0.000000	10.000000
0.000002	9.980228
0.000003	9.920989
0.000005	9.822519
0.000006	9.685206
0.000008	9.509593
0.000009	9.296375
0.000011	9.046395
0.000013	8.760642
0.000014	8.440245
0.000016	8.086471
0.000017	7.700721
0.000019	7.284518
0.000020	6.839508
0.000022	6.367453
0.000024	5.870217
0.000025	5.349769
0.000027	4.808164
0.000028	4.247547
0.000030	3.670132
0.000031	3.078204
0.000033	2.474104
0.000035	1.860220
0.000036	1.238979
0.000038	0.612840
0.000039	-0.015724
0.000041	-0.644225
0.000042	-1.270178
0.000044	-1.891109
0.000046	-2.504561
0.000047	-3.108109
0.000049	-3.699367
0.000050	-4.275995
0.000052	-4.835714
0.000053	-5.376311
0.000055	-5.895647
0.000057	-6.391670
0.000058	-6.862416
0.000060	-7.306026
0.000061	-7.720745
0.000063	-8.104932
0.000064	-8.457068
0.000066	-8.775762
0.000068	-9.059753
0.000069	-9.307917
0.000071	-9.519273
0.000072	-9.692986
0.000074	-9.828369
0.000075	-9.924886
0.000077	-9.982155
0.000079	-9.999951
0.000080	-9.978202
0.000082	-9.916995
0.000083	-9.816572
0.000085	-9.677329
0.000086	-9.499819
0.000088	-9.284741
0.000090	-9.032948
0.000091	-8.745435
0.000093	-8.423338
0.000094	-8.067931
0.000096	-7.680621
0.000097	-7.262937
0.000099	-6.816533
0.000101	-6.343173
0.000102	-5.844730
0.000104	-5.323173
0.000105	-4.780567
0.000107	-4.219056
0.000108	-3.640861
0.000110	-3.048269
0.000112	-2.443622
0.000113	-1.829312
0.000115	-1.207768
0.000116	-0.581448
0.000118	0.047171
0.000120	0.675604
0.000121	1.301365
0.000123	1.921979
0.000124	2.534994
0.000126	3.137984
0.000127	3.728565
0.000129	4.304401
0.000131	4.863216
0.000132	5.402800
0.000134	5.921019
0.000135	6.415823
0.000137	6.885256
0.000138	7.327462
0.000140	7.740692
0.000142	8.123312
0.000143	8.473808
0.000145	8.790796
0.000146	9.073020
0.000148	9.319366
0.000149	9.528859
0.000151	9.700671
0.000153	9.834121
0.000154	9.928684
0.000156	9.983983
0.000157	9.999802
0.000159	9.976077
0.000160	9.912902
0.000162	9.810528
0.000164	9.669358
0.000165	9.489951
0.000167	9.273016
0.000168	9.019412
0.000170	8.730141
0.000171	8.406347
0.000173	8.049311
0.000175	7.660444
0.000176	7.241285
0.000178	6.793490
0.000179	6.318831
0.000181	5.819184
0.000182	5.296525
0.000184	4.752922
0.000186	4.190524
0.000187	3.611554
0.000189	3.018303
0.000190	2.413116
0.000192	1.798386
0.000193	1.176545
0.000195	0.550051
0.000197	-0.078618
0.000198	-0.706976
0.000200	-1.332538
0.000201	-1.952831
0.000203	-2.565401
0.000204	-3.167827
0.000206	-3.757726
0.000208	-4.332765
0.000209	-4.890670
0.000211	-5.429236
0.000212	-5.946332
0.000214	-6.439913
0.000215	-6.908028
0.000217	-7.348826
0.000219	-7.760563
0.000220	-8.141612
0.000222	-8.490465
0.000223	-8.805742
0.000225	-9.086198
0.000226	-9.330724
0.000228	-9.538351
0.000230	-9.708259
0.000231	-9.839777
0.000233	-9.932384
0.000234	-9.985713
0.000236	-9.999555
0.000237	-9.973854
0.000239	-9.908712
0.000241	-9.804386
0.000242	-9.661290
0.000244	-9.479989
0.000245	-9.261199
0.000247	-9.005787
0.000248	-8.714761
0.000250	-8.389274
0.000252	-8.030612
0.000253	-7.640193
0.000255	-7.219561
0.000256	-6.770380
0.000258	-6.294426
0.000259	-5.793581
0.000261	-5.269825
0.000263	-4.725230
0.000264	-4.161950
0.000266	-3.582212
0.000267	-2.988307
0.000269	-2.382586
0.000270	-1.767443
0.000272	-1.145310
0.000274	-0.518649
0.000275	0.110064
0.000277	0.738341
0.000278	1.363698
0.000280	1.983663
0.000281	2.595784
0.000283	3.197639
0.000285	3.786850
0.000286	4.361086
0.000288	4.918076
0.000289	5.455618
0.000291	5.971586
0.000292	6.463940
0.000294	6.930732
0.000296	7.370117
0.000297	7.780358
0.000299	8.159831
0.000300	8.507037
0.000302	8.820602
0.000303	9.099287
0.000305	9.341989
0.000307	9.547748
0.000308	9.715752
0.000310	9.845335
0.000311	9.935985
0.000313	9.987344
0.000314	9.999209
0.000316	9.971532
0.000318	9.904424
0.000319	9.798148
0.000321	9.653127
0.000322	9.469933
0.000324	9.249290
0.000325	8.992072
0.000327	8.699295
0.000329	8.372117
0.000330	8.011832
0.000332	7.619865
0.000333	7.197766
0.000335	6.747203
0.000336	6.269959
0.000338	5.767920
0.000340	5.243073
0.000341	4.697492
0.000343	4.133335
0.000344	3.552833
0.000346	2.958282
0.000347	2.352032
0.000349	1.736482
0.000351	1.114064
0.000352	0.487241
0.000354	-0.141508
0.000355	-0.769699
0.000357	-1.394845
0.000359	-2.014476
0.000360	-2.626140
0.000362	-3.227420
0.000363	-3.815937
0.000365	-4.389364
0.000366	-4.945433
0.000368	-5.481946
0.000370	-5.996781
0.000371	-6.487902
0.000373	-6.953367
0.000374	-7.391335
0.000376	-7.800075
0.000377	-8.177970
0.000379	-8.523525
0.000381	-8.835374
0.000382	-9.112285
0.000384	-9.353161
0.000385	-9.557051
0.000387	-9.723148
0.000388	-9.850796
0.000390	-9.939489
0.000392	-9.988877
0.000393	-9.998764
0.000395	-9.969112
0.000396	-9.900037
0.000398	-9.791813
0.000399	-9.644869
0.000401	-9.459784
0.000403	-9.237290
0.000404	-8.978269
0.000406	-8.683743
0.000407	-8.354878
0.000409	-7.992974
0.000410	-7.599462
0.000412	-7.175899
0.000414	-6.723959
0.000415	-6.245429
0.000417	-5.742203
0.000418	-5.216269
0.000420	-4.669707
0.000421	-4.104680
0.000423	-3.523420
0.000425	-2.928228
0.000426	-2.321456
0.000428	-1.705504
0.000429	-1.082807
0.000431	-0.455829
0.000432	0.172952
0.000434	0.801049
0.000436	1.425978
0.000437	2.045268
0.000439	2.656471
0.000440	3.257168
0.000442	3.844985
0.000443	4.417598
0.000445	4.972741
0.000447	5.508220
0.000448	6.021917
0.000450	6.511800
0.000451	6.975933
0.000453	7.412480
0.000454	7.819715
0.000456	8.196027
0.000458	8.539929
0.000459	8.850059
0.000461	9.125193
0.000462	9.364242
0.000464	9.566260
0.000465	9.730449
0.000467	9.856159
0.000469	9.942894
0.000470	9.990310
0.000472	9.998220
0.000473	9.966593
0.000475	9.895553
0.000476	9.785382
0.000478	9.636515
0.000480	9.449541
0.000481	9.225199
0.000483	8.964377
0.000484	8.668105
0.000486	8.337556
0.000487	7.974037
0.000489	7.578985
0.000491	7.153962
0.000492	6.700649
0.000494	6.220839
0.000495	5.716428
0.000497	5.189413
0.000498	4.641876
0.000500	4.075983
0.000502	3.493972
0.000503	2.898144
0.000505	2.290856
0.000506	1.674509
0.000508	1.051539
0.000509	0.424412
0.000511	-0.204394
0.000513	-0.832391
0.000514	-1.457097
0.000516	-2.076041
0.000517	-2.686775
0.000519	-3.286885
0.000520	-3.873996
0.000522	-4.445788
0.000524	-5.000000
0.000525	-5.534439
0.000527	-6.046993
0.000528	-6.535634
0.000530	-6.998431
0.000531	-7.433552
0.000533	-7.839278
0.000535	-8.214004
0.000536	-8.556248
0.000538	-8.864657
0.000539	-9.138011
0.000541	-9.375229
0.000542	-9.575374
0.000544	-9.737653
0.000546	-9.861425
0.000547	-9.946201
0.000549	-9.991645
0.000550	-9.997577
0.000552	-9.963975
0.000553	-9.890971
0.000555	-9.778853
0.000557	-9.628065
0.000558	-9.439204
0.000560	-9.213016
0.000561	-8.950396
0.000563	-8.652381
0.000564	-8.320152
0.000566	-7.955021
0.000568	-7.558432
0.000569	-7.131953
0.000571	-6.677272
0.000572	-6.196186
0.000574	-5.690597
0.000575	-5.162506
0.000577	-4.613999
0.000579	-4.047247
0.000580	-3.464490
0.000582	-2.868032
0.000583	-2.260234
0.000585	-1.643497
0.000586	-1.020261
0.000588	-0.392991
0.000590	0.235833
0.000591	0.863725
0.000593	1.488201
0.000594	2.106793
0.000596	2.717053
0.000598	3.316568
0.000599	3.902969
0.000601	4.473935
0.000602	5.027209
0.000604	5.560604
0.000605	6.072009
0.000607	6.559404
0.000609	7.020859
0.000610	7.454550
0.000612	7.858763
0.000613	8.231899
0.000615	8.572483
0.000616	8.879167
0.000618	9.150738
0.000620	9.386124
0.000621	9.584393
0.000623	9.744761
0.000624	9.866593
0.000626	9.949409
0.000627	9.992880
0.000629	9.996836
0.000631	9.961259
0.000632	9.886291
0.000634	9.772228
0.000635	9.619521
0.000637	9.428774
0.000638	9.200742
0.000640	8.936326
0.000642	8.636572
0.000643	8.302665
0.000645	7.935926
0.000646	7.537804
0.000648	7.109875
0.000649	6.653830
0.000651	6.171472
0.000653	5.664710
0.000654	5.135547
0.000656	4.586076
0.000657	4.018470
0.000659	3.434973
0.000660	2.837892
0.000662	2.229589
0.000664	1.612469
0.000665	0.988973
0.000667	0.361566
0.000668	-0.267271
0.000670	-0.895051
0.000671	-1.519291
0.000673	-2.137524
0.000675	-2.747304
0.000676	-3.346219
0.000678	-3.931903
0.000679	-4.502037
0.000681	-5.054369
0.000682	-5.586714
0.000684	-6.096966
0.000686	-6.583108
0.000687	-7.043217
0.000689	-7.475475
0.000690	-7.878171
0.000692	-8.249713
0.000693	-8.588633
0.000695	-8.893589
0.000697	-9.163375
0.000698	-9.396926
0.000700	-9.593317
0.000701	-9.751772
0.000703	-9.871664
0.000704	-9.952519
0.000706	-9.994018
0.000708	-9.995995
0.000709	-9.958444
0.000711	-9.881513
0.000712	-9.765506
0.000714	-9.610881
0.000715	-9.418251
0.000717	-9.188378
0.000719	-8.922169
0.000720	-8.620678
0.000722	-8.285096
0.000723	-7.916752
0.000725	-7.517102
0.000726	-7.087726
0.000728	-6.630321
0.000730	-6.146698
0.000731	-5.638767
0.000733	-5.108538
0.000734	-4.558108
0.000736	-3.989654
0.000737	-3.405422
0.000739	-2.807723
0.000741	-2.198922
0.000742	-1.581425
0.000744	-0.957675
0.000745	-0.330137
0.000747	0.298706
0.000748	0.926367
0.000750	1.550366
0.000752	2.168234
0.000753	2.777527
0.000755	3.375837
0.000756	3.960798
0.000758	4.530095
0.000759	5.081479
0.000761	5.612768
0.000763	6.121862
0.000764	6.606747
0.000766	7.065506
0.000767	7.496326
0.000769	7.897501
0.000770	8.267446
0.000772	8.604698
0.000774	8.907923
0.000775	9.175922
0.000777	9.407635
0.000778	9.602147
0.000780	9.758687
0.000781	9.876637
0.000783	9.955531
0.000785	9.995056
0.000786	9.995056
0.000788	9.955531
0.000789	9.876637
0.000791	9.758687
0.000792	9.602147
0.000794	9.407635
0.000796	9.175922
0.000797	8.907923
0.000799	8.604698
0.000800	8.267446
0.000802	7.897501
0.000803	7.496326
0.000805	7.065506
0.000807	6.606747
0.000808	6.121862
0.000810	5.612768
0.000811	5.081479
0.000813	4.530095
0.000814	3.960798
0.000816	3.375837
0.000818	2.777527
0.000819	2.168234
0.000821	1.550366
0.000822	0.926367
0.000824	0.298706
0.000825	-0.330137
0.000827	-0.957675
0.000829	-1.581425
0.000830	-2.198922
0.000832	-2.807723
0.000833	-3.405422
0.000835	-3.989654
0.000837	-4.558108
0.000838	-5.108538
0.000840	-5.638767
0.000841	-6.146698
0.000843	-6.630321
0.000844	-7.087726
0.000846	-7.517102
0.000848	-7.916752
0.000849	-8.285096
0.000851	-8.620678
0.000852	-8.922169
0.000854	-9.188378
0.000855	-9.418251
0.000857	-9.610881
0.000859	-9.765506
0.000860	-9.881513
0.000862	-9.958444
0.000863	-9.995995
0.000865	-9.994018
0.000866	-9.952519
0.000868	-9.871664
0.000870	-9.751772
0.000871	-9.593317
0.000873	-9.396926
0.000874	-9.163375
0.000876	-8.893589
0.000877	-8.588633
0.000879	-8.249713
0.000881	-7.878171
0.000882	-7.475475
0.000884	-7.043217
0.000885	-6.583108
0.000887	-6.096966
0.000888	-5.586714
0.000890	-5.054369
0.000892	-4.502037
0.000893	-3.931903
0.000895	-3.346219
0.000896	-2.747304
0.000898	-2.137524
0.000899	-1.519291
0.000901	-0.895051
0.000903	-0.267271
0.000904	0.361566
0.000906	0.988973
0.000907	1.612469
0.000909	2.229589
0.000910	2.837892
0.000912	3.434973
0.000914	4.018470
0.000915	4.586076
0.000917	5.135547
0.000918	5.664710
0.000920	6.171472
0.000921	6.653830
0.000923	7.109875
0.000925	7.537804
0.000926	7.935926
0.000928	8.302665
0.000929	8.636572
0.000931	8.936326
0.000932	9.200742
0.000934	9.428774
0.000936	9.619521
0.000937	9.772228
0.000939	9.886291
0.000940	9.961259
0.000942	9.996836
0.000943	9.992880
0.000945	9.949409
0.000947	9.866593
0.000948	9.744761
0.000950	9.584393
0.000951	9.386124
0.000953	9.150738
0.000954	8.879167
0.000956	8.572483
0.000958	8.231899
0.000959	7.858763
0.000961	7.454550
0.000962	7.020859
0.000964	6.559404
0.000965	6.072009
0.000967	5.560604
0.000969	5.027209
0.000970	4.473935
0.000972	3.902969
0.000973	3.316568
0.000975	2.717053
0.000976	2.106793
0.000978	1.488201
0.000980	0.863725
0.000981	0.235833
0.000983	-0.392991
0.000984	-1.020261
0.000986	-1.643497
0.000987	-2.260234
0.000989	-2.868032
0.000991	-3.464490
0.000992	-4.047247
0.000994	-4.613999
0.000995	-5.162506
0.000997	-5.690597
0.000998	-6.196186
0.001000	-6.677272
0.001002	-7.131953
0.001003	-7.558432
0.001005	-7.955021
0.001006	-8.320152
0.001008	-8.652381
0.001009	-8.950396
0.001011	-9.213016
0.001013	-9.439204
0.001014	-9.628065
0.001016	-9.778853
0.001017	-9.890971
0.001019	-9.963975
0.001020	-9.997577
0.001022	-9.991645
0.001024	-9.946201
0.001025	-9.861425
0.001027	-9.737653
0.001028	-9.575374
0.001030	-9.375229
0.001031	-9.138011
0.001033	-8.864657
0.001035	-8.556248
0.001036	-8.214004
0.001038	-7.839278
0.001039	-7.433552
0.001041	-6.998431
0.001042	-6.535634
0.001044	-6.046993
0.001046	-5.534439
0.001047	-5.000000
0.001049	-4.445788
0.001050	-3.873996
0.001052	-3.286885
0.001053	-2.686775
0.001055	-2.076041
0.001057	-1.457097
0.001058	-0.832391
0.001060	-0.204394
0.001061	0.424412
0.001063	1.051539
0.001064	1.674509
0.001066	2.290856
0.001068	2.898144
0.001069	3.493972
0.001071	4.075983
0.001072	4.641876
0.001074	5.189413
0.001076	5.716428
0.001077	6.220839
0.001079	6.700649
0.001080	7.153962
0.001082	7.578985
0.001083	7.974037
0.001085	8.337556
0.001087	8.668105
0.001088	8.964377
0.001090	9.225199
0.001091	9.449541
0.001093	9.636515
0.001094	9.785382
0.001096	9.895553
0.001098	9.966593
0.001099	9.998220
0.001101	9.990310
0.001102	9.942894
0.001104	9.856159
0.001105	9.730449
0.001107	9.566260
0.001109	9.364242
0.001110	9.125193
0.001112	8.850059
0.001113	8.539929
0.001115	8.196027
0.001116	7.819715
0.001118	7.412480
0.001120	6.975933
0.001121	6.511800
0.001123	6.021917
0.001124	5.508220
0.001126	4.972741
0.001127	4.417598
0.001129	3.844985
0.001131	3.257168
0.001132	2.656471
0.001134	2.045268
0.001135	1.425978
0.001137	0.801049
0.001138	0.172952
0.001140	-0.455829
0.001142	-1.082807
0.001143	-1.705504
0.001145	-2.321456
0.001146	-2.928228
0.001148	-3.523420
0.001149	-4.104680
0.001151	-4.669707
0.001153	-5.216269
0.001154	-5.742203
0.001156	-6.245429
0.001157	-6.723959
0.001159	-7.175899
0.001160	-7.599462
0.001162	-7.992974
0.001164	-8.354878
0.001165	-8.683743
0.001167	-8.978269
0.001168	-9.237290
0.001170	-9.459784
0.001171	-9.644869
0.001173	-9.791813
0.001175	-9.900037
0.001176	-9.969112
0.001178	-9.998764
0.001179	-9.988877
0.001181	-9.939489
0.001182	-9.850796
0.001184	-9.723148
0.001186	-9.557051
0.001187	-9.353161
0.001189	-9.112285
0.001190	-8.835374
0.001192	-8.523525
0.001193	-8.177970
0.001195	-7.800075
0.001197	-7.391335
0.001198	-6.953367
0.001200	-6.487902
0.001201	-5.996781
0.001203	-5.481946
0.001204	-4.945433
0.001206	-4.389364
0.001208	-3.815937
0.001209	-3.227420
0.001211	-2.626140
0.001212	-2.014476
0.001214	-1.394845
0.001215	-0.769699
0.001217	-0.141508
0.001219	0.487241
0.001220	1.114064
0.001222	1.736482
0.001223	2.352032
0.001225	2.958282
0.001226	3.552833
0.001228	4.133335
0.001230	4.697492
0.001231	5.243073
0.001233	5.767920
0.001234	6.269959
0.001236	6.747203
0.001237	7.197766
0.001239	7.619865
0.001241	8.011832
0.001242	8.372117
0.001244	8.699295
0.001245	8.992072
0.001247	9.249290
0.001248	9.469933
0.001250	9.653127
0.001252	9.798148
0.001253	9.904424
0.001255	9.971532
0.001256	9.999209
0.001258	9.987344
0.001259	9.935985
0.001261	9.845335
0.001263	9.715752
0.001264	9.547748
0.001266	9.341989
0.001267	9.099287
0.001269	8.820602
0.001270	8.507037
0.001272	8.159831
0.001274	7.780358
0.001275	7.370117
0.001277	6.930732
0.001278	6.463940
0.001280	5.971586
0.001281	5.455618
0.001283	4.918076
0.001285	4.361086
0.001286	3.786850
0.001288	3.197639
0.001289	2.595784
0.001291	1.983663
0.001292	1.363698
0.001294	0.738341
0.001296	0.110064
0.001297	-0.518649
0.001299	-1.145310
0.001300	-1.767443
0.001302	-2.382586
0.001303	-2.988307
0.001305	-3.582212
0.001307	-4.161950
0.001308	-4.725230
0.001310	-5.269825
0.001311	-5.793581
0.001313	-6.294426
0.001315	-6.770380
0.001316	-7.219561
0.001318	-7.640193
0.001319	-8.030612
0.001321	-8.389274
0.001322	-8.714761
0.001324	-9.005787
0.001326	-9.261199
0.001327	-9.479989
0.001329	-9.661290
0.001330	-9.804386
0.001332	-9.908712
0.001333	-9.973854
0.001335	-9.999555
0.001337	-9.985713
0.001338	-9.932384
0.001340	-9.839777
0.001341	-9.708259
0.001343	-9.538351
0.001344	-9.330724
0.001346	-9.086198
0.001348	-8.805742
0.001349	-8.490465
0.001351	-8.141612
0.001352	-7.760563
0.001354	-7.348826
0.001355	-6.908028
0.001357	-6.439913
0.001359	-5.946332
0.001360	-5.429236
0.001362	-4.890670
0.001363	-4.332765
0.001365	-3.757726
0.001366	-3.167827
0.001368	-2.565401
0.001370	-1.952831
0.001371	-1.332538
0.001373	-0.706976
0.001374	-0.078618
0.001376	0.550051
0.001377	1.176545
0.001379	1.798386
0.001381	2.413116
0.001382	3.018303
0.001384	3.611554
0.001385	4.190524
0.001387	4.752922
0.001388	5.296525
0.001390	5.819184
0.001392	6.318831
0.001393	6.793490
0.001395	7.241285
0.001396	7.660444
0.001398	8.049311
0.001399	8.406347
0.001401	8.730141
0.001403	9.019412
0.001404	9.273016
0.001406	9.489951
0.001407	9.669358
0.001409	9.810528
0.001410	9.912902
0.001412	9.976077
0.001414	9.999802
0.001415	9.983983
0.001417	9.928684
0.001418	9.834121
0.001420	9.700671
0.001421	9.528859
0.001423	9.319366
0.001425	9.073020
0.001426	8.790796
0.001428	8.473808
0.001429	8.123312
0.001431	7.740692
0.001432	7.327462
0.001434	6.885256
0.001436	6.415823
0.001437	5.921019
0.001439	5.402800
0.001440	4.863216
0.001442	4.304401
0.001443	3.728565
0.001445	3.137984
0.001447	2.534994
0.001448	1.921979
0.001450	1.301365
0.001451	0.675604
0.001453	0.047171
0.001454	-0.581448
0.001456	-1.207768
0.001458	-1.829312
0.001459	-2.443622
0.001461	-3.048269
0.001462	-3.640861
0.001464	-4.219056
0.001465	-4.780567
0.001467	-5.323173
0.001469	-5.844730
0.001470	-6.343173
0.001472	-6.816533
0.001473	-7.262937
0.001475	-7.680621
0.001476	-8.067931
0.001478	-8.423338
0.001480	-8.745435
0.001481	-9.032948
0.001483	-9.284741
0.001484	-9.499819
0.001486	-9.677329
0.001487	-9.816572
0.001489	-9.916995
0.001491	-9.978202
0.001492	-9.999951
0.001494	-9.982155
0.001495	-9.924886
0.001497	-9.828369
0.001498	-9.692986
0.001500	-9.519273
0.001502	-9.307917
0.001503	-9.059753
0.001505	-8.775762
0.001506	-8.457068
0.001508	-8.104932
0.001509	-7.720745
0.001511	-7.306026
0.001513	-6.862416
0.001514	-6.391670
0.001516	-5.895647
0.001517	-5.376311
0.001519	-4.835714
0.001520	-4.275995
0.001522	-3.699367
0.001524	-3.108109
0.001525	-2.504561
0.001527	-1.891109
0.001528	-1.270178
0.001530	-0.644225
0.001531	-0.015724
0.001533	0.612840
0.001535	1.238979
0.001536	1.860220
0.001538	2.474104
0.001539	3.078204
0.001541	3.670132
0.001542	4.247547
0.001544	4.808164
0.001546	5.349769
0.001547	5.870217
0.001549	6.367453
0.001550	6.839508
0.001552	7.284518
0.001554	7.700721
0.001555	8.086471
0.001557	8.440245
0.001558	8.760642
0.001560	9.046395
0.001561	9.296375
0.001563	9.509593
0.001565	9.685206
0.001566	9.822519
0.001568	9.920989
0.001569	9.980228
0.001571	10.000000
