0.000000	10.000000
0.000016	9.980228
0.000031	9.920989
0.000047	9.822519
0.000063	9.685206
0.000079	9.509593
0.000094	9.296375
0.000110	9.046395
0.000126	8.760642
0.000142	8.440245
0.000157	8.086471
0.000173	7.700721
0.000189	7.284518
0.000204	6.839508
0.000220	6.367453
0.000236	5.870217
0.000252	5.349769
0.000267	4.808164
0.000283	4.247547
0.000299	3.670132
0.000314	3.078204
0.000330	2.474104
0.000346	1.860220
0.000362	1.238979
0.000377	0.612840
0.000393	-0.015724
0.000409	-0.644225
0.000425	-1.270178
0.000440	-1.891109
0.000456	-2.504561
0.000472	-3.108109
0.000487	-3.699367
0.000503	-4.275995
0.000519	-4.835714
0.000535	-5.376311
0.000550	-5.895647
0.000566	-6.391670
0.000582	-6.862416
0.000598	-7.306026
0.000613	-7.720745
0.000629	-8.104932
0.000645	-8.457068
0.000660	-8.775762
0.000676	-9.059753
0.000692	-9.307917
0.000708	-9.519273
0.000723	-9.692986
0.000739	-9.828369
0.000755	-9.924886
0.000770	-9.982155
0.000786	-9.999951
0.000802	-9.978202
0.000818	-9.916995
0.000833	-9.816572
0.000849	-9.677329
0.000865	-9.499819
0.000881	-9.284741
0.000896	-9.032948
0.000912	-8.745435
0.000928	-8.423338
0.000943	-8.067931
0.000959	-7.680621
0.000975	-7.262937
0.000991	-6.816533
0.001006	-6.343173
0.001022	-5.844730
0.001038	-5.323173
0.001053	-4.780567
0.001069	-4.219056
0.001085	-3.640861
0.001101	-3.048269
0.001116	-2.443622
0.001132	-1.829312
0.001148	-1.207768
0.001164	-0.581448
0.001179	0.047171
0.001195	0.675604
0.001211	1.301365
0.001226	1.921979
0.001242	2.534994
0.001258	3.137984
0.001274	3.728565
0.001289	4.304401
0.001305	4.863216
0.001321	5.402800
0.001337	5.921019
0.001352	6.415823
0.001368	6.885256
0.001384	7.327462
0.001399	7.740692
0.001415	8.123312
0.001431	8.473808
0.001447	8.790796
0.001462	9.073020
0.001478	9.319366
0.001494	9.528859
0.001509	9.700671
0.001525	9.834121
0.001541	9.928684
0.001557	9.983983
0.001572	9.999802
0.001588	9.976077
0.001604	9.912902
0.001620	9.810528
0.001635	9.669358
0.001651	9.489951
0.001667	9.273016
0.001682	9.019412
0.001698	8.730141
0.001714	8.406347
0.001730	8.049311
0.001745	7.660444
0.001761	7.241285
0.001777	6.793490
0.001793	6.318831
0.001808	5.819184
0.001824	5.296525
0.001840	4.752922
0.001855	4.190524
0.001871	3.611554
0.001887	3.018303
0.001903	2.413116
0.001918	1.798386
0.001934	1.176545
0.001950	0.550051
0.001965	-0.078618
0.001981	-0.706976
0.001997	-1.332538
0.002013	-1.952831
0.002028	-2.565401
0.002044	-3.167827
0.002060	-3.757726
0.002076	-4.332765
0.002091	-4.890670
0.002107	-5.429236
0.002123	-5.946332
0.002138	-6.439913
0.002154	-6.908028
0.002170	-7.348826
0.002186	-7.760563
0.002201	-8.141612
0.002217	-8.490465
0.002233	-8.805742
0.002248	-9.086198
0.002264	-9.330724
0.002280	-9.538351
0.002296	-9.708259
0.002311	-9.839777
0.002327	-9.932384
0.002343	-9.985713
0.002359	-9.999555
0.002374	-9.973854
0.002390	-9.908712
0.002406	-9.804386
0.002421	-9.661290
0.002437	-9.479989
0.002453	-9.261199
0.002469	-9.005787
0.002484	-8.714761
0.002500	-8.389274
0.002516	-8.030612
0.002532	-7.640193
0.002547	-7.219561
0.002563	-6.770380
0.002579	-6.294426
0.002594	-5.793581
0.002610	-5.269825
0.002626	-4.725230
0.002642	-4.161950
0.002657	-3.582212
0.002673	-2.988307
0.002689	-2.382586
0.002704	-1.767443
0.002720	-1.145310
0.002736	-0.518649
0.002752	0.110064
0.002767	0.738341
0.002783	1.363698
0.002799	1.983663
0.002815	2.595784
0.002830	3.197639
0.002846	3.786850
0.002862	4.361086
0.002877	4.918076
0.002893	5.455618
0.002909	5.971586
0.002925	6.463940
0.002940	6.930732
0.002956	7.370117
0.002972	7.780358
0.002988	8.159831
0.003003	8.507037
0.003019	8.820602
0.003035	9.099287
0.003050	9.341989
0.003066	9.547748
0.003082	9.715752
0.003098	9.845335
0.003113	9.935985
0.003129	9.987344
0.003145	9.999209
0.003160	9.971532
0.003176	9.904424
0.003192	9.798148
0.003208	9.653127
0.003223	9.469933
0.003239	9.249290
0.003255	8.992072
0.003271	8.699295
0.003286	8.372117
0.003302	8.011832
0.003318	7.619865
0.003333	7.197766
0.003349	6.747203
0.003365	6.269959
0.003381	5.767920
0.003396	5.243073
0.003412	4.697492
0.003428	4.133335
0.003443	3.552833
0.003459	2.958282
0.003475	2.352032
0.003491	1.736482
0.003506	1.114064
0.003522	0.487241
0.003538	-0.141508
0.003554	-0.769699
0.003569	-1.394845
0.003585	-2.014476
0.003601	-2.626140
0.003616	-3.227420
0.003632	-3.815937
0.003648	-4.389364
0.003664	-4.945433
0.003679	-5.481946
0.003695	-5.996781
0.003711	-6.487902
0.003727	-6.953367
0.003742	-7.391335
0.003758	-7.800075
0.003774	-8.177970
0.003789	-8.523525
0.003805	-8.835374
0.003821	-9.112285
0.003837	-9.353161
0.003852	-9.557051
0.003868	-9.723148
0.003884	-9.850796
0.003899	-9.939489
0.003915	-9.988877
0.003931	-9.998764
0.003947	-9.969112
0.003962	-9.900037
0.003978	-9.791813
0.003994	-9.644869
0.004010	-9.459784
0.004025	-9.237290
0.004041	-8.978269
0.004057	-8.683743
0.004072	-8.354878
0.004088	-7.992974
0.004104	-7.599462
0.004120	-7.175899
0.004135	-6.723959
0.004151	-6.245429
0.004167	-5.742203
0.004183	-5.216269
0.004198	-4.669707
0.004214	-4.104680
0.004230	-3.523420
0.004245	-2.928228
0.004261	-2.321456
0.004277	-1.705504
0.004293	-1.082807
0.004308	-0.455829
0.004324	0.172952
0.004340	0.801049
0.004355	1.425978
0.004371	2.045268
0.004387	2.656471
0.004403	3.257168
0.004418	3.844985
0.004434	4.417598
0.004450	4.972741
0.004466	5.508220
0.004481	6.021917
0.004497	6.511800
0.004513	6.975933
0.004528	7.412480
0.004544	7.819715
0.004560	8.196027
0.004576	8.539929
0.004591	8.850059
0.004607	9.125193
0.004623	9.364242
0.004638	9.566260
0.004654	9.730449
0.004670	9.856159
0.004686	9.942894
0.004701	9.990310
0.004717	9.998220
0.004733	9.966593
0.004749	9.895553
0.004764	9.785382
0.004780	9.636515
0.004796	9.449541
0.004811	9.225199
0.004827	8.964377
0.004843	8.668105
0.004859	8.337556
0.004874	7.974037
0.004890	7.578985
0.004906	7.153962
0.004922	6.700649
0.004937	6.220839
0.004953	5.716428
0.004969	5.189413
0.004984	4.641876
0.005000	4.075983
0.005016	3.493972
0.005032	2.898144
0.005047	2.290856
0.005063	1.674509
0.005079	1.051539
0.005094	0.424412
0.005110	-0.204394
0.005126	-0.832391
0.005142	-1.457097
0.005157	-2.076041
0.005173	-2.686775
0.005189	-3.286885
0.005205	-3.873996
0.005220	-4.445788
0.005236	-5.000000
0.005252	-5.534439
0.005267	-6.046993
0.005283	-6.535634
0.005299	-6.998431
0.005315	-7.433552
0.005330	-7.839278
0.005346	-8.214004
0.005362	-8.556248
0.005378	-8.864657
0.005393	-9.138011
0.005409	-9.375229
0.005425	-9.575374
0.005440	-9.737653
0.005456	-9.861425
0.005472	-9.946201
0.005488	-9.991645
0.005503	-9.997577
0.005519	-9.963975
0.005535	-9.890971
0.005550	-9.778853
0.005566	-9.628065
0.005582	-9.439204
0.005598	-9.213016
0.005613	-8.950396
0.005629	-8.652381
0.005645	-8.320152
0.005661	-7.955021
0.005676	-7.558432
0.005692	-7.131953
0.005708	-6.677272
0.005723	-6.196186
0.005739	-5.690597
0.005755	-5.162506
0.005771	-4.613999
0.005786	-4.047247
0.005802	-3.464490
0.005818	-2.868032
0.005833	-2.260234
0.005849	-1.643497
0.005865	-1.020261
0.005881	-0.392991
0.005896	0.235833
0.005912	0.863725
0.005928	1.488201
0.005944	2.106793
0.005959	2.717053
0.005975	3.316568
0.005991	3.902969
0.006006	4.473935
0.006022	5.027209
0.006038	5.560604
0.006054	6.072009
0.006069	6.559404
0.006085	7.020859
0.006101	7.454550
0.006117	7.858763
0.006132	8.231899
0.006148	8.572483
0.006164	8.879167
0.006179	9.150738
0.006195	9.386124
0.006211	9.584393
0.006227	9.744761
0.006242	9.866593
0.006258	9.949409
0.006274	9.992880
0.006289	9.996836
0.006305	9.961259
0.006321	9.886291
0.006337	9.772228
0.006352	9.619521
0.006368	9.428774
0.006384	9.200742
0.006400	8.936326
0.006415	8.636572
0.006431	8.302665
0.006447	7.935926
0.006462	7.537804
0.006478	7.109875
0.006494	6.653830
0.006510	6.171472
0.006525	5.664710
0.006541	5.135547
0.006557	4.586076
0.006573	4.018470
0.006588	3.434973
0.006604	2.837892
0.006620	2.229589
0.006635	1.612469
0.006651	0.988973
0.006667	0.361566
0.006683	-0.267271
0.006698	-0.895051
0.006714	-1.519291
0.006730	-2.137524
0.006745	-2.747304
0.006761	-3.346219
0.006777	-3.931903
0.006793	-4.502037
0.006808	-5.054369
0.006824	-5.586714
0.006840	-6.096966
0.006856	-6.583108
0.006871	-7.043217
0.006887	-7.475475
0.006903	-7.878171
0.006918	-8.249713
0.006934	-8.588633
0.006950	-8.893589
0.006966	-9.163375
0.006981	-9.396926
0.006997	-9.593317
0.007013	-9.751772
0.007028	-9.871664
0.007044	-9.952519
0.007060	-9.994018
0.007076	-9.995995
0.007091	-9.958444
0.007107	-9.881513
0.007123	-9.765506
0.007139	-9.610881
0.007154	-9.418251
0.007170	-9.188378
0.007186	-8.922169
0.007201	-8.620678
0.007217	-8.285096
0.007233	-7.916752
0.007249	-7.517102
0.007264	-7.087726
0.007280	-6.630321
0.007296	-6.146698
0.007312	-5.638767
0.007327	-5.108538
0.007343	-4.558108
0.007359	-3.989654
0.007374	-3.405422
0.007390	-2.807723
0.007406	-2.198922
0.007422	-1.581425
0.007437	-0.957675
0.007453	-0.330137
0.007469	0.298706
0.007484	0.926367
0.007500	1.550366
0.007516	2.168234
0.007532	2.777527
0.007547	3.375837
0.007563	3.960798
0.007579	4.530095
0.007595	5.081479
0.007610	5.612768
0.007626	6.121862
0.007642	6.606747
0.007657	7.065506
0.007673	7.496326
0.007689	7.897501
0.007705	8.267446
0.007720	8.604698
0.007736	8.907923
0.007752	9.175922
0.007768	9.407635
0.007783	9.602147
0.007799	9.758687
0.007815	9.876637
0.007830	9.955531
0.007846	9.995056
0.007862	9.995056
0.007878	9.955531
0.007893	9.876637
0.007909	9.758687
0.007925	9.602147
0.007940	9.407635
0.007956	9.175922
0.007972	8.907923
0.007988	8.604698
0.008003	8.267446
0.008019	7.897501
0.008035	7.496326
0.008051	7.065506
0.008066	6.606747
0.008082	6.121862
0.008098	5.612768
0.008113	5.081479
0.008129	4.530095
0.008145	3.960798
0.008161	3.375837
0.008176	2.777527
0.008192	2.168234
0.008208	1.550366
0.008223	0.926367
0.008239	0.298706
0.008255	-0.330137
0.008271	-0.957675
0.008286	-1.581425
0.008302	-2.198922
0.008318	-2.807723
0.008334	-3.405422
0.008349	-3.989654
0.008365	-4.558108
0.008381	-5.108538
0.008396	-5.638767
0.008412	-6.146698
0.008428	-6.630321
0.008444	-7.087726
0.008459	-7.517102
0.008475	-7.916752
0.008491	-8.285096
0.008507	-8.620678
0.008522	-8.922169
0.008538	-9.188378
0.008554	-9.418251
0.008569	-9.610881
0.008585	-9.765506
0.008601	-9.881513
0.008617	-9.958444
0.008632	-9.995995
0.008648	-9.994018
0.008664	-9.952519
0.008679	-9.871664
0.008695	-9.751772
0.008711	-9.593317
0.008727	-9.396926
0.008742	-9.163375
0.008758	-8.893589
0.008774	-8.588633
0.008790	-8.249713
0.008805	-7.878171
0.008821	-7.475475
0.008837	-7.043217
0.008852	-6.583108
0.008868	-6.096966
0.008884	-5.586714
0.008900	-5.054369
0.008915	-4.502037
0.008931	-3.931903
0.008947	-3.346219
0.008963	-2.747304
0.008978	-2.137524
0.008994	-1.519291
0.009010	-0.895051
0.009025	-0.267271
0.009041	0.361566
0.009057	0.988973
0.009073	1.612469
0.009088	2.229589
0.009104	2.837892
0.009120	3.434973
0.009135	4.018470
0.009151	4.586076
0.009167	5.135547
0.009183	5.664710
0.009198	6.171472
0.009214	6.653830
0.009230	7.109875
0.009246	7.537804
0.009261	7.935926
0.009277	8.302665
0.009293	8.636572
0.009308	8.936326
0.009324	9.200742
0.009340	9.428774
0.009356	9.619521
0.009371	9.772228
0.009387	9.886291
0.009403	9.961259
0.009418	9.996836
0.009434	9.992880
0.009450	9.949409
0.009466	9.866593
0.009481	9.744761
0.009497	9.584393
0.009513	9.386124
0.009529	9.150738
0.009544	8.879167
0.009560	8.572483
0.009576	8.231899
0.009591	7.858763
0.009607	7.454550
0.009623	7.020859
0.009639	6.559404
0.009654	6.072009
0.009670	5.560604
0.009686	5.027209
0.009702	4.473935
0.009717	3.902969
0.009733	3.316568
0.009749	2.717053
0.009764	2.106793
0.009780	1.488201
0.009796	0.863725
0.009812	0.235833
0.009827	-0.392991
0.009843	-1.020261
0.009859	-1.643497
0.009874	-2.260234
0.009890	-2.868032
0.009906	-3.464490
0.009922	-4.047247
0.009937	-4.613999
0.009953	-5.162506
0.009969	-5.690597
0.009985	-6.196186
0.010000	-6.677272
0.010016	-7.131953
0.010032	-7.558432
0.010047	-7.955021
0.010063	-8.320152
0.010079	-8.652381
0.010095	-8.950396
0.010110	-9.213016
0.010126	-9.439204
0.010142	-9.628065
0.010158	-9.778853
0.010173	-9.890971
0.010189	-9.963975
0.010205	-9.997577
0.010220	-9.991645
0.010236	-9.946201
0.010252	-9.861425
0.010268	-9.737653
0.010283	-9.575374
0.010299	-9.375229
0.010315	-9.138011
0.010330	-8.864657
0.010346	-8.556248
0.010362	-8.214004
0.010378	-7.839278
0.010393	-7.433552
0.010409	-6.998431
0.010425	-6.535634
0.010441	-6.046993
0.010456	-5.534439
0.010472	-5.000000
0.010488	-4.445788
0.010503	-3.873996
0.010519	-3.286885
0.010535	-2.686775
0.010551	-2.076041
0.010566	-1.457097
0.010582	-0.832391
0.010598	-0.204394
0.010613	0.424412
0.010629	1.051539
0.010645	1.674509
0.010661	2.290856
0.010676	2.898144
0.010692	3.493972
0.010708	4.075983
0.010724	4.641876
0.010739	5.189413
0.010755	5.716428
0.010771	6.220839
0.010786	6.700649
0.010802	7.153962
0.010818	7.578985
0.010834	7.974037
0.010849	8.337556
0.010865	8.668105
0.010881	8.964377
0.010897	9.225199
0.010912	9.449541
0.010928	9.636515
0.010944	9.785382
0.010959	9.895553
0.010975	9.966593
0.010991	9.998220
0.011007	9.990310
0.011022	9.942894
0.011038	9.856159
0.011054	9.730449
0.011069	9.566260
0.011085	9.364242
0.011101	9.125193
0.011117	8.850059
0.011132	8.539929
0.011148	8.196027
0.011164	7.819715
0.011180	7.412480
0.011195	6.975933
0.011211	6.511800
0.011227	6.021917
0.011242	5.508220
0.011258	4.972741
0.011274	4.417598
0.011290	3.844985
0.011305	3.257168
0.011321	2.656471
0.011337	2.045268
0.011353	1.425978
0.011368	0.801049
0.011384	0.172952
0.011400	-0.455829
0.011415	-1.082807
0.011431	-1.705504
0.011447	-2.321456
0.011463	-2.928228
0.011478	-3.523420
0.011494	-4.104680
0.011510	-4.669707
0.011525	-5.216269
0.011541	-5.742203
0.011557	-6.245429
0.011573	-6.723959
0.011588	-7.175899
0.011604	-7.599462
0.011620	-7.992974
0.011636	-8.354878
0.011651	-8.683743
0.011667	-8.978269
0.011683	-9.237290
0.011698	-9.459784
0.011714	-9.644869
0.011730	-9.791813
0.011746	-9.900037
0.011761	-9.969112
0.011777	-9.998764
0.011793	-9.988877
0.011808	-9.939489
0.011824	-9.850796
0.011840	-9.723148
0.011856	-9.557051
0.011871	-9.353161
0.011887	-9.112285
0.011903	-8.835374
0.011919	-8.523525
0.011934	-8.177970
0.011950	-7.800075
0.011966	-7.391335
0.011981	-6.953367
0.011997	-6.487902
0.012013	-5.996781
0.012029	-5.481946
0.012044	-4.945433
0.012060	-4.389364
0.012076	-3.815937
0.012092	-3.227420
0.012107	-2.626140
0.012123	-2.014476
0.012139	-1.394845
0.012154	-0.769699
0.012170	-0.141508
0.012186	0.487241
0.012202	1.114064
0.012217	1.736482
0.012233	2.352032
0.012249	2.958282
0.012264	3.552833
0.012280	4.133335
0.012296	4.697492
0.012312	5.243073
0.012327	5.767920
0.012343	6.269959
0.012359	6.747203
0.012375	7.197766
0.012390	7.619865
0.012406	8.011832
0.012422	8.372117
0.012437	8.699295
0.012453	8.992072
0.012469	9.249290
0.012485	9.469933
0.012500	9.653127
0.012516	9.798148
0.012532	9.904424
0.012548	9.971532
0.012563	9.999209
0.012579	9.987344
0.012595	9.935985
0.012610	9.845335
0.012626	9.715752
0.012642	9.547748
0.012658	9.341989
0.012673	9.099287
0.012689	8.820602
0.012705	8.507037
0.012720	8.159831
0.012736	7.780358
0.012752	7.370117
0.012768	6.930732
0.012783	6.463940
0.012799	5.971586
0.012815	5.455618
0.012831	4.918076
0.012846	4.361086
0.012862	3.786850
0.012878	3.197639
0.012893	2.595784
0.012909	1.983663
0.012925	1.363698
0.012941	0.738341
0.012956	0.110064
0.012972	-0.518649
0.012988	-1.145310
0.013003	-1.767443
0.013019	-2.382586
0.013035	-2.988307
0.013051	-3.582212
0.013066	-4.161950
0.013082	-4.725230
0.013098	-5.269825
0.013114	-5.793581
0.013129	-6.294426
0.013145	-6.770380
0.013161	-7.219561
0.013176	-7.640193
0.013192	-8.030612
0.013208	-8.389274
0.013224	-8.714761
0.013239	-9.005787
0.013255	-9.261199
0.013271	-9.479989
0.013287	-9.661290
0.013302	-9.804386
0.013318	-9.908712
0.013334	-9.973854
0.013349	-9.999555
0.013365	-9.985713
0.013381	-9.932384
0.013397	-9.839777
0.013412	-9.708259
0.013428	-9.538351
0.013444	-9.330724
0.013459	-9.086198
0.013475	-8.805742
0.013491	-8.490465
0.013507	-8.141612
0.013522	-7.760563
0.013538	-7.348826
0.013554	-6.908028
0.013570	-6.439913
0.013585	-5.946332
0.013601	-5.429236
0.013617	-4.890670
0.013632	-4.332765
0.013648	-3.757726
0.013664	-3.167827
0.013680	-2.565401
0.013695	-1.952831
0.013711	-1.332538
0.013727	-0.706976
0.013743	-0.078618
0.013758	0.550051
0.013774	1.176545
0.013790	1.798386
0.013805	2.413116
0.013821	3.018303
0.013837	3.611554
0.013853	4.190524
0.013868	4.752922
0.013884	5.296525
0.013900	5.819184
0.013915	6.318831
0.013931	6.793490
0.013947	7.241285
0.013963	7.660444
0.013978	8.049311
0.013994	8.406347
0.014010	8.730141
0.014026	9.019412
0.014041	9.273016
0.014057	9.489951
0.014073	9.669358
0.014088	9.810528
0.014104	9.912902
0.014120	9.976077
0.014136	9.999802
0.014151	9.983983
0.014167	9.928684
0.014183	9.834121
0.014198	9.700671
0.014214	9.528859
0.014230	9.319366
0.014246	9.073020
0.014261	8.790796
0.014277	8.473808
0.014293	8.123312
0.014309	7.740692
0.014324	7.327462
0.014340	6.885256
0.014356	6.415823
0.014371	5.921019
0.014387	5.402800
0.014403	4.863216
0.014419	4.304401
0.014434	3.728565
0.014450	3.137984
0.014466	2.534994
0.014482	1.921979
0.014497	1.301365
0.014513	0.675604
0.014529	0.047171
0.014544	-0.581448
0.014560	-1.207768
0.014576	-1.829312
0.014592	-2.443622
0.014607	-3.048269
0.014623	-3.640861
0.014639	-4.219056
0.014654	-4.780567
0.014670	-5.323173
0.014686	-5.844730
0.014702	-6.343173
0.014717	-6.816533
0.014733	-7.262937
0.014749	-7.680621
0.014765	-8.067931
0.014780	-8.423338
0.014796	-8.745435
0.014812	-9.032948
0.014827	-9.284741
0.014843	-9.499819
0.014859	-9.677329
0.014875	-9.816572
0.014890	-9.916995
0.014906	-9.978202
0.014922	-9.999951
0.014938	-9.982155
0.014953	-9.924886
0.014969	-9.828369
0.014985	-9.692986
0.015000	-9.519273
0.015016	-9.307917
0.015032	-9.059753
0.015048	-8.775762
0.015063	-8.457068
0.015079	-8.104932
0.015095	-7.720745
0.015110	-7.306026
0.015126	-6.862416
0.015142	-6.391670
0.015158	-5.895647
0.015173	-5.376311
0.015189	-4.835714
0.015205	-4.275995
0.015221	-3.699367
0.015236	-3.108109
0.015252	-2.504561
0.015268	-1.891109
0.015283	-1.270178
0.015299	-0.644225
0.015315	-0.015724
0.015331	0.612840
0.015346	1.238979
0.015362	1.860220
0.015378	2.474104
0.015393	3.078204
0.015409	3.670132
0.015425	4.247547
0.015441	4.808164
0.015456	5.349769
0.015472	5.870217
0.015488	6.367453
0.015504	6.839508
0.015519	7.284518
0.015535	7.700721
0.015551	8.086471
0.015566	8.440245
0.015582	8.760642
0.015598	9.046395
0.015614	9.296375
0.015629	9.509593
0.015645	9.685206
0.015661	9.822519
0.015677	9.920989
0.015692	9.980228
0.015708	10.000000
