0.000000	10.000000
0.001572	9.980228
0.003145	9.920989
0.004717	9.822519
0.006289	9.685206
0.007862	9.509593
0.009434	9.296375
0.011007	9.046395
0.012579	8.760642
0.014151	8.440245
0.015724	8.086471
0.017296	7.700721
0.018868	7.284518
0.020441	6.839508
0.022013	6.367453
0.023586	5.870217
0.025158	5.349769
0.026730	4.808164
0.028303	4.247547
0.029875	3.670132
0.031447	3.078204
0.033020	2.474104
0.034592	1.860220
0.036164	1.238979
0.037737	0.612840
0.039309	-0.015724
0.040882	-0.644225
0.042454	-1.270178
0.044026	-1.891109
0.045599	-2.504561
0.047171	-3.108109
0.048743	-3.699367
0.050316	-4.275995
0.051888	-4.835714
0.053461	-5.376311
0.055033	-5.895647
0.056605	-6.391670
0.058178	-6.862416
0.059750	-7.306026
0.061322	-7.720745
0.062895	-8.104932
0.064467	-8.457068
0.066039	-8.775762
0.067612	-9.059753
0.069184	-9.307917
0.070757	-9.519273
0.072329	-9.692986
0.073901	-9.828369
0.075474	-9.924886
0.077046	-9.982155
0.078618	-9.999951
0.080191	-9.978202
0.081763	-9.916995
0.083336	-9.816572
0.084908	-9.677329
0.086480	-9.499819
0.088053	-9.284741
0.089625	-9.032948
0.091197	-8.745435
0.092770	-8.423338
0.094342	-8.067931
0.095914	-7.680621
0.097487	-7.262937
0.099059	-6.816533
0.100632	-6.343173
0.102204	-5.844730
0.103776	-5.323173
0.105349	-4.780567
0.106921	-4.219056
0.108493	-3.640861
0.110066	-3.048269
0.111638	-2.443622
0.113211	-1.829312
0.114783	-1.207768
0.116355	-0.581448
0.117928	0.047171
0.119500	0.675604
0.121072	1.301365
0.122645	1.921979
0.124217	2.534994
0.125789	3.137984
0.127362	3.728565
0.128934	4.304401
0.130507	4.863216
0.132079	5.402800
0.133651	5.921019
0.135224	6.415823
0.136796	6.885256
0.138368	7.327462
0.139941	7.740692
0.141513	8.123312
0.143086	8.473808
0.144658	8.790796
0.146230	9.073020
0.147803	9.319366
0.149375	9.528859
0.150947	9.700671
0.152520	9.834121
0.154092	9.928684
0.155665	9.983983
0.157237	9.999802
0.158809	9.976077
0.160382	9.912902
0.161954	9.810528
0.163526	9.669358
0.165099	9.489951
0.166671	9.273016
0.168243	9.019412
0.169816	8.730141
0.171388	8.406347
0.172961	8.049311
0.174533	7.660444
0.176105	7.241285
0.177678	6.793490
0.179250	6.318831
0.180822	5.819184
0.182395	5.296525
0.183967	4.752922
0.185540	4.190524
0.187112	3.611554
0.188684	3.018303
0.190257	2.413116
0.191829	1.798386
0.193401	1.176545
0.194974	0.550051
0.196546	-0.078618
0.198118	-0.706976
0.199691	-1.332538
0.201263	-1.952831
0.202836	-2.565401
0.204408	-3.167827
0.205980	-3.757726
0.207553	-4.332765
0.209125	-4.890670
0.210697	-5.429236
0.212270	-5.946332
0.213842	-6.439913
0.215415	-6.908028
0.216987	-7.348826
0.218559	-7.760563
0.220132	-8.141612
0.221704	-8.490465
0.223276	-8.805742
0.224849	-9.086198
0.226421	-9.330724
0.227993	-9.538351
0.229566	-9.708259
0.231138	-9.839777
0.232711	-9.932384
0.234283	-9.985713
0.235855	-9.999555
0.237428	-9.973854
0.239000	-9.908712
0.240572	-9.804386
0.242145	-9.661290
0.243717	-9.479989
0.245290	-9.261199
0.246862	-9.005787
0.248434	-8.714761
0.250007	-8.389274
0.251579	-8.030612
0.253151	-7.640193
0.254724	-7.219561
0.256296	-6.770380
0.257868	-6.294426
0.259441	-5.793581
0.261013	-5.269825
0.262586	-4.725230
0.264158	-4.161950
0.265730	-3.582212
0.267303	-2.988307
0.268875	-2.382586
0.270447	-1.767443
0.272020	-1.145310
0.273592	-0.518649
0.275165	0.110064
0.276737	0.738341
0.278309	1.363698
0.279882	1.983663
0.281454	2.595784
0.283026	3.197639
0.284599	3.786850
0.286171	4.361086
0.287743	4.918076
0.289316	5.455618
0.290888	5.971586
0.292461	6.463940
0.294033	6.930732
0.295605	7.370117
0.297178	7.780358
0.298750	8.159831
0.300322	8.507037
0.301895	8.820602
0.303467	9.099287
0.305040	9.341989
0.306612	9.547748
0.308184	9.715752
0.309757	9.845335
0.311329	9.935985
0.312901	9.987344
0.314474	9.999209
0.316046	9.971532
0.317618	9.904424
0.319191	9.798148
0.320763	9.653127
0.322336	9.469933
0.323908	9.249290
0.325480	8.992072
0.327053	8.699295
0.328625	8.372117
0.330197	8.011832
0.331770	7.619865
0.333342	7.197766
0.334915	6.747203
0.336487	6.269959
0.338059	5.767920
0.339632	5.243073
0.341204	4.697492
0.342776	4.133335
0.344349	3.552833
0.345921	2.958282
0.347493	2.352032
0.349066	1.736482
0.350638	1.114064
0.352211	0.487241
0.353783	-0.141508
0.355355	-0.769699
0.356928	-1.394845
0.358500	-2.014476
0.360072	-2.626140
0.361645	-3.227420
0.363217	-3.815937
0.364790	-4.389364
0.366362	-4.945433
0.367934	-5.481946
0.369507	-5.996781
0.371079	-6.487902
0.372651	-6.953367
0.374224	-7.391335
0.375796	-7.800075
0.377368	-8.177970
0.378941	-8.523525
0.380513	-8.835374
0.382086	-9.112285
0.383658	-9.353161
0.385230	-9.557051
0.386803	-9.723148
0.388375	-9.850796
0.389947	-9.939489
0.391520	-9.988877
0.393092	-9.998764
0.394665	-9.969112
0.396237	-9.900037
0.397809	-9.791813
0.399382	-9.644869
0.400954	-9.459784
0.402526	-9.237290
0.404099	-8.978269
0.405671	-8.683743
0.407243	-8.354878
0.408816	-7.992974
0.410388	-7.599462
0.411961	-7.175899
0.413533	-6.723959
0.415105	-6.245429
0.416678	-5.742203
0.418250	-5.216269
0.419822	-4.669707
0.421395	-4.104680
0.422967	-3.523420
0.424540	-2.928228
0.426112	-2.321456
0.427684	-1.705504
0.429257	-1.082807
0.430829	-0.455829
0.432401	0.172952
0.433974	0.801049
0.435546	1.425978
0.437118	2.045268
0.438691	2.656471
0.440263	3.257168
0.441836	3.844985
0.443408	4.417598
0.444980	4.972741
0.446553	5.508220
0.448125	6.021917
0.449697	6.511800
0.451270	6.975933
0.452842	7.412480
0.454415	7.819715
0.455987	8.196027
0.457559	8.539929
0.459132	8.850059
0.460704	9.125193
0.462276	9.364242
0.463849	9.566260
0.465421	9.730449
0.466994	9.856159
0.468566	9.942894
0.470138	9.990310
0.471711	9.998220
0.473283	9.966593
0.474855	9.895553
0.476428	9.785382
0.478000	9.636515
0.479572	9.449541
0.481145	9.225199
0.482717	8.964377
0.484290	8.668105
0.485862	8.337556
0.487434	7.974037
0.489007	7.578985
0.490579	7.153962
0.492151	6.700649
0.493724	6.220839
0.495296	5.716428
0.496869	5.189413
0.498441	4.641876
0.500013	4.075983
0.501586	3.493972
0.503158	2.898144
0.504730	2.290856
0.506303	1.674509
0.507875	1.051539
0.509447	0.424412
0.511020	-0.204394
0.512592	-0.832391
0.514165	-1.457097
0.515737	-2.076041
0.517309	-2.686775
0.518882	-3.286885
0.520454	-3.873996
0.522026	-4.445788
0.523599	-5.000000
0.525171	-5.534439
0.526744	-6.046993
0.528316	-6.535634
0.529888	-6.998431
0.531461	-7.433552
0.533033	-7.839278
0.534605	-8.214004
0.536178	-8.556248
0.537750	-8.864657
0.539322	-9.138011
0.540895	-9.375229
0.542467	-9.575374
0.544040	-9.737653
0.545612	-9.861425
0.547184	-9.946201
0.548757	-9.991645
0.550329	-9.997577
0.551901	-9.963975
0.553474	-9.890971
0.555046	-9.778853
0.556619	-9.628065
0.558191	-9.439204
0.559763	-9.213016
0.561336	-8.950396
0.562908	-8.652381
0.564480	-8.320152
0.566053	-7.955021
0.567625	-7.558432
0.569197	-7.131953
0.570770	-6.677272
0.572342	-6.196186
0.573915	-5.690597
0.575487	-5.162506
0.577059	-4.613999
0.578632	-4.047247
0.580204	-3.464490
0.581776	-2.868032
0.583349	-2.260234
0.584921	-1.643497
0.586494	-1.020261
0.588066	-0.392991
0.589638	0.235833
0.591211	0.863725
0.592783	1.488201
0.594355	2.106793
0.595928	2.717053
0.597500	3.316568
0.599072	3.902969
0.600645	4.473935
0.602217	5.027209
0.603790	5.560604
0.605362	6.072009
0.606934	6.559404
0.608507	7.020859
0.610079	7.454550
0.611651	7.858763
0.613224	8.231899
0.614796	8.572483
0.616369	8.879167
0.617941	9.150738
0.619513	9.386124
0.621086	9.584393
0.622658	9.744761
0.624230	9.866593
0.625803	9.949409
0.627375	9.992880
0.628947	9.996836
0.630520	9.961259
0.632092	9.886291
0.633665	9.772228
0.635237	9.619521
0.636809	9.428774
0.638382	9.200742
0.639954	8.936326
0.641526	8.636572
0.643099	8.302665
0.644671	7.935926
0.646244	7.537804
0.647816	7.109875
0.649388	6.653830
0.650961	6.171472
0.652533	5.664710
0.654105	5.135547
0.655678	4.586076
0.657250	4.018470
0.658822	3.434973
0.660395	2.837892
0.661967	2.229589
0.663540	1.612469
0.665112	0.988973
0.666684	0.361566
0.668257	-0.267271
0.669829	-0.895051
0.671401	-1.519291
0.672974	-2.137524
0.674546	-2.747304
0.676119	-3.346219
0.677691	-3.931903
0.679263	-4.502037
0.680836	-5.054369
0.682408	-5.586714
0.683980	-6.096966
0.685553	-6.583108
0.687125	-7.043217
0.688697	-7.475475
0.690270	-7.878171
0.691842	-8.249713
0.693415	-8.588633
0.694987	-8.893589
0.696559	-9.163375
0.698132	-9.396926
0.699704	-9.593317
0.701276	-9.751772
0.702849	-9.871664
0.704421	-9.952519
0.705994	-9.994018
0.707566	-9.995995
0.709138	-9.958444
0.710711	-9.881513
0.712283	-9.765506
0.713855	-9.610881
0.715428	-9.418251
0.717000	-9.188378
0.718572	-8.922169
0.720145	-8.620678
0.721717	-8.285096
0.723290	-7.916752
0.724862	-7.517102
0.726434	-7.087726
0.728007	-6.630321
0.729579	-6.146698
0.731151	-5.638767
0.732724	-5.108538
0.734296	-4.558108
0.735869	-3.989654
0.737441	-3.405422
0.739013	-2.807723
0.740586	-2.198922
0.742158	-1.581425
0.743730	-0.957675
0.745303	-0.330137
0.746875	0.298706
0.748447	0.926367
0.750020	1.550366
0.751592	2.168234
0.753165	2.777527
0.754737	3.375837
0.756309	3.960798
0.757882	4.530095
0.759454	5.081479
0.761026	5.612768
0.762599	6.121862
0.764171	6.606747
0.765744	7.065506
0.767316	7.496326
0.768888	7.897501
0.770461	8.267446
0.772033	8.604698
0.773605	8.907923
0.775178	9.175922
0.776750	9.407635
0.778323	9.602147
0.779895	9.758687
0.781467	9.876637
0.783040	9.955531
0.784612	9.995056
0.786184	9.995056
0.787757	9.955531
0.789329	9.876637
0.790901	9.758687
0.792474	9.602147
0.794046	9.407635
0.795619	9.175922
0.797191	8.907923
0.798763	8.604698
0.800336	8.267446
0.801908	7.897501
0.803480	7.496326
0.805053	7.065506
0.806625	6.606747
0.808198	6.121862
0.809770	5.612768
0.811342	5.081479
0.812915	4.530095
0.814487	3.960798
0.816059	3.375837
0.817632	2.777527
0.819204	2.168234
0.820776	1.550366
0.822349	0.926367
0.823921	0.298706
0.825494	-0.330137
0.827066	-0.957675
0.828638	-1.581425
0.830211	-2.198922
0.831783	-2.807723
0.833355	-3.405422
0.834928	-3.989654
0.836500	-4.558108
0.838073	-5.108538
0.839645	-5.638767
0.841217	-6.146698
0.842790	-6.630321
0.844362	-7.087726
0.845934	-7.517102
0.847507	-7.916752
0.849079	-8.285096
0.850651	-8.620678
0.852224	-8.922169
0.853796	-9.188378
0.855369	-9.418251
0.856941	-9.610881
0.858513	-9.765506
0.860086	-9.881513
0.861658	-9.958444
0.863230	-9.995995
0.864803	-9.994018
0.866375	-9.952519
0.867948	-9.871664
0.869520	-9.751772
0.871092	-9.593317
0.872665	-9.396926
0.874237	-9.163375
0.875809	-8.893589
0.877382	-8.588633
0.878954	-8.249713
0.880526	-7.878171
0.882099	-7.475475
0.883671	-7.043217
0.885244	-6.583108
0.886816	-6.096966
0.888388	-5.586714
0.889961	-5.054369
0.891533	-4.502037
0.893105	-3.931903
0.894678	-3.346219
0.896250	-2.747304
0.897823	-2.137524
0.899395	-1.519291
0.900967	-0.895051
0.902540	-0.267271
0.904112	0.361566
0.905684	0.988973
0.907257	1.612469
0.908829	2.229589
0.910401	2.837892
0.911974	3.434973
0.913546	4.018470
0.915119	4.586076
0.916691	5.135547
0.918263	5.664710
0.919836	6.171472
0.921408	6.653830
0.922980	7.109875
0.924553	7.537804
0.926125	7.935926
0.927698	8.302665
0.929270	8.636572
0.930842	8.936326
0.932415	9.200742
0.933987	9.428774
0.935559	9.619521
0.937132	9.772228
0.938704	9.886291
0.940276	9.961259
0.941849	9.996836
0.943421	9.992880
0.944994	9.949409
0.946566	9.866593
0.948138	9.744761
0.949711	9.584393
0.951283	9.386124
0.952855	9.150738
0.954428	8.879167
0.956000	8.572483
0.957573	8.231899
0.959145	7.858763
0.960717	7.454550
0.962290	7.020859
0.963862	6.559404
0.965434	6.072009
0.967007	5.560604
0.968579	5.027209
0.970151	4.473935
0.971724	3.902969
0.973296	3.316568
0.974869	2.717053
0.976441	2.106793
0.978013	1.488201
0.979586	0.863725
0.981158	0.235833
0.982730	-0.392991
0.984303	-1.020261
0.985875	-1.643497
0.987448	-2.260234
0.989020	-2.868032
0.990592	-3.464490
0.992165	-4.047247
0.993737	-4.613999
0.995309	-5.162506
0.996882	-5.690597
0.998454	-6.196186
1.000026	-6.677272
1.001599	-7.131953
1.003171	-7.558432
1.004744	-7.955021
1.006316	-8.320152
1.007888	-8.652381
1.009461	-8.950396
1.011033	-9.213016
1.012605	-9.439204
1.014178	-9.628065
1.015750	-9.778853
1.017323	-9.890971
1.018895	-9.963975
1.020467	-9.997577
1.022040	-9.991645
1.023612	-9.946201
1.025184	-9.861425
1.026757	-9.737653
1.028329	-9.575374
1.029901	-9.375229
1.031474	-9.138011
1.033046	-8.864657
1.034619	-8.556248
1.036191	-8.214004
1.037763	-7.839278
1.039336	-7.433552
1.040908	-6.998431
1.042480	-6.535634
1.044053	-6.046993
1.045625	-5.534439
1.047198	-5.000000
1.048770	-4.445788
1.050342	-3.873996
1.051915	-3.286885
1.053487	-2.686775
1.055059	-2.076041
1.056632	-1.457097
1.058204	-0.832391
1.059777	-0.204394
1.061349	0.424412
1.062921	1.051539
1.064494	1.674509
1.066066	2.290856
1.067638	2.898144
1.069211	3.493972
1.070783	4.075983
1.072355	4.641876
1.073928	5.189413
1.075500	5.716428
1.077073	6.220839
1.078645	6.700649
1.080217	7.153962
1.081790	7.578985
1.083362	7.974037
1.084934	8.337556
1.086507	8.668105
1.088079	8.964377
1.089652	9.225199
1.091224	9.449541
1.092796	9.636515
1.094369	9.785382
1.095941	9.895553
1.097513	9.966593
1.099086	9.998220
1.100658	9.990310
1.102230	9.942894
1.103803	9.856159
1.105375	9.730449
1.106948	9.566260
1.108520	9.364242
1.110092	9.125193
1.111665	8.850059
1.113237	8.539929
1.114809	8.196027
1.116382	7.819715
1.117954	7.412480
1.119527	6.975933
1.121099	6.511800
1.122671	6.021917
1.124244	5.508220
1.125816	4.972741
1.127388	4.417598
1.128961	3.844985
1.130533	3.257168
1.132105	2.656471
1.133678	2.045268
1.135250	1.425978
1.136823	0.801049
1.138395	0.172952
1.139967	-0.455829
1.141540	-1.082807
1.143112	-1.705504
1.144684	-2.321456
1.146257	-2.928228
1.147829	-3.523420
1.149402	-4.104680
1.150974	-4.669707
1.152546	-5.216269
1.154119	-5.742203
1.155691	-6.245429
1.157263	-6.723959
1.158836	-7.175899
1.160408	-7.599462
1.161980	-7.992974
1.163553	-8.354878
1.165125	-8.683743
1.166698	-8.978269
1.168270	-9.237290
1.169842	-9.459784
1.171415	-9.644869
1.172987	-9.791813
1.174559	-9.900037
1.176132	-9.969112
1.177704	-9.998764
1.179277	-9.988877
1.180849	-9.939489
1.182421	-9.850796
1.183994	-9.723148
1.185566	-9.557051
1.187138	-9.353161
1.188711	-9.112285
1.190283	-8.835374
1.191855	-8.523525
1.193428	-8.177970
1.195000	-7.800075
1.196573	-7.391335
1.198145	-6.953367
1.199717	-6.487902
1.201290	-5.996781
1.202862	-5.481946
1.204434	-4.945433
1.206007	-4.389364
1.207579	-3.815937
1.209152	-3.227420
1.210724	-2.626140
1.212296	-2.014476
1.213869	-1.394845
1.215441	-0.769699
1.217013	-0.141508
1.218586	0.487241
1.220158	1.114064
1.221730	1.736482
1.223303	2.352032
1.224875	2.958282
1.226448	3.552833
1.228020	4.133335
1.229592	4.697492
1.231165	5.243073
1.232737	5.767920
1.234309	6.269959
1.235882	6.747203
1.237454	7.197766
1.239027	7.619865
1.240599	8.011832
1.242171	8.372117
1.243744	8.699295
1.245316	8.992072
1.246888	9.249290
1.248461	9.469933
1.250033	9.653127
1.251605	9.798148
1.253178	9.904424
1.254750	9.971532
1.256323	9.999209
1.257895	9.987344
1.259467	9.935985
1.261040	9.845335
1.262612	9.715752
1.264184	9.547748
1.265757	9.341989
1.267329	9.099287
1.268902	8.820602
1.270474	8.507037
1.272046	8.159831
1.273619	7.780358
1.275191	7.370117
1.276763	6.930732
1.278336	6.463940
1.279908	5.971586
1.281480	5.455618
1.283053	4.918076
1.284625	4.361086
1.286198	3.786850
1.287770	3.197639
1.289342	2.595784
1.290915	1.983663
1.292487	1.363698
1.294059	0.738341
1.295632	0.110064
1.297204	-0.518649
1.298777	-1.145310
1.300349	-1.767443
1.301921	-2.382586
1.303494	-2.988307
1.305066	-3.582212
1.306638	-4.161950
1.308211	-4.725230
1.309783	-5.269825
1.311355	-5.793581
1.312928	-6.294426
1.314500	-6.770380
1.316073	-7.219561
1.317645	-7.640193
1.319217	-8.030612
1.320790	-8.389274
1.322362	-8.714761
1.323934	-9.005787
1.325507	-9.261199
1.327079	-9.479989
1.328652	-9.661290
1.330224	-9.804386
1.331796	-9.908712
1.333369	-9.973854
1.334941	-9.999555
1.336513	-9.985713
1.338086	-9.932384
1.339658	-9.839777
1.341230	-9.708259
1.342803	-9.538351
1.344375	-9.330724
1.345948	-9.086198
1.347520	-8.805742
1.349092	-8.490465
1.350665	-8.141612
1.352237	-7.760563
1.353809	-7.348826
1.355382	-6.908028
1.356954	-6.439913
1.358527	-5.946332
1.360099	-5.429236
1.361671	-4.890670
1.363244	-4.332765
1.364816	-3.757726
1.366388	-3.167827
1.367961	-2.565401
1.369533	-1.952831
1.371106	-1.332538
1.372678	-0.706976
1.374250	-0.078618
1.375823	0.550051
1.377395	1.176545
1.378967	1.798386
1.380540	2.413116
1.382112	3.018303
1.383684	3.611554
1.385257	4.190524
1.386829	4.752922
1.388402	5.296525
1.389974	5.819184
1.391546	6.318831
1.393119	6.793490
1.394691	7.241285
1.396263	7.660444
1.397836	8.049311
1.399408	8.406347
1.400981	8.730141
1.402553	9.019412
1.404125	9.273016
1.405698	9.489951
1.407270	9.669358
1.408842	9.810528
1.410415	9.912902
1.411987	9.976077
1.413559	9.999802
1.415132	9.983983
1.416704	9.928684
1.418277	9.834121
1.419849	9.700671
1.421421	9.528859
1.422994	9.319366
1.424566	9.073020
1.426138	8.790796
1.427711	8.473808
1.429283	8.123312
1.430856	7.740692
1.432428	7.327462
1.434000	6.885256
1.435573	6.415823
1.437145	5.921019
1.438717	5.402800
1.440290	4.863216
1.441862	4.304401
1.443434	3.728565
1.445007	3.137984
1.446579	2.534994
1.448152	1.921979
1.449724	1.301365
1.451296	0.675604
1.452869	0.047171
1.454441	-0.581448
1.456013	-1.207768
1.457586	-1.829312
1.459158	-2.443622
1.460731	-3.048269
1.462303	-3.640861
1.463875	-4.219056
1.465448	-4.780567
1.467020	-5.323173
1.468592	-5.844730
1.470165	-6.343173
1.471737	-6.816533
1.473309	-7.262937
1.474882	-7.680621
1.476454	-8.067931
1.478027	-8.423338
1.479599	-8.745435
1.481171	-9.032948
1.482744	-9.284741
1.484316	-9.499819
1.485888	-9.677329
1.487461	-9.816572
1.489033	-9.916995
1.490606	-9.978202
1.492178	-9.999951
1.493750	-9.982155
1.495323	-9.924886
1.496895	-9.828369
1.498467	-9.692986
1.500040	-9.519273
1.501612	-9.307917
1.503184	-9.059753
1.504757	-8.775762
1.506329	-8.457068
1.507902	-8.104932
1.509474	-7.720745
1.511046	-7.306026
1.512619	-6.862416
1.514191	-6.391670
1.515763	-5.895647
1.517336	-5.376311
1.518908	-4.835714
1.520481	-4.275995
1.522053	-3.699367
1.523625	-3.108109
1.525198	-2.504561
1.526770	-1.891109
1.528342	-1.270178
1.529915	-0.644225
1.531487	-0.015724
1.533059	0.612840
1.534632	1.238979
1.536204	1.860220
1.537777	2.474104
1.539349	3.078204
1.540921	3.670132
1.542494	4.247547
1.544066	4.808164
1.545638	5.349769
1.547211	5.870217
1.548783	6.367453
1.550356	6.839508
1.551928	7.284518
1.553500	7.700721
1.555073	8.086471
1.556645	8.440245
1.558217	8.760642
1.559790	9.046395
1.561362	9.296375
1.562934	9.509593
1.564507	9.685206
1.566079	9.822519
1.567652	9.920989
1.569224	9.980228
1.570796	10.000000
