0.000000	10.000000
0.015724	9.980228
0.031447	9.920989
0.047171	9.822519
0.062895	9.685206
0.078618	9.509593
0.094342	9.296375
0.110066	9.046395
0.125789	8.760642
0.141513	8.440245
0.157237	8.086471
0.172961	7.700721
0.188684	7.284518
0.204408	6.839508
0.220132	6.367453
0.235855	5.870217
0.251579	5.349769
0.267303	4.808164
0.283026	4.247547
0.298750	3.670132
0.314474	3.078204
0.330197	2.474104
0.345921	1.860220
0.361645	1.238979
0.377368	0.612840
0.393092	-0.015724
0.408816	-0.644225
0.424540	-1.270178
0.440263	-1.891109
0.455987	-2.504561
0.471711	-3.108109
0.487434	-3.699367
0.503158	-4.275995
0.518882	-4.835714
0.534605	-5.376311
0.550329	-5.895647
0.566053	-6.391670
0.581776	-6.862416
0.597500	-7.306026
0.613224	-7.720745
0.628947	-8.104932
0.644671	-8.457068
0.660395	-8.775762
0.676119	-9.059753
0.691842	-9.307917
0.707566	-9.519273
0.723290	-9.692986
0.739013	-9.828369
0.754737	-9.924886
0.770461	-9.982155
0.786184	-9.999951
0.801908	-9.978202
0.817632	-9.916995
0.833355	-9.816572
0.849079	-9.677329
0.864803	-9.499819
0.880526	-9.284741
0.896250	-9.032948
0.911974	-8.745435
0.927698	-8.423338
0.943421	-8.067931
0.959145	-7.680621
0.974869	-7.262937
0.990592	-6.816533
1.006316	-6.343173
1.022040	-5.844730
1.037763	-5.323173
1.053487	-4.780567
1.069211	-4.219056
1.084934	-3.640861
1.100658	-3.048269
1.116382	-2.443622
1.132105	-1.829312
1.147829	-1.207768
1.163553	-0.581448
1.179277	0.047171
1.195000	0.675604
1.210724	1.301365
1.226448	1.921979
1.242171	2.534994
1.257895	3.137984
1.273619	3.728565
1.289342	4.304401
1.305066	4.863216
1.320790	5.402800
1.336513	5.921019
1.352237	6.415823
1.367961	6.885256
1.383684	7.327462
1.399408	7.740692
1.415132	8.123312
1.430856	8.473808
1.446579	8.790796
1.462303	9.073020
1.478027	9.319366
1.493750	9.528859
1.509474	9.700671
1.525198	9.834121
1.540921	9.928684
1.556645	9.983983
1.572369	9.999802
1.588092	9.976077
1.603816	9.912902
1.619540	9.810528
1.635263	9.669358
1.650987	9.489951
1.666711	9.273016
1.682435	9.019412
1.698158	8.730141
1.713882	8.406347
1.729606	8.049311
1.745329	7.660444
1.761053	7.241285
1.776777	6.793490
1.792500	6.318831
1.808224	5.819184
1.823948	5.296525
1.839671	4.752922
1.855395	4.190524
1.871119	3.611554
1.886842	3.018303
1.902566	2.413116
1.918290	1.798386
1.934013	1.176545
1.949737	0.550051
1.965461	-0.078618
1.981185	-0.706976
1.996908	-1.332538
2.012632	-1.952831
2.028356	-2.565401
2.044079	-3.167827
2.059803	-3.757726
2.075527	-4.332765
2.091250	-4.890670
2.106974	-5.429236
2.122698	-5.946332
2.138421	-6.439913
2.154145	-6.908028
2.169869	-7.348826
2.185592	-7.760563
2.201316	-8.141612
2.217040	-8.490465
2.232764	-8.805742
2.248487	-9.086198
2.264211	-9.330724
2.279935	-9.538351
2.295658	-9.708259
2.311382	-9.839777
2.327106	-9.932384
2.342829	-9.985713
2.358553	-9.999555
2.374277	-9.973854
2.390000	-9.908712
2.405724	-9.804386
2.421448	-9.661290
2.437171	-9.479989
2.452895	-9.261199
2.468619	-9.005787
2.484343	-8.714761
2.500066	-8.389274
2.515790	-8.030612
2.531514	-7.640193
2.547237	-7.219561
2.562961	-6.770380
2.578685	-6.294426
2.594408	-5.793581
2.610132	-5.269825
2.625856	-4.725230
2.641579	-4.161950
2.657303	-3.582212
2.673027	-2.988307
2.688750	-2.382586
2.704474	-1.767443
2.720198	-1.145310
2.735922	-0.518649
2.751645	0.110064
2.767369	0.738341
2.783093	1.363698
2.798816	1.983663
2.814540	2.595784
2.830264	3.197639
2.845987	3.786850
2.861711	4.361086
2.877435	4.918076
2.893158	5.455618
2.908882	5.971586
2.924606	6.463940
2.940329	6.930732
2.956053	7.370117
2.971777	7.780358
2.987501	8.159831
3.003224	8.507037
3.018948	8.820602
3.034672	9.099287
3.050395	9.341989
3.066119	9.547748
3.081843	9.715752
3.097566	9.845335
3.113290	9.935985
3.129014	9.987344
3.144737	9.999209
3.160461	9.971532
3.176185	9.904424
3.191908	9.798148
3.207632	9.653127
3.223356	9.469933
3.239080	9.249290
3.254803	8.992072
3.270527	8.699295
3.286251	8.372117
3.301974	8.011832
3.317698	7.619865
3.333422	7.197766
3.349145	6.747203
3.364869	6.269959
3.380593	5.767920
3.396316	5.243073
3.412040	4.697492
3.427764	4.133335
3.443487	3.552833
3.459211	2.958282
3.474935	2.352032
3.490659	1.736482
3.506382	1.114064
3.522106	0.487241
3.537830	-0.141508
3.553553	-0.769699
3.569277	-1.394845
3.585001	-2.014476
3.600724	-2.626140
3.616448	-3.227420
3.632172	-3.815937
3.647895	-4.389364
3.663619	-4.945433
3.679343	-5.481946
3.695066	-5.996781
3.710790	-6.487902
3.726514	-6.953367
3.742237	-7.391335
3.757961	-7.800075
3.773685	-8.177970
3.789409	-8.523525
3.805132	-8.835374
3.820856	-9.112285
3.836580	-9.353161
3.852303	-9.557051
3.868027	-9.723148
3.883751	-9.850796
3.899474	-9.939489
3.915198	-9.988877
3.930922	-9.998764
3.946645	-9.969112
3.962369	-9.900037
3.978093	-9.791813
3.993816	-9.644869
4.009540	-9.459784
4.025264	-9.237290
4.040988	-8.978269
4.056711	-8.683743
4.072435	-8.354878
4.088159	-7.992974
4.103882	-7.599462
4.119606	-7.175899
4.135330	-6.723959
4.151053	-6.245429
4.166777	-5.742203
4.182501	-5.216269
4.198224	-4.669707
4.213948	-4.104680
4.229672	-3.523420
4.245395	-2.928228
4.261119	-2.321456
4.276843	-1.705504
4.292567	-1.082807
4.308290	-0.455829
4.324014	0.172952
4.339738	0.801049
4.355461	1.425978
4.371185	2.045268
4.386909	2.656471
4.402632	3.257168
4.418356	3.844985
4.434080	4.417598
4.449803	4.972741
4.465527	5.508220
4.481251	6.021917
4.496974	6.511800
4.512698	6.975933
4.528422	7.412480
4.544146	7.819715
4.559869	8.196027
4.575593	8.539929
4.591317	8.850059
4.607040	9.125193
4.622764	9.364242
4.638488	9.566260
4.654211	9.730449
4.669935	9.856159
4.685659	9.942894
4.701382	9.990310
4.717106	9.998220
4.732830	9.966593
4.748553	9.895553
4.764277	9.785382
4.780001	9.636515
4.795725	9.449541
4.811448	9.225199
4.827172	8.964377
4.842896	8.668105
4.858619	8.337556
4.874343	7.974037
4.890067	7.578985
4.905790	7.153962
4.921514	6.700649
4.937238	6.220839
4.952961	5.716428
4.968685	5.189413
4.984409	4.641876
5.000132	4.075983
5.015856	3.493972
5.031580	2.898144
5.047304	2.290856
5.063027	1.674509
5.078751	1.051539
5.094475	0.424412
5.110198	-0.204394
5.125922	-0.832391
5.141646	-1.457097
5.157369	-2.076041
5.173093	-2.686775
5.188817	-3.286885
5.204540	-3.873996
5.220264	-4.445788
5.235988	-5.000000
5.251711	-5.534439
5.267435	-6.046993
5.283159	-6.535634
5.298883	-6.998431
5.314606	-7.433552
5.330330	-7.839278
5.346054	-8.214004
5.361777	-8.556248
5.377501	-8.864657
5.393225	-9.138011
5.408948	-9.375229
5.424672	-9.575374
5.440396	-9.737653
5.456119	-9.861425
5.471843	-9.946201
5.487567	-9.991645
5.503290	-9.997577
5.519014	-9.963975
5.534738	-9.890971
5.550461	-9.778853
5.566185	-9.628065
5.581909	-9.439204
5.597633	-9.213016
5.613356	-8.950396
5.629080	-8.652381
5.644804	-8.320152
5.660527	-7.955021
5.676251	-7.558432
5.691975	-7.131953
5.707698	-6.677272
5.723422	-6.196186
5.739146	-5.690597
5.754869	-5.162506
5.770593	-4.613999
5.786317	-4.047247
5.802040	-3.464490
5.817764	-2.868032
5.833488	-2.260234
5.849212	-1.643497
5.864935	-1.020261
5.880659	-0.392991
5.896383	0.235833
5.912106	0.863725
5.927830	1.488201
5.943554	2.106793
5.959277	2.717053
5.975001	3.316568
5.990725	3.902969
6.006448	4.473935
6.022172	5.027209
6.037896	5.560604
6.053619	6.072009
6.069343	6.559404
6.085067	7.020859
6.100791	7.454550
6.116514	7.858763
6.132238	8.231899
6.147962	8.572483
6.163685	8.879167
6.179409	9.150738
6.195133	9.386124
6.210856	9.584393
6.226580	9.744761
6.242304	9.866593
6.258027	9.949409
6.273751	9.992880
6.289475	9.996836
6.305198	9.961259
6.320922	9.886291
6.336646	9.772228
6.352370	9.619521
6.368093	9.428774
6.383817	9.200742
6.399541	8.936326
6.415264	8.636572
6.430988	8.302665
6.446712	7.935926
6.462435	7.537804
6.478159	7.109875
6.493883	6.653830
6.509606	6.171472
6.525330	5.664710
6.541054	5.135547
6.556777	4.586076
6.572501	4.018470
6.588225	3.434973
6.603949	2.837892
6.619672	2.229589
6.635396	1.612469
6.651120	0.988973
6.666843	0.361566
6.682567	-0.267271
6.698291	-0.895051
6.714014	-1.519291
6.729738	-2.137524
6.745462	-2.747304
6.761185	-3.346219
6.776909	-3.931903
6.792633	-4.502037
6.808356	-5.054369
6.824080	-5.586714
6.839804	-6.096966
6.855528	-6.583108
6.871251	-7.043217
6.886975	-7.475475
6.902699	-7.878171
6.918422	-8.249713
6.934146	-8.588633
6.949870	-8.893589
6.965593	-9.163375
6.981317	-9.396926
6.997041	-9.593317
7.012764	-9.751772
7.028488	-9.871664
7.044212	-9.952519
7.059935	-9.994018
7.075659	-9.995995
7.091383	-9.958444
7.107107	-9.881513
7.122830	-9.765506
7.138554	-9.610881
7.154278	-9.418251
7.170001	-9.188378
7.185725	-8.922169
7.201449	-8.620678
7.217172	-8.285096
7.232896	-7.916752
7.248620	-7.517102
7.264343	-7.087726
7.280067	-6.630321
7.295791	-6.146698
7.311514	-5.638767
7.327238	-5.108538
7.342962	-4.558108
7.358685	-3.989654
7.374409	-3.405422
7.390133	-2.807723
7.405857	-2.198922
7.421580	-1.581425
7.437304	-0.957675
7.453028	-0.330137
7.468751	0.298706
7.484475	0.926367
7.500199	1.550366
7.515922	2.168234
7.531646	2.777527
7.547370	3.375837
7.563093	3.960798
7.578817	4.530095
7.594541	5.081479
7.610264	5.612768
7.625988	6.121862
7.641712	6.606747
7.657436	7.065506
7.673159	7.496326
7.688883	7.897501
7.704607	8.267446
7.720330	8.604698
7.736054	8.907923
7.751778	9.175922
7.767501	9.407635
7.783225	9.602147
7.798949	9.758687
7.814672	9.876637
7.830396	9.955531
7.846120	9.995056
7.861843	9.995056
7.877567	9.955531
7.893291	9.876637
7.909015	9.758687
7.924738	9.602147
7.940462	9.407635
7.956186	9.175922
7.971909	8.907923
7.987633	8.604698
8.003357	8.267446
8.019080	7.897501
8.034804	7.496326
8.050528	7.065506
8.066251	6.606747
8.081975	6.121862
8.097699	5.612768
8.113422	5.081479
8.129146	4.530095
8.144870	3.960798
8.160594	3.375837
8.176317	2.777527
8.192041	2.168234
8.207765	1.550366
8.223488	0.926367
8.239212	0.298706
8.254936	-0.330137
8.270659	-0.957675
8.286383	-1.581425
8.302107	-2.198922
8.317830	-2.807723
8.333554	-3.405422
8.349278	-3.989654
8.365001	-4.558108
8.380725	-5.108538
8.396449	-5.638767
8.412173	-6.146698
8.427896	-6.630321
8.443620	-7.087726
8.459344	-7.517102
8.475067	-7.916752
8.490791	-8.285096
8.506515	-8.620678
8.522238	-8.922169
8.537962	-9.188378
8.553686	-9.418251
8.569409	-9.610881
8.585133	-9.765506
8.600857	-9.881513
8.616580	-9.958444
8.632304	-9.995995
8.648028	-9.994018
8.663752	-9.952519
8.679475	-9.871664
8.695199	-9.751772
8.710923	-9.593317
8.726646	-9.396926
8.742370	-9.163375
8.758094	-8.893589
8.773817	-8.588633
8.789541	-8.249713
8.805265	-7.878171
8.820988	-7.475475
8.836712	-7.043217
8.852436	-6.583108
8.868159	-6.096966
8.883883	-5.586714
8.899607	-5.054369
8.915331	-4.502037
8.931054	-3.931903
8.946778	-3.346219
8.962502	-2.747304
8.978225	-2.137524
8.993949	-1.519291
9.009673	-0.895051
9.025396	-0.267271
9.041120	0.361566
9.056844	0.988973
9.072567	1.612469
9.088291	2.229589
9.104015	2.837892
9.119738	3.434973
9.135462	4.018470
9.151186	4.586076
9.166909	5.135547
9.182633	5.664710
9.198357	6.171472
9.214081	6.653830
9.229804	7.109875
9.245528	7.537804
9.261252	7.935926
9.276975	8.302665
9.292699	8.636572
9.308423	8.936326
9.324146	9.200742
9.339870	9.428774
9.355594	9.619521
9.371317	9.772228
9.387041	9.886291
9.402765	9.961259
9.418488	9.996836
9.434212	9.992880
9.449936	9.949409
9.465660	9.866593
9.481383	9.744761
9.497107	9.584393
9.512831	9.386124
9.528554	9.150738
9.544278	8.879167
9.560002	8.572483
9.575725	8.231899
9.591449	7.858763
9.607173	7.454550
9.622896	7.020859
9.638620	6.559404
9.654344	6.072009
9.670067	5.560604
9.685791	5.027209
9.701515	4.473935
9.717239	3.902969
9.732962	3.316568
9.748686	2.717053
9.764410	2.106793
9.780133	1.488201
9.795857	0.863725
9.811581	0.235833
9.827304	-0.392991
9.843028	-1.020261
9.858752	-1.643497
9.874475	-2.260234
9.890199	-2.868032
9.905923	-3.464490
9.921646	-4.047247
9.937370	-4.613999
9.953094	-5.162506
9.968818	-5.690597
9.984541	-6.196186
10.000265	-6.677272
10.015989	-7.131953
10.031712	-7.558432
10.047436	-7.955021
10.063160	-8.320152
10.078883	-8.652381
10.094607	-8.950396
10.110331	-9.213016
10.126054	-9.439204
10.141778	-9.628065
10.157502	-9.778853
10.173225	-9.890971
10.188949	-9.963975
10.204673	-9.997577
10.220397	-9.991645
10.236120	-9.946201
10.251844	-9.861425
10.267568	-9.737653
10.283291	-9.575374
10.299015	-9.375229
10.314739	-9.138011
10.330462	-8.864657
10.346186	-8.556248
10.361910	-8.214004
10.377633	-7.839278
10.393357	-7.433552
10.409081	-6.998431
10.424804	-6.535634
10.440528	-6.046993
10.456252	-5.534439
10.471976	-5.000000
10.487699	-4.445788
10.503423	-3.873996
10.519147	-3.286885
10.534870	-2.686775
10.550594	-2.076041
10.566318	-1.457097
10.582041	-0.832391
10.597765	-0.204394
10.613489	0.424412
10.629212	1.051539
10.644936	1.674509
10.660660	2.290856
10.676383	2.898144
10.692107	3.493972
10.707831	4.075983
10.723555	4.641876
10.739278	5.189413
10.755002	5.716428
10.770726	6.220839
10.786449	6.700649
10.802173	7.153962
10.817897	7.578985
10.833620	7.974037
10.849344	8.337556
10.865068	8.668105
10.880791	8.964377
10.896515	9.225199
10.912239	9.449541
10.927962	9.636515
10.943686	9.785382
10.959410	9.895553
10.975133	9.966593
10.990857	9.998220
11.006581	9.990310
11.022305	9.942894
11.038028	9.856159
11.053752	9.730449
11.069476	9.566260
11.085199	9.364242
11.100923	9.125193
11.116647	8.850059
11.132370	8.539929
11.148094	8.196027
11.163818	7.819715
11.179541	7.412480
11.195265	6.975933
11.210989	6.511800
11.226712	6.021917
11.242436	5.508220
11.258160	4.972741
11.273884	4.417598
11.289607	3.844985
11.305331	3.257168
11.321055	2.656471
11.336778	2.045268
11.352502	1.425978
11.368226	0.801049
11.383949	0.172952
11.399673	-0.455829
11.415397	-1.082807
11.431120	-1.705504
11.446844	-2.321456
11.462568	-2.928228
11.478291	-3.523420
11.494015	-4.104680
11.509739	-4.669707
11.525463	-5.216269
11.541186	-5.742203
11.556910	-6.245429
11.572634	-6.723959
11.588357	-7.175899
11.604081	-7.599462
11.619805	-7.992974
11.635528	-8.354878
11.651252	-8.683743
11.666976	-8.978269
11.682699	-9.237290
11.698423	-9.459784
11.714147	-9.644869
11.729870	-9.791813
11.745594	-9.900037
11.761318	-9.969112
11.777042	-9.998764
11.792765	-9.988877
11.808489	-9.939489
11.824213	-9.850796
11.839936	-9.723148
11.855660	-9.557051
11.871384	-9.353161
11.887107	-9.112285
11.902831	-8.835374
11.918555	-8.523525
11.934278	-8.177970
11.950002	-7.800075
11.965726	-7.391335
11.981449	-6.953367
11.997173	-6.487902
12.012897	-5.996781
12.028621	-5.481946
12.044344	-4.945433
12.060068	-4.389364
12.075792	-3.815937
12.091515	-3.227420
12.107239	-2.626140
12.122963	-2.014476
12.138686	-1.394845
12.154410	-0.769699
12.170134	-0.141508
12.185857	0.487241
12.201581	1.114064
12.217305	1.736482
12.233028	2.352032
12.248752	2.958282
12.264476	3.552833
12.280200	4.133335
12.295923	4.697492
12.311647	5.243073
12.327371	5.767920
12.343094	6.269959
12.358818	6.747203
12.374542	7.197766
12.390265	7.619865
12.405989	8.011832
12.421713	8.372117
12.437436	8.699295
12.453160	8.992072
12.468884	9.249290
12.484607	9.469933
12.500331	9.653127
12.516055	9.798148
12.531779	9.904424
12.547502	9.971532
12.563226	9.999209
12.578950	9.987344
12.594673	9.935985
12.610397	9.845335
12.626121	9.715752
12.641844	9.547748
12.657568	9.341989
12.673292	9.099287
12.689015	8.820602
12.704739	8.507037
12.720463	8.159831
12.736186	7.780358
12.751910	7.370117
12.767634	6.930732
12.783357	6.463940
12.799081	5.971586
12.814805	5.455618
12.830529	4.918076
12.846252	4.361086
12.861976	3.786850
12.877700	3.197639
12.893423	2.595784
12.909147	1.983663
12.924871	1.363698
12.940594	0.738341
12.956318	0.110064
12.972042	-0.518649
12.987765	-1.145310
13.003489	-1.767443
13.019213	-2.382586
13.034936	-2.988307
13.050660	-3.582212
13.066384	-4.161950
13.082108	-4.725230
13.097831	-5.269825
13.113555	-5.793581
13.129279	-6.294426
13.145002	-6.770380
13.160726	-7.219561
13.176450	-7.640193
13.192173	-8.030612
13.207897	-8.389274
13.223621	-8.714761
13.239344	-9.005787
13.255068	-9.261199
13.270792	-9.479989
13.286515	-9.661290
13.302239	-9.804386
13.317963	-9.908712
13.333687	-9.973854
13.349410	-9.999555
13.365134	-9.985713
13.380858	-9.932384
13.396581	-9.839777
13.412305	-9.708259
13.428029	-9.538351
13.443752	-9.330724
13.459476	-9.086198
13.475200	-8.805742
13.490923	-8.490465
13.506647	-8.141612
13.522371	-7.760563
13.538094	-7.348826
13.553818	-6.908028
13.569542	-6.439913
13.585266	-5.946332
13.600989	-5.429236
13.616713	-4.890670
13.632437	-4.332765
13.648160	-3.757726
13.663884	-3.167827
13.679608	-2.565401
13.695331	-1.952831
13.711055	-1.332538
13.726779	-0.706976
13.742502	-0.078618
13.758226	0.550051
13.773950	1.176545
13.789673	1.798386
13.805397	2.413116
13.821121	3.018303
13.836845	3.611554
13.852568	4.190524
13.868292	4.752922
13.884016	5.296525
13.899739	5.819184
13.915463	6.318831
13.931187	6.793490
13.946910	7.241285
13.962634	7.660444
13.978358	8.049311
13.994081	8.406347
14.009805	8.730141
14.025529	9.019412
14.041252	9.273016
14.056976	9.489951
14.072700	9.669358
14.088424	9.810528
14.104147	9.912902
14.119871	9.976077
14.135595	9.999802
14.151318	9.983983
14.167042	9.928684
14.182766	9.834121
14.198489	9.700671
14.214213	9.528859
14.229937	9.319366
14.245660	9.073020
14.261384	8.790796
14.277108	8.473808
14.292831	8.123312
14.308555	7.740692
14.324279	7.327462
14.340003	6.885256
14.355726	6.415823
14.371450	5.921019
14.387174	5.402800
14.402897	4.863216
14.418621	4.304401
14.434345	3.728565
14.450068	3.137984
14.465792	2.534994
14.481516	1.921979
14.497239	1.301365
14.512963	0.675604
14.528687	0.047171
14.544410	-0.581448
14.560134	-1.207768
14.575858	-1.829312
14.591581	-2.443622
14.607305	-3.048269
14.623029	-3.640861
14.638753	-4.219056
14.654476	-4.780567
14.670200	-5.323173
14.685924	-5.844730
14.701647	-6.343173
14.717371	-6.816533
14.733095	-7.262937
14.748818	-7.680621
14.764542	-8.067931
14.780266	-8.423338
14.795989	-8.745435
14.811713	-9.032948
14.827437	-9.284741
14.843160	-9.499819
14.858884	-9.677329
14.874608	-9.816572
14.890332	-9.916995
14.906055	-9.978202
14.921779	-9.999951
14.937503	-9.982155
14.953226	-9.924886
14.968950	-9.828369
14.984674	-9.692986
15.000397	-9.519273
15.016121	-9.307917
15.031845	-9.059753
15.047568	-8.775762
15.063292	-8.457068
15.079016	-8.104932
15.094739	-7.720745
15.110463	-7.306026
15.126187	-6.862416
15.141911	-6.391670
15.157634	-5.895647
15.173358	-5.376311
15.189082	-4.835714
15.204805	-4.275995
15.220529	-3.699367
15.236253	-3.108109
15.251976	-2.504561
15.267700	-1.891109
15.283424	-1.270178
15.299147	-0.644225
15.314871	-0.015724
15.330595	0.612840
15.346318	1.238979
15.362042	1.860220
15.377766	2.474104
15.393490	3.078204
15.409213	3.670132
15.424937	4.247547
15.440661	4.808164
15.456384	5.349769
15.472108	5.870217
15.487832	6.367453
15.503555	6.839508
15.519279	7.284518
15.535003	7.700721
15.550726	8.086471
15.566450	8.440245
15.582174	8.760642
15.597897	9.046395
15.613621	9.296375
15.629345	9.509593
15.645069	9.685206
15.660792	9.822519
15.676516	9.920989
15.692240	9.980228
15.707963	10.000000
