0.000000	10.000000
0.000013	9.980228
0.000025	9.920989
0.000038	9.822519
0.000050	9.685206
0.000063	9.509593
0.000075	9.296375
0.000088	9.046395
0.000101	8.760642
0.000113	8.440245
0.000126	8.086471
0.000138	7.700721
0.000151	7.284518
0.000164	6.839508
0.000176	6.367453
0.000189	5.870217
0.000201	5.349769
0.000214	4.808164
0.000226	4.247547
0.000239	3.670132
0.000252	3.078204
0.000264	2.474104
0.000277	1.860220
0.000289	1.238979
0.000302	0.612840
0.000314	-0.015724
0.000327	-0.644225
0.000340	-1.270178
0.000352	-1.891109
0.000365	-2.504561
0.000377	-3.108109
0.000390	-3.699367
0.000403	-4.275995
0.000415	-4.835714
0.000428	-5.376311
0.000440	-5.895647
0.000453	-6.391670
0.000465	-6.862416
0.000478	-7.306026
0.000491	-7.720745
0.000503	-8.104932
0.000516	-8.457068
0.000528	-8.775762
0.000541	-9.059753
0.000553	-9.307917
0.000566	-9.519273
0.000579	-9.692986
0.000591	-9.828369
0.000604	-9.924886
0.000616	-9.982155
0.000629	-9.999951
0.000642	-9.978202
0.000654	-9.916995
0.000667	-9.816572
0.000679	-9.677329
0.000692	-9.499819
0.000704	-9.284741
0.000717	-9.032948
0.000730	-8.745435
0.000742	-8.423338
0.000755	-8.067931
0.000767	-7.680621
0.000780	-7.262937
0.000792	-6.816533
0.000805	-6.343173
0.000818	-5.844730
0.000830	-5.323173
0.000843	-4.780567
0.000855	-4.219056
0.000868	-3.640861
0.000881	-3.048269
0.000893	-2.443622
0.000906	-1.829312
0.000918	-1.207768
0.000931	-0.581448
0.000943	0.047171
0.000956	0.675604
0.000969	1.301365
0.000981	1.921979
0.000994	2.534994
0.001006	3.137984
0.001019	3.728565
0.001031	4.304401
0.001044	4.863216
0.001057	5.402800
0.001069	5.921019
0.001082	6.415823
0.001094	6.885256
0.001107	7.327462
0.001120	7.740692
0.001132	8.123312
0.001145	8.473808
0.001157	8.790796
0.001170	9.073020
0.001182	9.319366
0.001195	9.528859
0.001208	9.700671
0.001220	9.834121
0.001233	9.928684
0.001245	9.983983
0.001258	9.999802
0.001270	9.976077
0.001283	9.912902
0.001296	9.810528
0.001308	9.669358
0.001321	9.489951
0.001333	9.273016
0.001346	9.019412
0.001359	8.730141
0.001371	8.406347
0.001384	8.049311
0.001396	7.660444
0.001409	7.241285
0.001421	6.793490
0.001434	6.318831
0.001447	5.819184
0.001459	5.296525
0.001472	4.752922
0.001484	4.190524
0.001497	3.611554
0.001509	3.018303
0.001522	2.413116
0.001535	1.798386
0.001547	1.176545
0.001560	0.550051
0.001572	-0.078618
0.001585	-0.706976
0.001598	-1.332538
0.001610	-1.952831
0.001623	-2.565401
0.001635	-3.167827
0.001648	-3.757726
0.001660	-4.332765
0.001673	-4.890670
0.001686	-5.429236
0.001698	-5.946332
0.001711	-6.439913
0.001723	-6.908028
0.001736	-7.348826
0.001748	-7.760563
0.001761	-8.141612
0.001774	-8.490465
0.001786	-8.805742
0.001799	-9.086198
0.001811	-9.330724
0.001824	-9.538351
0.001837	-9.708259
0.001849	-9.839777
0.001862	-9.932384
0.001874	-9.985713
0.001887	-9.999555
0.001899	-9.973854
0.001912	-9.908712
0.001925	-9.804386
0.001937	-9.661290
0.001950	-9.479989
0.001962	-9.261199
0.001975	-9.005787
0.001987	-8.714761
0.002000	-8.389274
0.002013	-8.030612
0.002025	-7.640193
0.002038	-7.219561
0.002050	-6.770380
0.002063	-6.294426
0.002076	-5.793581
0.002088	-5.269825
0.002101	-4.725230
0.002113	-4.161950
0.002126	-3.582212
0.002138	-2.988307
0.002151	-2.382586
0.002164	-1.767443
0.002176	-1.145310
0.002189	-0.518649
0.002201	0.110064
0.002214	0.738341
0.002226	1.363698
0.002239	1.983663
0.002252	2.595784
0.002264	3.197639
0.002277	3.786850
0.002289	4.361086
0.002302	4.918076
0.002315	5.455618
0.002327	5.971586
0.002340	6.463940
0.002352	6.930732
0.002365	7.370117
0.002377	7.780358
0.002390	8.159831
0.002403	8.507037
0.002415	8.820602
0.002428	9.099287
0.002440	9.341989
0.002453	9.547748
0.002465	9.715752
0.002478	9.845335
0.002491	9.935985
0.002503	9.987344
0.002516	9.999209
0.002528	9.971532
0.002541	9.904424
0.002554	9.798148
0.002566	9.653127
0.002579	9.469933
0.002591	9.249290
0.002604	8.992072
0.002616	8.699295
0.002629	8.372117
0.002642	8.011832
0.002654	7.619865
0.002667	7.197766
0.002679	6.747203
0.002692	6.269959
0.002704	5.767920
0.002717	5.243073
0.002730	4.697492
0.002742	4.133335
0.002755	3.552833
0.002767	2.958282
0.002780	2.352032
0.002793	1.736482
0.002805	1.114064
0.002818	0.487241
0.002830	-0.141508
0.002843	-0.769699
0.002855	-1.394845
0.002868	-2.014476
0.002881	-2.626140
0.002893	-3.227420
0.002906	-3.815937
0.002918	-4.389364
0.002931	-4.945433
0.002943	-5.481946
0.002956	-5.996781
0.002969	-6.487902
0.002981	-6.953367
0.002994	-7.391335
0.003006	-7.800075
0.003019	-8.177970
0.003032	-8.523525
0.003044	-8.835374
0.003057	-9.112285
0.003069	-9.353161
0.003082	-9.557051
0.003094	-9.723148
0.003107	-9.850796
0.003120	-9.939489
0.003132	-9.988877
0.003145	-9.998764
0.003157	-9.969112
0.003170	-9.900037
0.003182	-9.791813
0.003195	-9.644869
0.003208	-9.459784
0.003220	-9.237290
0.003233	-8.978269
0.003245	-8.683743
0.003258	-8.354878
0.003271	-7.992974
0.003283	-7.599462
0.003296	-7.175899
0.003308	-6.723959
0.003321	-6.245429
0.003333	-5.742203
0.003346	-5.216269
0.003359	-4.669707
0.003371	-4.104680
0.003384	-3.523420
0.003396	-2.928228
0.003409	-2.321456
0.003421	-1.705504
0.003434	-1.082807
0.003447	-0.455829
0.003459	0.172952
0.003472	0.801049
0.003484	1.425978
0.003497	2.045268
0.003510	2.656471
0.003522	3.257168
0.003535	3.844985
0.003547	4.417598
0.003560	4.972741
0.003572	5.508220
0.003585	6.021917
0.003598	6.511800
0.003610	6.975933
0.003623	7.412480
0.003635	7.819715
0.003648	8.196027
0.003660	8.539929
0.003673	8.850059
0.003686	9.125193
0.003698	9.364242
0.003711	9.566260
0.003723	9.730449
0.003736	9.856159
0.003749	9.942894
0.003761	9.990310
0.003774	9.998220
0.003786	9.966593
0.003799	9.895553
0.003811	9.785382
0.003824	9.636515
0.003837	9.449541
0.003849	9.225199
0.003862	8.964377
0.003874	8.668105
0.003887	8.337556
0.003899	7.974037
0.003912	7.578985
0.003925	7.153962
0.003937	6.700649
0.003950	6.220839
0.003962	5.716428
0.003975	5.189413
0.003988	4.641876
0.004000	4.075983
0.004013	3.493972
0.004025	2.898144
0.004038	2.290856
0.004050	1.674509
0.004063	1.051539
0.004076	0.424412
0.004088	-0.204394
0.004101	-0.832391
0.004113	-1.457097
0.004126	-2.076041
0.004138	-2.686775
0.004151	-3.286885
0.004164	-3.873996
0.004176	-4.445788
0.004189	-5.000000
0.004201	-5.534439
0.004214	-6.046993
0.004227	-6.535634
0.004239	-6.998431
0.004252	-7.433552
0.004264	-7.839278
0.004277	-8.214004
0.004289	-8.556248
0.004302	-8.864657
0.004315	-9.138011
0.004327	-9.375229
0.004340	-9.575374
0.004352	-9.737653
0.004365	-9.861425
0.004377	-9.946201
0.004390	-9.991645
0.004403	-9.997577
0.004415	-9.963975
0.004428	-9.890971
0.004440	-9.778853
0.004453	-9.628065
0.004466	-9.439204
0.004478	-9.213016
0.004491	-8.950396
0.004503	-8.652381
0.004516	-8.320152
0.004528	-7.955021
0.004541	-7.558432
0.004554	-7.131953
0.004566	-6.677272
0.004579	-6.196186
0.004591	-5.690597
0.004604	-5.162506
0.004616	-4.613999
0.004629	-4.047247
0.004642	-3.464490
0.004654	-2.868032
0.004667	-2.260234
0.004679	-1.643497
0.004692	-1.020261
0.004705	-0.392991
0.004717	0.235833
0.004730	0.863725
0.004742	1.488201
0.004755	2.106793
0.004767	2.717053
0.004780	3.316568
0.004793	3.902969
0.004805	4.473935
0.004818	5.027209
0.004830	5.560604
0.004843	6.072009
0.004855	6.559404
0.004868	7.020859
0.004881	7.454550
0.004893	7.858763
0.004906	8.231899
0.004918	8.572483
0.004931	8.879167
0.004944	9.150738
0.004956	9.386124
0.004969	9.584393
0.004981	9.744761
0.004994	9.866593
0.005006	9.949409
0.005019	9.992880
0.005032	9.996836
0.005044	9.961259
0.005057	9.886291
0.005069	9.772228
0.005082	9.619521
0.005094	9.428774
0.005107	9.200742
0.005120	8.936326
0.005132	8.636572
0.005145	8.302665
0.005157	7.935926
0.005170	7.537804
0.005183	7.109875
0.005195	6.653830
0.005208	6.171472
0.005220	5.664710
0.005233	5.135547
0.005245	4.586076
0.005258	4.018470
0.005271	3.434973
0.005283	2.837892
0.005296	2.229589
0.005308	1.612469
0.005321	0.988973
0.005333	0.361566
0.005346	-0.267271
0.005359	-0.895051
0.005371	-1.519291
0.005384	-2.137524
0.005396	-2.747304
0.005409	-3.346219
0.005422	-3.931903
0.005434	-4.502037
0.005447	-5.054369
0.005459	-5.586714
0.005472	-6.096966
0.005484	-6.583108
0.005497	-7.043217
0.005510	-7.475475
0.005522	-7.878171
0.005535	-8.249713
0.005547	-8.588633
0.005560	-8.893589
0.005572	-9.163375
0.005585	-9.396926
0.005598	-9.593317
0.005610	-9.751772
0.005623	-9.871664
0.005635	-9.952519
0.005648	-9.994018
0.005661	-9.995995
0.005673	-9.958444
0.005686	-9.881513
0.005698	-9.765506
0.005711	-9.610881
0.005723	-9.418251
0.005736	-9.188378
0.005749	-8.922169
0.005761	-8.620678
0.005774	-8.285096
0.005786	-7.916752
0.005799	-7.517102
0.005811	-7.087726
0.005824	-6.630321
0.005837	-6.146698
0.005849	-5.638767
0.005862	-5.108538
0.005874	-4.558108
0.005887	-3.989654
0.005900	-3.405422
0.005912	-2.807723
0.005925	-2.198922
0.005937	-1.581425
0.005950	-0.957675
0.005962	-0.330137
0.005975	0.298706
0.005988	0.926367
0.006000	1.550366
0.006013	2.168234
0.006025	2.777527
0.006038	3.375837
0.006050	3.960798
0.006063	4.530095
0.006076	5.081479
0.006088	5.612768
0.006101	6.121862
0.006113	6.606747
0.006126	7.065506
0.006139	7.496326
0.006151	7.897501
0.006164	8.267446
0.006176	8.604698
0.006189	8.907923
0.006201	9.175922
0.006214	9.407635
0.006227	9.602147
0.006239	9.758687
0.006252	9.876637
0.006264	9.955531
0.006277	9.995056
0.006289	9.995056
0.006302	9.955531
0.006315	9.876637
0.006327	9.758687
0.006340	9.602147
0.006352	9.407635
0.006365	9.175922
0.006378	8.907923
0.006390	8.604698
0.006403	8.267446
0.006415	7.897501
0.006428	7.496326
0.006440	7.065506
0.006453	6.606747
0.006466	6.121862
0.006478	5.612768
0.006491	5.081479
0.006503	4.530095
0.006516	3.960798
0.006528	3.375837
0.006541	2.777527
0.006554	2.168234
0.006566	1.550366
0.006579	0.926367
0.006591	0.298706
0.006604	-0.330137
0.006617	-0.957675
0.006629	-1.581425
0.006642	-2.198922
0.006654	-2.807723
0.006667	-3.405422
0.006679	-3.989654
0.006692	-4.558108
0.006705	-5.108538
0.006717	-5.638767
0.006730	-6.146698
0.006742	-6.630321
0.006755	-7.087726
0.006767	-7.517102
0.006780	-7.916752
0.006793	-8.285096
0.006805	-8.620678
0.006818	-8.922169
0.006830	-9.188378
0.006843	-9.418251
0.006856	-9.610881
0.006868	-9.765506
0.006881	-9.881513
0.006893	-9.958444
0.006906	-9.995995
0.006918	-9.994018
0.006931	-9.952519
0.006944	-9.871664
0.006956	-9.751772
0.006969	-9.593317
0.006981	-9.396926
0.006994	-9.163375
0.007006	-8.893589
0.007019	-8.588633
0.007032	-8.249713
0.007044	-7.878171
0.007057	-7.475475
0.007069	-7.043217
0.007082	-6.583108
0.007095	-6.096966
0.007107	-5.586714
0.007120	-5.054369
0.007132	-4.502037
0.007145	-3.931903
0.007157	-3.346219
0.007170	-2.747304
0.007183	-2.137524
0.007195	-1.519291
0.007208	-0.895051
0.007220	-0.267271
0.007233	0.361566
0.007245	0.988973
0.007258	1.612469
0.007271	2.229589
0.007283	2.837892
0.007296	3.434973
0.007308	4.018470
0.007321	4.586076
0.007334	5.135547
0.007346	5.664710
0.007359	6.171472
0.007371	6.653830
0.007384	7.109875
0.007396	7.537804
0.007409	7.935926
0.007422	8.302665
0.007434	8.636572
0.007447	8.936326
0.007459	9.200742
0.007472	9.428774
0.007484	9.619521
0.007497	9.772228
0.007510	9.886291
0.007522	9.961259
0.007535	9.996836
0.007547	9.992880
0.007560	9.949409
0.007573	9.866593
0.007585	9.744761
0.007598	9.584393
0.007610	9.386124
0.007623	9.150738
0.007635	8.879167
0.007648	8.572483
0.007661	8.231899
0.007673	7.858763
0.007686	7.454550
0.007698	7.020859
0.007711	6.559404
0.007723	6.072009
0.007736	5.560604
0.007749	5.027209
0.007761	4.473935
0.007774	3.902969
0.007786	3.316568
0.007799	2.717053
0.007812	2.106793
0.007824	1.488201
0.007837	0.863725
0.007849	0.235833
0.007862	-0.392991
0.007874	-1.020261
0.007887	-1.643497
0.007900	-2.260234
0.007912	-2.868032
0.007925	-3.464490
0.007937	-4.047247
0.007950	-4.613999
0.007962	-5.162506
0.007975	-5.690597
0.007988	-6.196186
0.008000	-6.677272
0.008013	-7.131953
0.008025	-7.558432
0.008038	-7.955021
0.008051	-8.320152
0.008063	-8.652381
0.008076	-8.950396
0.008088	-9.213016
0.008101	-9.439204
0.008113	-9.628065
0.008126	-9.778853
0.008139	-9.890971
0.008151	-9.963975
0.008164	-9.997577
0.008176	-9.991645
0.008189	-9.946201
0.008201	-9.861425
0.008214	-9.737653
0.008227	-9.575374
0.008239	-9.375229
0.008252	-9.138011
0.008264	-8.864657
0.008277	-8.556248
0.008290	-8.214004
0.008302	-7.839278
0.008315	-7.433552
0.008327	-6.998431
0.008340	-6.535634
0.008352	-6.046993
0.008365	-5.534439
0.008378	-5.000000
0.008390	-4.445788
0.008403	-3.873996
0.008415	-3.286885
0.008428	-2.686775
0.008440	-2.076041
0.008453	-1.457097
0.008466	-0.832391
0.008478	-0.204394
0.008491	0.424412
0.008503	1.051539
0.008516	1.674509
0.008529	2.290856
0.008541	2.898144
0.008554	3.493972
0.008566	4.075983
0.008579	4.641876
0.008591	5.189413
0.008604	5.716428
0.008617	6.220839
0.008629	6.700649
0.008642	7.153962
0.008654	7.578985
0.008667	7.974037
0.008679	8.337556
0.008692	8.668105
0.008705	8.964377
0.008717	9.225199
0.008730	9.449541
0.008742	9.636515
0.008755	9.785382
0.008768	9.895553
0.008780	9.966593
0.008793	9.998220
0.008805	9.990310
0.008818	9.942894
0.008830	9.856159
0.008843	9.730449
0.008856	9.566260
0.008868	9.364242
0.008881	9.125193
0.008893	8.850059
0.008906	8.539929
0.008918	8.196027
0.008931	7.819715
0.008944	7.412480
0.008956	6.975933
0.008969	6.511800
0.008981	6.021917
0.008994	5.508220
0.009007	4.972741
0.009019	4.417598
0.009032	3.844985
0.009044	3.257168
0.009057	2.656471
0.009069	2.045268
0.009082	1.425978
0.009095	0.801049
0.009107	0.172952
0.009120	-0.455829
0.009132	-1.082807
0.009145	-1.705504
0.009157	-2.321456
0.009170	-2.928228
0.009183	-3.523420
0.009195	-4.104680
0.009208	-4.669707
0.009220	-5.216269
0.009233	-5.742203
0.009246	-6.245429
0.009258	-6.723959
0.009271	-7.175899
0.009283	-7.599462
0.009296	-7.992974
0.009308	-8.354878
0.009321	-8.683743
0.009334	-8.978269
0.009346	-9.237290
0.009359	-9.459784
0.009371	-9.644869
0.009384	-9.791813
0.009396	-9.900037
0.009409	-9.969112
0.009422	-9.998764
0.009434	-9.988877
0.009447	-9.939489
0.009459	-9.850796
0.009472	-9.723148
0.009485	-9.557051
0.009497	-9.353161
0.009510	-9.112285
0.009522	-8.835374
0.009535	-8.523525
0.009547	-8.177970
0.009560	-7.800075
0.009573	-7.391335
0.009585	-6.953367
0.009598	-6.487902
0.009610	-5.996781
0.009623	-5.481946
0.009635	-4.945433
0.009648	-4.389364
0.009661	-3.815937
0.009673	-3.227420
0.009686	-2.626140
0.009698	-2.014476
0.009711	-1.394845
0.009724	-0.769699
0.009736	-0.141508
0.009749	0.487241
0.009761	1.114064
0.009774	1.736482
0.009786	2.352032
0.009799	2.958282
0.009812	3.552833
0.009824	4.133335
0.009837	4.697492
0.009849	5.243073
0.009862	5.767920
0.009874	6.269959
0.009887	6.747203
0.009900	7.197766
0.009912	7.619865
0.009925	8.011832
0.009937	8.372117
0.009950	8.699295
0.009963	8.992072
0.009975	9.249290
0.009988	9.469933
0.010000	9.653127
0.010013	9.798148
0.010025	9.904424
0.010038	9.971532
0.010051	9.999209
0.010063	9.987344
0.010076	9.935985
0.010088	9.845335
0.010101	9.715752
0.010113	9.547748
0.010126	9.341989
0.010139	9.099287
0.010151	8.820602
0.010164	8.507037
0.010176	8.159831
0.010189	7.780358
0.010202	7.370117
0.010214	6.930732
0.010227	6.463940
0.010239	5.971586
0.010252	5.455618
0.010264	4.918076
0.010277	4.361086
0.010290	3.786850
0.010302	3.197639
0.010315	2.595784
0.010327	1.983663
0.010340	1.363698
0.010352	0.738341
0.010365	0.110064
0.010378	-0.518649
0.010390	-1.145310
0.010403	-1.767443
0.010415	-2.382586
0.010428	-2.988307
0.010441	-3.582212
0.010453	-4.161950
0.010466	-4.725230
0.010478	-5.269825
0.010491	-5.793581
0.010503	-6.294426
0.010516	-6.770380
0.010529	-7.219561
0.010541	-7.640193
0.010554	-8.030612
0.010566	-8.389274
0.010579	-8.714761
0.010591	-9.005787
0.010604	-9.261199
0.010617	-9.479989
0.010629	-9.661290
0.010642	-9.804386
0.010654	-9.908712
0.010667	-9.973854
0.010680	-9.999555
0.010692	-9.985713
0.010705	-9.932384
0.010717	-9.839777
0.010730	-9.708259
0.010742	-9.538351
0.010755	-9.330724
0.010768	-9.086198
0.010780	-8.805742
0.010793	-8.490465
0.010805	-8.141612
0.010818	-7.760563
0.010830	-7.348826
0.010843	-6.908028
0.010856	-6.439913
0.010868	-5.946332
0.010881	-5.429236
0.010893	-4.890670
0.010906	-4.332765
0.010919	-3.757726
0.010931	-3.167827
0.010944	-2.565401
0.010956	-1.952831
0.010969	-1.332538
0.010981	-0.706976
0.010994	-0.078618
0.011007	0.550051
0.011019	1.176545
0.011032	1.798386
0.011044	2.413116
0.011057	3.018303
0.011069	3.611554
0.011082	4.190524
0.011095	4.752922
0.011107	5.296525
0.011120	5.819184
0.011132	6.318831
0.011145	6.793490
0.011158	7.241285
0.011170	7.660444
0.011183	8.049311
0.011195	8.406347
0.011208	8.730141
0.011220	9.019412
0.011233	9.273016
0.011246	9.489951
0.011258	9.669358
0.011271	9.810528
0.011283	9.912902
0.011296	9.976077
0.011308	9.999802
0.011321	9.983983
0.011334	9.928684
0.011346	9.834121
0.011359	9.700671
0.011371	9.528859
0.011384	9.319366
0.011397	9.073020
0.011409	8.790796
0.011422	8.473808
0.011434	8.123312
0.011447	7.740692
0.011459	7.327462
0.011472	6.885256
0.011485	6.415823
0.011497	5.921019
0.011510	5.402800
0.011522	4.863216
0.011535	4.304401
0.011547	3.728565
0.011560	3.137984
0.011573	2.534994
0.011585	1.921979
0.011598	1.301365
0.011610	0.675604
0.011623	0.047171
0.011636	-0.581448
0.011648	-1.207768
0.011661	-1.829312
0.011673	-2.443622
0.011686	-3.048269
0.011698	-3.640861
0.011711	-4.219056
0.011724	-4.780567
0.011736	-5.323173
0.011749	-5.844730
0.011761	-6.343173
0.011774	-6.816533
0.011786	-7.262937
0.011799	-7.680621
0.011812	-8.067931
0.011824	-8.423338
0.011837	-8.745435
0.011849	-9.032948
0.011862	-9.284741
0.011875	-9.499819
0.011887	-9.677329
0.011900	-9.816572
0.011912	-9.916995
0.011925	-9.978202
0.011937	-9.999951
0.011950	-9.982155
0.011963	-9.924886
0.011975	-9.828369
0.011988	-9.692986
0.012000	-9.519273
0.012013	-9.307917
0.012025	-9.059753
0.012038	-8.775762
0.012051	-8.457068
0.012063	-8.104932
0.012076	-7.720745
0.012088	-7.306026
0.012101	-6.862416
0.012114	-6.391670
0.012126	-5.895647
0.012139	-5.376311
0.012151	-4.835714
0.012164	-4.275995
0.012176	-3.699367
0.012189	-3.108109
0.012202	-2.504561
0.012214	-1.891109
0.012227	-1.270178
0.012239	-0.644225
0.012252	-0.015724
0.012264	0.612840
0.012277	1.238979
0.012290	1.860220
0.012302	2.474104
0.012315	3.078204
0.012327	3.670132
0.012340	4.247547
0.012353	4.808164
0.012365	5.349769
0.012378	5.870217
0.012390	6.367453
0.012403	6.839508
0.012415	7.284518
0.012428	7.700721
0.012441	8.086471
0.012453	8.440245
0.012466	8.760642
0.012478	9.046395
0.012491	9.296375
0.012503	9.509593
0.012516	9.685206
0.012529	9.822519
0.012541	9.920989
0.012554	9.980228
0.012566	10.000000
