0.000000	10.000000
0.000001	9.980228
0.000003	9.920989
0.000004	9.822519
0.000005	9.685206
0.000006	9.509593
0.000008	9.296375
0.000009	9.046395
0.000010	8.760642
0.000011	8.440245
0.000013	8.086471
0.000014	7.700721
0.000015	7.284518
0.000016	6.839508
0.000018	6.367453
0.000019	5.870217
0.000020	5.349769
0.000021	4.808164
0.000023	4.247547
0.000024	3.670132
0.000025	3.078204
0.000026	2.474104
0.000028	1.860220
0.000029	1.238979
0.000030	0.612840
0.000031	-0.015724
0.000033	-0.644225
0.000034	-1.270178
0.000035	-1.891109
0.000036	-2.504561
0.000038	-3.108109
0.000039	-3.699367
0.000040	-4.275995
0.000042	-4.835714
0.000043	-5.376311
0.000044	-5.895647
0.000045	-6.391670
0.000047	-6.862416
0.000048	-7.306026
0.000049	-7.720745
0.000050	-8.104932
0.000052	-8.457068
0.000053	-8.775762
0.000054	-9.059753
0.000055	-9.307917
0.000057	-9.519273
0.000058	-9.692986
0.000059	-9.828369
0.000060	-9.924886
0.000062	-9.982155
0.000063	-9.999951
0.000064	-9.978202
0.000065	-9.916995
0.000067	-9.816572
0.000068	-9.677329
0.000069	-9.499819
0.000070	-9.284741
0.000072	-9.032948
0.000073	-8.745435
0.000074	-8.423338
0.000075	-8.067931
0.000077	-7.680621
0.000078	-7.262937
0.000079	-6.816533
0.000081	-6.343173
0.000082	-5.844730
0.000083	-5.323173
0.000084	-4.780567
0.000086	-4.219056
0.000087	-3.640861
0.000088	-3.048269
0.000089	-2.443622
0.000091	-1.829312
0.000092	-1.207768
0.000093	-0.581448
0.000094	0.047171
0.000096	0.675604
0.000097	1.301365
0.000098	1.921979
0.000099	2.534994
0.000101	3.137984
0.000102	3.728565
0.000103	4.304401
0.000104	4.863216
0.000106	5.402800
0.000107	5.921019
0.000108	6.415823
0.000109	6.885256
0.000111	7.327462
0.000112	7.740692
0.000113	8.123312
0.000114	8.473808
0.000116	8.790796
0.000117	9.073020
0.000118	9.319366
0.000120	9.528859
0.000121	9.700671
0.000122	9.834121
0.000123	9.928684
0.000125	9.983983
0.000126	9.999802
0.000127	9.976077
0.000128	9.912902
0.000130	9.810528
0.000131	9.669358
0.000132	9.489951
0.000133	9.273016
0.000135	9.019412
0.000136	8.730141
0.000137	8.406347
0.000138	8.049311
0.000140	7.660444
0.000141	7.241285
0.000142	6.793490
0.000143	6.318831
0.000145	5.819184
0.000146	5.296525
0.000147	4.752922
0.000148	4.190524
0.000150	3.611554
0.000151	3.018303
0.000152	2.413116
0.000153	1.798386
0.000155	1.176545
0.000156	0.550051
0.000157	-0.078618
0.000158	-0.706976
0.000160	-1.332538
0.000161	-1.952831
0.000162	-2.565401
0.000164	-3.167827
0.000165	-3.757726
0.000166	-4.332765
0.000167	-4.890670
0.000169	-5.429236
0.000170	-5.946332
0.000171	-6.439913
0.000172	-6.908028
0.000174	-7.348826
0.000175	-7.760563
0.000176	-8.141612
0.000177	-8.490465
0.000179	-8.805742
0.000180	-9.086198
0.000181	-9.330724
0.000182	-9.538351
0.000184	-9.708259
0.000185	-9.839777
0.000186	-9.932384
0.000187	-9.985713
0.000189	-9.999555
0.000190	-9.973854
0.000191	-9.908712
0.000192	-9.804386
0.000194	-9.661290
0.000195	-9.479989
0.000196	-9.261199
0.000197	-9.005787
0.000199	-8.714761
0.000200	-8.389274
0.000201	-8.030612
0.000203	-7.640193
0.000204	-7.219561
0.000205	-6.770380
0.000206	-6.294426
0.000208	-5.793581
0.000209	-5.269825
0.000210	-4.725230
0.000211	-4.161950
0.000213	-3.582212
0.000214	-2.988307
0.000215	-2.382586
0.000216	-1.767443
0.000218	-1.145310
0.000219	-0.518649
0.000220	0.110064
0.000221	0.738341
0.000223	1.363698
0.000224	1.983663
0.000225	2.595784
0.000226	3.197639
0.000228	3.786850
0.000229	4.361086
0.000230	4.918076
0.000231	5.455618
0.000233	5.971586
0.000234	6.463940
0.000235	6.930732
0.000236	7.370117
0.000238	7.780358
0.000239	8.159831
0.000240	8.507037
0.000242	8.820602
0.000243	9.099287
0.000244	9.341989
0.000245	9.547748
0.000247	9.715752
0.000248	9.845335
0.000249	9.935985
0.000250	9.987344
0.000252	9.999209
0.000253	9.971532
0.000254	9.904424
0.000255	9.798148
0.000257	9.653127
0.000258	9.469933
0.000259	9.249290
0.000260	8.992072
0.000262	8.699295
0.000263	8.372117
0.000264	8.011832
0.000265	7.619865
0.000267	7.197766
0.000268	6.747203
0.000269	6.269959
0.000270	5.767920
0.000272	5.243073
0.000273	4.697492
0.000274	4.133335
0.000275	3.552833
0.000277	2.958282
0.000278	2.352032
0.000279	1.736482
0.000281	1.114064
0.000282	0.487241
0.000283	-0.141508
0.000284	-0.769699
0.000286	-1.394845
0.000287	-2.014476
0.000288	-2.626140
0.000289	-3.227420
0.000291	-3.815937
0.000292	-4.389364
0.000293	-4.945433
0.000294	-5.481946
0.000296	-5.996781
0.000297	-6.487902
0.000298	-6.953367
0.000299	-7.391335
0.000301	-7.800075
0.000302	-8.177970
0.000303	-8.523525
0.000304	-8.835374
0.000306	-9.112285
0.000307	-9.353161
0.000308	-9.557051
0.000309	-9.723148
0.000311	-9.850796
0.000312	-9.939489
0.000313	-9.988877
0.000314	-9.998764
0.000316	-9.969112
0.000317	-9.900037
0.000318	-9.791813
0.000320	-9.644869
0.000321	-9.459784
0.000322	-9.237290
0.000323	-8.978269
0.000325	-8.683743
0.000326	-8.354878
0.000327	-7.992974
0.000328	-7.599462
0.000330	-7.175899
0.000331	-6.723959
0.000332	-6.245429
0.000333	-5.742203
0.000335	-5.216269
0.000336	-4.669707
0.000337	-4.104680
0.000338	-3.523420
0.000340	-2.928228
0.000341	-2.321456
0.000342	-1.705504
0.000343	-1.082807
0.000345	-0.455829
0.000346	0.172952
0.000347	0.801049
0.000348	1.425978
0.000350	2.045268
0.000351	2.656471
0.000352	3.257168
0.000353	3.844985
0.000355	4.417598
0.000356	4.972741
0.000357	5.508220
0.000359	6.021917
0.000360	6.511800
0.000361	6.975933
0.000362	7.412480
0.000364	7.819715
0.000365	8.196027
0.000366	8.539929
0.000367	8.850059
0.000369	9.125193
0.000370	9.364242
0.000371	9.566260
0.000372	9.730449
0.000374	9.856159
0.000375	9.942894
0.000376	9.990310
0.000377	9.998220
0.000379	9.966593
0.000380	9.895553
0.000381	9.785382
0.000382	9.636515
0.000384	9.449541
0.000385	9.225199
0.000386	8.964377
0.000387	8.668105
0.000389	8.337556
0.000390	7.974037
0.000391	7.578985
0.000392	7.153962
0.000394	6.700649
0.000395	6.220839
0.000396	5.716428
0.000397	5.189413
0.000399	4.641876
0.000400	4.075983
0.000401	3.493972
0.000403	2.898144
0.000404	2.290856
0.000405	1.674509
0.000406	1.051539
0.000408	0.424412
0.000409	-0.204394
0.000410	-0.832391
0.000411	-1.457097
0.000413	-2.076041
0.000414	-2.686775
0.000415	-3.286885
0.000416	-3.873996
0.000418	-4.445788
0.000419	-5.000000
0.000420	-5.534439
0.000421	-6.046993
0.000423	-6.535634
0.000424	-6.998431
0.000425	-7.433552
0.000426	-7.839278
0.000428	-8.214004
0.000429	-8.556248
0.000430	-8.864657
0.000431	-9.138011
0.000433	-9.375229
0.000434	-9.575374
0.000435	-9.737653
0.000436	-9.861425
0.000438	-9.946201
0.000439	-9.991645
0.000440	-9.997577
0.000442	-9.963975
0.000443	-9.890971
0.000444	-9.778853
0.000445	-9.628065
0.000447	-9.439204
0.000448	-9.213016
0.000449	-8.950396
0.000450	-8.652381
0.000452	-8.320152
0.000453	-7.955021
0.000454	-7.558432
0.000455	-7.131953
0.000457	-6.677272
0.000458	-6.196186
0.000459	-5.690597
0.000460	-5.162506
0.000462	-4.613999
0.000463	-4.047247
0.000464	-3.464490
0.000465	-2.868032
0.000467	-2.260234
0.000468	-1.643497
0.000469	-1.020261
0.000470	-0.392991
0.000472	0.235833
0.000473	0.863725
0.000474	1.488201
0.000475	2.106793
0.000477	2.717053
0.000478	3.316568
0.000479	3.902969
0.000481	4.473935
0.000482	5.027209
0.000483	5.560604
0.000484	6.072009
0.000486	6.559404
0.000487	7.020859
0.000488	7.454550
0.000489	7.858763
0.000491	8.231899
0.000492	8.572483
0.000493	8.879167
0.000494	9.150738
0.000496	9.386124
0.000497	9.584393
0.000498	9.744761
0.000499	9.866593
0.000501	9.949409
0.000502	9.992880
0.000503	9.996836
0.000504	9.961259
0.000506	9.886291
0.000507	9.772228
0.000508	9.619521
0.000509	9.428774
0.000511	9.200742
0.000512	8.936326
0.000513	8.636572
0.000514	8.302665
0.000516	7.935926
0.000517	7.537804
0.000518	7.109875
0.000520	6.653830
0.000521	6.171472
0.000522	5.664710
0.000523	5.135547
0.000525	4.586076
0.000526	4.018470
0.000527	3.434973
0.000528	2.837892
0.000530	2.229589
0.000531	1.612469
0.000532	0.988973
0.000533	0.361566
0.000535	-0.267271
0.000536	-0.895051
0.000537	-1.519291
0.000538	-2.137524
0.000540	-2.747304
0.000541	-3.346219
0.000542	-3.931903
0.000543	-4.502037
0.000545	-5.054369
0.000546	-5.586714
0.000547	-6.096966
0.000548	-6.583108
0.000550	-7.043217
0.000551	-7.475475
0.000552	-7.878171
0.000553	-8.249713
0.000555	-8.588633
0.000556	-8.893589
0.000557	-9.163375
0.000559	-9.396926
0.000560	-9.593317
0.000561	-9.751772
0.000562	-9.871664
0.000564	-9.952519
0.000565	-9.994018
0.000566	-9.995995
0.000567	-9.958444
0.000569	-9.881513
0.000570	-9.765506
0.000571	-9.610881
0.000572	-9.418251
0.000574	-9.188378
0.000575	-8.922169
0.000576	-8.620678
0.000577	-8.285096
0.000579	-7.916752
0.000580	-7.517102
0.000581	-7.087726
0.000582	-6.630321
0.000584	-6.146698
0.000585	-5.638767
0.000586	-5.108538
0.000587	-4.558108
0.000589	-3.989654
0.000590	-3.405422
0.000591	-2.807723
0.000592	-2.198922
0.000594	-1.581425
0.000595	-0.957675
0.000596	-0.330137
0.000598	0.298706
0.000599	0.926367
0.000600	1.550366
0.000601	2.168234
0.000603	2.777527
0.000604	3.375837
0.000605	3.960798
0.000606	4.530095
0.000608	5.081479
0.000609	5.612768
0.000610	6.121862
0.000611	6.606747
0.000613	7.065506
0.000614	7.496326
0.000615	7.897501
0.000616	8.267446
0.000618	8.604698
0.000619	8.907923
0.000620	9.175922
0.000621	9.407635
0.000623	9.602147
0.000624	9.758687
0.000625	9.876637
0.000626	9.955531
0.000628	9.995056
0.000629	9.995056
0.000630	9.955531
0.000631	9.876637
0.000633	9.758687
0.000634	9.602147
0.000635	9.407635
0.000636	9.175922
0.000638	8.907923
0.000639	8.604698
0.000640	8.267446
0.000642	7.897501
0.000643	7.496326
0.000644	7.065506
0.000645	6.606747
0.000647	6.121862
0.000648	5.612768
0.000649	5.081479
0.000650	4.530095
0.000652	3.960798
0.000653	3.375837
0.000654	2.777527
0.000655	2.168234
0.000657	1.550366
0.000658	0.926367
0.000659	0.298706
0.000660	-0.330137
0.000662	-0.957675
0.000663	-1.581425
0.000664	-2.198922
0.000665	-2.807723
0.000667	-3.405422
0.000668	-3.989654
0.000669	-4.558108
0.000670	-5.108538
0.000672	-5.638767
0.000673	-6.146698
0.000674	-6.630321
0.000675	-7.087726
0.000677	-7.517102
0.000678	-7.916752
0.000679	-8.285096
0.000681	-8.620678
0.000682	-8.922169
0.000683	-9.188378
0.000684	-9.418251
0.000686	-9.610881
0.000687	-9.765506
0.000688	-9.881513
0.000689	-9.958444
0.000691	-9.995995
0.000692	-9.994018
0.000693	-9.952519
0.000694	-9.871664
0.000696	-9.751772
0.000697	-9.593317
0.000698	-9.396926
0.000699	-9.163375
0.000701	-8.893589
0.000702	-8.588633
0.000703	-8.249713
0.000704	-7.878171
0.000706	-7.475475
0.000707	-7.043217
0.000708	-6.583108
0.000709	-6.096966
0.000711	-5.586714
0.000712	-5.054369
0.000713	-4.502037
0.000714	-3.931903
0.000716	-3.346219
0.000717	-2.747304
0.000718	-2.137524
0.000720	-1.519291
0.000721	-0.895051
0.000722	-0.267271
0.000723	0.361566
0.000725	0.988973
0.000726	1.612469
0.000727	2.229589
0.000728	2.837892
0.000730	3.434973
0.000731	4.018470
0.000732	4.586076
0.000733	5.135547
0.000735	5.664710
0.000736	6.171472
0.000737	6.653830
0.000738	7.109875
0.000740	7.537804
0.000741	7.935926
0.000742	8.302665
0.000743	8.636572
0.000745	8.936326
0.000746	9.200742
0.000747	9.428774
0.000748	9.619521
0.000750	9.772228
0.000751	9.886291
0.000752	9.961259
0.000753	9.996836
0.000755	9.992880
0.000756	9.949409
0.000757	9.866593
0.000759	9.744761
0.000760	9.584393
0.000761	9.386124
0.000762	9.150738
0.000764	8.879167
0.000765	8.572483
0.000766	8.231899
0.000767	7.858763
0.000769	7.454550
0.000770	7.020859
0.000771	6.559404
0.000772	6.072009
0.000774	5.560604
0.000775	5.027209
0.000776	4.473935
0.000777	3.902969
0.000779	3.316568
0.000780	2.717053
0.000781	2.106793
0.000782	1.488201
0.000784	0.863725
0.000785	0.235833
0.000786	-0.392991
0.000787	-1.020261
0.000789	-1.643497
0.000790	-2.260234
0.000791	-2.868032
0.000792	-3.464490
0.000794	-4.047247
0.000795	-4.613999
0.000796	-5.162506
0.000798	-5.690597
0.000799	-6.196186
0.000800	-6.677272
0.000801	-7.131953
0.000803	-7.558432
0.000804	-7.955021
0.000805	-8.320152
0.000806	-8.652381
0.000808	-8.950396
0.000809	-9.213016
0.000810	-9.439204
0.000811	-9.628065
0.000813	-9.778853
0.000814	-9.890971
0.000815	-9.963975
0.000816	-9.997577
0.000818	-9.991645
0.000819	-9.946201
0.000820	-9.861425
0.000821	-9.737653
0.000823	-9.575374
0.000824	-9.375229
0.000825	-9.138011
0.000826	-8.864657
0.000828	-8.556248
0.000829	-8.214004
0.000830	-7.839278
0.000831	-7.433552
0.000833	-6.998431
0.000834	-6.535634
0.000835	-6.046993
0.000837	-5.534439
0.000838	-5.000000
0.000839	-4.445788
0.000840	-3.873996
0.000842	-3.286885
0.000843	-2.686775
0.000844	-2.076041
0.000845	-1.457097
0.000847	-0.832391
0.000848	-0.204394
0.000849	0.424412
0.000850	1.051539
0.000852	1.674509
0.000853	2.290856
0.000854	2.898144
0.000855	3.493972
0.000857	4.075983
0.000858	4.641876
0.000859	5.189413
0.000860	5.716428
0.000862	6.220839
0.000863	6.700649
0.000864	7.153962
0.000865	7.578985
0.000867	7.974037
0.000868	8.337556
0.000869	8.668105
0.000870	8.964377
0.000872	9.225199
0.000873	9.449541
0.000874	9.636515
0.000875	9.785382
0.000877	9.895553
0.000878	9.966593
0.000879	9.998220
0.000881	9.990310
0.000882	9.942894
0.000883	9.856159
0.000884	9.730449
0.000886	9.566260
0.000887	9.364242
0.000888	9.125193
0.000889	8.850059
0.000891	8.539929
0.000892	8.196027
0.000893	7.819715
0.000894	7.412480
0.000896	6.975933
0.000897	6.511800
0.000898	6.021917
0.000899	5.508220
0.000901	4.972741
0.000902	4.417598
0.000903	3.844985
0.000904	3.257168
0.000906	2.656471
0.000907	2.045268
0.000908	1.425978
0.000909	0.801049
0.000911	0.172952
0.000912	-0.455829
0.000913	-1.082807
0.000914	-1.705504
0.000916	-2.321456
0.000917	-2.928228
0.000918	-3.523420
0.000920	-4.104680
0.000921	-4.669707
0.000922	-5.216269
0.000923	-5.742203
0.000925	-6.245429
0.000926	-6.723959
0.000927	-7.175899
0.000928	-7.599462
0.000930	-7.992974
0.000931	-8.354878
0.000932	-8.683743
0.000933	-8.978269
0.000935	-9.237290
0.000936	-9.459784
0.000937	-9.644869
0.000938	-9.791813
0.000940	-9.900037
0.000941	-9.969112
0.000942	-9.998764
0.000943	-9.988877
0.000945	-9.939489
0.000946	-9.850796
0.000947	-9.723148
0.000948	-9.557051
0.000950	-9.353161
0.000951	-9.112285
0.000952	-8.835374
0.000953	-8.523525
0.000955	-8.177970
0.000956	-7.800075
0.000957	-7.391335
0.000959	-6.953367
0.000960	-6.487902
0.000961	-5.996781
0.000962	-5.481946
0.000964	-4.945433
0.000965	-4.389364
0.000966	-3.815937
0.000967	-3.227420
0.000969	-2.626140
0.000970	-2.014476
0.000971	-1.394845
0.000972	-0.769699
0.000974	-0.141508
0.000975	0.487241
0.000976	1.114064
0.000977	1.736482
0.000979	2.352032
0.000980	2.958282
0.000981	3.552833
0.000982	4.133335
0.000984	4.697492
0.000985	5.243073
0.000986	5.767920
0.000987	6.269959
0.000989	6.747203
0.000990	7.197766
0.000991	7.619865
0.000992	8.011832
0.000994	8.372117
0.000995	8.699295
0.000996	8.992072
0.000998	9.249290
0.000999	9.469933
0.001000	9.653127
0.001001	9.798148
0.001003	9.904424
0.001004	9.971532
0.001005	9.999209
0.001006	9.987344
0.001008	9.935985
0.001009	9.845335
0.001010	9.715752
0.001011	9.547748
0.001013	9.341989
0.001014	9.099287
0.001015	8.820602
0.001016	8.507037
0.001018	8.159831
0.001019	7.780358
0.001020	7.370117
0.001021	6.930732
0.001023	6.463940
0.001024	5.971586
0.001025	5.455618
0.001026	4.918076
0.001028	4.361086
0.001029	3.786850
0.001030	3.197639
0.001031	2.595784
0.001033	1.983663
0.001034	1.363698
0.001035	0.738341
0.001037	0.110064
0.001038	-0.518649
0.001039	-1.145310
0.001040	-1.767443
0.001042	-2.382586
0.001043	-2.988307
0.001044	-3.582212
0.001045	-4.161950
0.001047	-4.725230
0.001048	-5.269825
0.001049	-5.793581
0.001050	-6.294426
0.001052	-6.770380
0.001053	-7.219561
0.001054	-7.640193
0.001055	-8.030612
0.001057	-8.389274
0.001058	-8.714761
0.001059	-9.005787
0.001060	-9.261199
0.001062	-9.479989
0.001063	-9.661290
0.001064	-9.804386
0.001065	-9.908712
0.001067	-9.973854
0.001068	-9.999555
0.001069	-9.985713
0.001070	-9.932384
0.001072	-9.839777
0.001073	-9.708259
0.001074	-9.538351
0.001076	-9.330724
0.001077	-9.086198
0.001078	-8.805742
0.001079	-8.490465
0.001081	-8.141612
0.001082	-7.760563
0.001083	-7.348826
0.001084	-6.908028
0.001086	-6.439913
0.001087	-5.946332
0.001088	-5.429236
0.001089	-4.890670
0.001091	-4.332765
0.001092	-3.757726
0.001093	-3.167827
0.001094	-2.565401
0.001096	-1.952831
0.001097	-1.332538
0.001098	-0.706976
0.001099	-0.078618
0.001101	0.550051
0.001102	1.176545
0.001103	1.798386
0.001104	2.413116
0.001106	3.018303
0.001107	3.611554
0.001108	4.190524
0.001109	4.752922
0.001111	5.296525
0.001112	5.819184
0.001113	6.318831
0.001114	6.793490
0.001116	7.241285
0.001117	7.660444
0.001118	8.049311
0.001120	8.406347
0.001121	8.730141
0.001122	9.019412
0.001123	9.273016
0.001125	9.489951
0.001126	9.669358
0.001127	9.810528
0.001128	9.912902
0.001130	9.976077
0.001131	9.999802
0.001132	9.983983
0.001133	9.928684
0.001135	9.834121
0.001136	9.700671
0.001137	9.528859
0.001138	9.319366
0.001140	9.073020
0.001141	8.790796
0.001142	8.473808
0.001143	8.123312
0.001145	7.740692
0.001146	7.327462
0.001147	6.885256
0.001148	6.415823
0.001150	5.921019
0.001151	5.402800
0.001152	4.863216
0.001153	4.304401
0.001155	3.728565
0.001156	3.137984
0.001157	2.534994
0.001159	1.921979
0.001160	1.301365
0.001161	0.675604
0.001162	0.047171
0.001164	-0.581448
0.001165	-1.207768
0.001166	-1.829312
0.001167	-2.443622
0.001169	-3.048269
0.001170	-3.640861
0.001171	-4.219056
0.001172	-4.780567
0.001174	-5.323173
0.001175	-5.844730
0.001176	-6.343173
0.001177	-6.816533
0.001179	-7.262937
0.001180	-7.680621
0.001181	-8.067931
0.001182	-8.423338
0.001184	-8.745435
0.001185	-9.032948
0.001186	-9.284741
0.001187	-9.499819
0.001189	-9.677329
0.001190	-9.816572
0.001191	-9.916995
0.001192	-9.978202
0.001194	-9.999951
0.001195	-9.982155
0.001196	-9.924886
0.001198	-9.828369
0.001199	-9.692986
0.001200	-9.519273
0.001201	-9.307917
0.001203	-9.059753
0.001204	-8.775762
0.001205	-8.457068
0.001206	-8.104932
0.001208	-7.720745
0.001209	-7.306026
0.001210	-6.862416
0.001211	-6.391670
0.001213	-5.895647
0.001214	-5.376311
0.001215	-4.835714
0.001216	-4.275995
0.001218	-3.699367
0.001219	-3.108109
0.001220	-2.504561
0.001221	-1.891109
0.001223	-1.270178
0.001224	-0.644225
0.001225	-0.015724
0.001226	0.612840
0.001228	1.238979
0.001229	1.860220
0.001230	2.474104
0.001231	3.078204
0.001233	3.670132
0.001234	4.247547
0.001235	4.808164
0.001237	5.349769
0.001238	5.870217
0.001239	6.367453
0.001240	6.839508
0.001242	7.284518
0.001243	7.700721
0.001244	8.086471
0.001245	8.440245
0.001247	8.760642
0.001248	9.046395
0.001249	9.296375
0.001250	9.509593
0.001252	9.685206
0.001253	9.822519
0.001254	9.920989
0.001255	9.980228
0.001257	10.000000
