0.000000	10.000000
0.001258	9.980228
0.002516	9.920989
0.003774	9.822519
0.005032	9.685206
0.006289	9.509593
0.007547	9.296375
0.008805	9.046395
0.010063	8.760642
0.011321	8.440245
0.012579	8.086471
0.013837	7.700721
0.015095	7.284518
0.016353	6.839508
0.017611	6.367453
0.018868	5.870217
0.020126	5.349769
0.021384	4.808164
0.022642	4.247547
0.023900	3.670132
0.025158	3.078204
0.026416	2.474104
0.027674	1.860220
0.028932	1.238979
0.030189	0.612840
0.031447	-0.015724
0.032705	-0.644225
0.033963	-1.270178
0.035221	-1.891109
0.036479	-2.504561
0.037737	-3.108109
0.038995	-3.699367
0.040253	-4.275995
0.041511	-4.835714
0.042768	-5.376311
0.044026	-5.895647
0.045284	-6.391670
0.046542	-6.862416
0.047800	-7.306026
0.049058	-7.720745
0.050316	-8.104932
0.051574	-8.457068
0.052832	-8.775762
0.054089	-9.059753
0.055347	-9.307917
0.056605	-9.519273
0.057863	-9.692986
0.059121	-9.828369
0.060379	-9.924886
0.061637	-9.982155
0.062895	-9.999951
0.064153	-9.978202
0.065411	-9.916995
0.066668	-9.816572
0.067926	-9.677329
0.069184	-9.499819
0.070442	-9.284741
0.071700	-9.032948
0.072958	-8.745435
0.074216	-8.423338
0.075474	-8.067931
0.076732	-7.680621
0.077989	-7.262937
0.079247	-6.816533
0.080505	-6.343173
0.081763	-5.844730
0.083021	-5.323173
0.084279	-4.780567
0.085537	-4.219056
0.086795	-3.640861
0.088053	-3.048269
0.089311	-2.443622
0.090568	-1.829312
0.091826	-1.207768
0.093084	-0.581448
0.094342	0.047171
0.095600	0.675604
0.096858	1.301365
0.098116	1.921979
0.099374	2.534994
0.100632	3.137984
0.101889	3.728565
0.103147	4.304401
0.104405	4.863216
0.105663	5.402800
0.106921	5.921019
0.108179	6.415823
0.109437	6.885256
0.110695	7.327462
0.111953	7.740692
0.113211	8.123312
0.114468	8.473808
0.115726	8.790796
0.116984	9.073020
0.118242	9.319366
0.119500	9.528859
0.120758	9.700671
0.122016	9.834121
0.123274	9.928684
0.124532	9.983983
0.125789	9.999802
0.127047	9.976077
0.128305	9.912902
0.129563	9.810528
0.130821	9.669358
0.132079	9.489951
0.133337	9.273016
0.134595	9.019412
0.135853	8.730141
0.137111	8.406347
0.138368	8.049311
0.139626	7.660444
0.140884	7.241285
0.142142	6.793490
0.143400	6.318831
0.144658	5.819184
0.145916	5.296525
0.147174	4.752922
0.148432	4.190524
0.149689	3.611554
0.150947	3.018303
0.152205	2.413116
0.153463	1.798386
0.154721	1.176545
0.155979	0.550051
0.157237	-0.078618
0.158495	-0.706976
0.159753	-1.332538
0.161011	-1.952831
0.162268	-2.565401
0.163526	-3.167827
0.164784	-3.757726
0.166042	-4.332765
0.167300	-4.890670
0.168558	-5.429236
0.169816	-5.946332
0.171074	-6.439913
0.172332	-6.908028
0.173590	-7.348826
0.174847	-7.760563
0.176105	-8.141612
0.177363	-8.490465
0.178621	-8.805742
0.179879	-9.086198
0.181137	-9.330724
0.182395	-9.538351
0.183653	-9.708259
0.184911	-9.839777
0.186168	-9.932384
0.187426	-9.985713
0.188684	-9.999555
0.189942	-9.973854
0.191200	-9.908712
0.192458	-9.804386
0.193716	-9.661290
0.194974	-9.479989
0.196232	-9.261199
0.197490	-9.005787
0.198747	-8.714761
0.200005	-8.389274
0.201263	-8.030612
0.202521	-7.640193
0.203779	-7.219561
0.205037	-6.770380
0.206295	-6.294426
0.207553	-5.793581
0.208811	-5.269825
0.210068	-4.725230
0.211326	-4.161950
0.212584	-3.582212
0.213842	-2.988307
0.215100	-2.382586
0.216358	-1.767443
0.217616	-1.145310
0.218874	-0.518649
0.220132	0.110064
0.221390	0.738341
0.222647	1.363698
0.223905	1.983663
0.225163	2.595784
0.226421	3.197639
0.227679	3.786850
0.228937	4.361086
0.230195	4.918076
0.231453	5.455618
0.232711	5.971586
0.233968	6.463940
0.235226	6.930732
0.236484	7.370117
0.237742	7.780358
0.239000	8.159831
0.240258	8.507037
0.241516	8.820602
0.242774	9.099287
0.244032	9.341989
0.245290	9.547748
0.246547	9.715752
0.247805	9.845335
0.249063	9.935985
0.250321	9.987344
0.251579	9.999209
0.252837	9.971532
0.254095	9.904424
0.255353	9.798148
0.256611	9.653127
0.257868	9.469933
0.259126	9.249290
0.260384	8.992072
0.261642	8.699295
0.262900	8.372117
0.264158	8.011832
0.265416	7.619865
0.266674	7.197766
0.267932	6.747203
0.269190	6.269959
0.270447	5.767920
0.271705	5.243073
0.272963	4.697492
0.274221	4.133335
0.275479	3.552833
0.276737	2.958282
0.277995	2.352032
0.279253	1.736482
0.280511	1.114064
0.281768	0.487241
0.283026	-0.141508
0.284284	-0.769699
0.285542	-1.394845
0.286800	-2.014476
0.288058	-2.626140
0.289316	-3.227420
0.290574	-3.815937
0.291832	-4.389364
0.293090	-4.945433
0.294347	-5.481946
0.295605	-5.996781
0.296863	-6.487902
0.298121	-6.953367
0.299379	-7.391335
0.300637	-7.800075
0.301895	-8.177970
0.303153	-8.523525
0.304411	-8.835374
0.305668	-9.112285
0.306926	-9.353161
0.308184	-9.557051
0.309442	-9.723148
0.310700	-9.850796
0.311958	-9.939489
0.313216	-9.988877
0.314474	-9.998764
0.315732	-9.969112
0.316990	-9.900037
0.318247	-9.791813
0.319505	-9.644869
0.320763	-9.459784
0.322021	-9.237290
0.323279	-8.978269
0.324537	-8.683743
0.325795	-8.354878
0.327053	-7.992974
0.328311	-7.599462
0.329568	-7.175899
0.330826	-6.723959
0.332084	-6.245429
0.333342	-5.742203
0.334600	-5.216269
0.335858	-4.669707
0.337116	-4.104680
0.338374	-3.523420
0.339632	-2.928228
0.340890	-2.321456
0.342147	-1.705504
0.343405	-1.082807
0.344663	-0.455829
0.345921	0.172952
0.347179	0.801049
0.348437	1.425978
0.349695	2.045268
0.350953	2.656471
0.352211	3.257168
0.353468	3.844985
0.354726	4.417598
0.355984	4.972741
0.357242	5.508220
0.358500	6.021917
0.359758	6.511800
0.361016	6.975933
0.362274	7.412480
0.363532	7.819715
0.364790	8.196027
0.366047	8.539929
0.367305	8.850059
0.368563	9.125193
0.369821	9.364242
0.371079	9.566260
0.372337	9.730449
0.373595	9.856159
0.374853	9.942894
0.376111	9.990310
0.377368	9.998220
0.378626	9.966593
0.379884	9.895553
0.381142	9.785382
0.382400	9.636515
0.383658	9.449541
0.384916	9.225199
0.386174	8.964377
0.387432	8.668105
0.388690	8.337556
0.389947	7.974037
0.391205	7.578985
0.392463	7.153962
0.393721	6.700649
0.394979	6.220839
0.396237	5.716428
0.397495	5.189413
0.398753	4.641876
0.400011	4.075983
0.401268	3.493972
0.402526	2.898144
0.403784	2.290856
0.405042	1.674509
0.406300	1.051539
0.407558	0.424412
0.408816	-0.204394
0.410074	-0.832391
0.411332	-1.457097
0.412590	-2.076041
0.413847	-2.686775
0.415105	-3.286885
0.416363	-3.873996
0.417621	-4.445788
0.418879	-5.000000
0.420137	-5.534439
0.421395	-6.046993
0.422653	-6.535634
0.423911	-6.998431
0.425168	-7.433552
0.426426	-7.839278
0.427684	-8.214004
0.428942	-8.556248
0.430200	-8.864657
0.431458	-9.138011
0.432716	-9.375229
0.433974	-9.575374
0.435232	-9.737653
0.436490	-9.861425
0.437747	-9.946201
0.439005	-9.991645
0.440263	-9.997577
0.441521	-9.963975
0.442779	-9.890971
0.444037	-9.778853
0.445295	-9.628065
0.446553	-9.439204
0.447811	-9.213016
0.449068	-8.950396
0.450326	-8.652381
0.451584	-8.320152
0.452842	-7.955021
0.454100	-7.558432
0.455358	-7.131953
0.456616	-6.677272
0.457874	-6.196186
0.459132	-5.690597
0.460390	-5.162506
0.461647	-4.613999
0.462905	-4.047247
0.464163	-3.464490
0.465421	-2.868032
0.466679	-2.260234
0.467937	-1.643497
0.469195	-1.020261
0.470453	-0.392991
0.471711	0.235833
0.472969	0.863725
0.474226	1.488201
0.475484	2.106793
0.476742	2.717053
0.478000	3.316568
0.479258	3.902969
0.480516	4.473935
0.481774	5.027209
0.483032	5.560604
0.484290	6.072009
0.485547	6.559404
0.486805	7.020859
0.488063	7.454550
0.489321	7.858763
0.490579	8.231899
0.491837	8.572483
0.493095	8.879167
0.494353	9.150738
0.495611	9.386124
0.496869	9.584393
0.498126	9.744761
0.499384	9.866593
0.500642	9.949409
0.501900	9.992880
0.503158	9.996836
0.504416	9.961259
0.505674	9.886291
0.506932	9.772228
0.508190	9.619521
0.509447	9.428774
0.510705	9.200742
0.511963	8.936326
0.513221	8.636572
0.514479	8.302665
0.515737	7.935926
0.516995	7.537804
0.518253	7.109875
0.519511	6.653830
0.520769	6.171472
0.522026	5.664710
0.523284	5.135547
0.524542	4.586076
0.525800	4.018470
0.527058	3.434973
0.528316	2.837892
0.529574	2.229589
0.530832	1.612469
0.532090	0.988973
0.533347	0.361566
0.534605	-0.267271
0.535863	-0.895051
0.537121	-1.519291
0.538379	-2.137524
0.539637	-2.747304
0.540895	-3.346219
0.542153	-3.931903
0.543411	-4.502037
0.544669	-5.054369
0.545926	-5.586714
0.547184	-6.096966
0.548442	-6.583108
0.549700	-7.043217
0.550958	-7.475475
0.552216	-7.878171
0.553474	-8.249713
0.554732	-8.588633
0.555990	-8.893589
0.557247	-9.163375
0.558505	-9.396926
0.559763	-9.593317
0.561021	-9.751772
0.562279	-9.871664
0.563537	-9.952519
0.564795	-9.994018
0.566053	-9.995995
0.567311	-9.958444
0.568569	-9.881513
0.569826	-9.765506
0.571084	-9.610881
0.572342	-9.418251
0.573600	-9.188378
0.574858	-8.922169
0.576116	-8.620678
0.577374	-8.285096
0.578632	-7.916752
0.579890	-7.517102
0.581147	-7.087726
0.582405	-6.630321
0.583663	-6.146698
0.584921	-5.638767
0.586179	-5.108538
0.587437	-4.558108
0.588695	-3.989654
0.589953	-3.405422
0.591211	-2.807723
0.592469	-2.198922
0.593726	-1.581425
0.594984	-0.957675
0.596242	-0.330137
0.597500	0.298706
0.598758	0.926367
0.600016	1.550366
0.601274	2.168234
0.602532	2.777527
0.603790	3.375837
0.605047	3.960798
0.606305	4.530095
0.607563	5.081479
0.608821	5.612768
0.610079	6.121862
0.611337	6.606747
0.612595	7.065506
0.613853	7.496326
0.615111	7.897501
0.616369	8.267446
0.617626	8.604698
0.618884	8.907923
0.620142	9.175922
0.621400	9.407635
0.622658	9.602147
0.623916	9.758687
0.625174	9.876637
0.626432	9.955531
0.627690	9.995056
0.628947	9.995056
0.630205	9.955531
0.631463	9.876637
0.632721	9.758687
0.633979	9.602147
0.635237	9.407635
0.636495	9.175922
0.637753	8.907923
0.639011	8.604698
0.640269	8.267446
0.641526	7.897501
0.642784	7.496326
0.644042	7.065506
0.645300	6.606747
0.646558	6.121862
0.647816	5.612768
0.649074	5.081479
0.650332	4.530095
0.651590	3.960798
0.652847	3.375837
0.654105	2.777527
0.655363	2.168234
0.656621	1.550366
0.657879	0.926367
0.659137	0.298706
0.660395	-0.330137
0.661653	-0.957675
0.662911	-1.581425
0.664169	-2.198922
0.665426	-2.807723
0.666684	-3.405422
0.667942	-3.989654
0.669200	-4.558108
0.670458	-5.108538
0.671716	-5.638767
0.672974	-6.146698
0.674232	-6.630321
0.675490	-7.087726
0.676747	-7.517102
0.678005	-7.916752
0.679263	-8.285096
0.680521	-8.620678
0.681779	-8.922169
0.683037	-9.188378
0.684295	-9.418251
0.685553	-9.610881
0.686811	-9.765506
0.688069	-9.881513
0.689326	-9.958444
0.690584	-9.995995
0.691842	-9.994018
0.693100	-9.952519
0.694358	-9.871664
0.695616	-9.751772
0.696874	-9.593317
0.698132	-9.396926
0.699390	-9.163375
0.700647	-8.893589
0.701905	-8.588633
0.703163	-8.249713
0.704421	-7.878171
0.705679	-7.475475
0.706937	-7.043217
0.708195	-6.583108
0.709453	-6.096966
0.710711	-5.586714
0.711969	-5.054369
0.713226	-4.502037
0.714484	-3.931903
0.715742	-3.346219
0.717000	-2.747304
0.718258	-2.137524
0.719516	-1.519291
0.720774	-0.895051
0.722032	-0.267271
0.723290	0.361566
0.724547	0.988973
0.725805	1.612469
0.727063	2.229589
0.728321	2.837892
0.729579	3.434973
0.730837	4.018470
0.732095	4.586076
0.733353	5.135547
0.734611	5.664710
0.735869	6.171472
0.737126	6.653830
0.738384	7.109875
0.739642	7.537804
0.740900	7.935926
0.742158	8.302665
0.743416	8.636572
0.744674	8.936326
0.745932	9.200742
0.747190	9.428774
0.748447	9.619521
0.749705	9.772228
0.750963	9.886291
0.752221	9.961259
0.753479	9.996836
0.754737	9.992880
0.755995	9.949409
0.757253	9.866593
0.758511	9.744761
0.759769	9.584393
0.761026	9.386124
0.762284	9.150738
0.763542	8.879167
0.764800	8.572483
0.766058	8.231899
0.767316	7.858763
0.768574	7.454550
0.769832	7.020859
0.771090	6.559404
0.772348	6.072009
0.773605	5.560604
0.774863	5.027209
0.776121	4.473935
0.777379	3.902969
0.778637	3.316568
0.779895	2.717053
0.781153	2.106793
0.782411	1.488201
0.783669	0.863725
0.784926	0.235833
0.786184	-0.392991
0.787442	-1.020261
0.788700	-1.643497
0.789958	-2.260234
0.791216	-2.868032
0.792474	-3.464490
0.793732	-4.047247
0.794990	-4.613999
0.796248	-5.162506
0.797505	-5.690597
0.798763	-6.196186
0.800021	-6.677272
0.801279	-7.131953
0.802537	-7.558432
0.803795	-7.955021
0.805053	-8.320152
0.806311	-8.652381
0.807569	-8.950396
0.808826	-9.213016
0.810084	-9.439204
0.811342	-9.628065
0.812600	-9.778853
0.813858	-9.890971
0.815116	-9.963975
0.816374	-9.997577
0.817632	-9.991645
0.818890	-9.946201
0.820148	-9.861425
0.821405	-9.737653
0.822663	-9.575374
0.823921	-9.375229
0.825179	-9.138011
0.826437	-8.864657
0.827695	-8.556248
0.828953	-8.214004
0.830211	-7.839278
0.831469	-7.433552
0.832726	-6.998431
0.833984	-6.535634
0.835242	-6.046993
0.836500	-5.534439
0.837758	-5.000000
0.839016	-4.445788
0.840274	-3.873996
0.841532	-3.286885
0.842790	-2.686775
0.844048	-2.076041
0.845305	-1.457097
0.846563	-0.832391
0.847821	-0.204394
0.849079	0.424412
0.850337	1.051539
0.851595	1.674509
0.852853	2.290856
0.854111	2.898144
0.855369	3.493972
0.856626	4.075983
0.857884	4.641876
0.859142	5.189413
0.860400	5.716428
0.861658	6.220839
0.862916	6.700649
0.864174	7.153962
0.865432	7.578985
0.866690	7.974037
0.867948	8.337556
0.869205	8.668105
0.870463	8.964377
0.871721	9.225199
0.872979	9.449541
0.874237	9.636515
0.875495	9.785382
0.876753	9.895553
0.878011	9.966593
0.879269	9.998220
0.880526	9.990310
0.881784	9.942894
0.883042	9.856159
0.884300	9.730449
0.885558	9.566260
0.886816	9.364242
0.888074	9.125193
0.889332	8.850059
0.890590	8.539929
0.891848	8.196027
0.893105	7.819715
0.894363	7.412480
0.895621	6.975933
0.896879	6.511800
0.898137	6.021917
0.899395	5.508220
0.900653	4.972741
0.901911	4.417598
0.903169	3.844985
0.904426	3.257168
0.905684	2.656471
0.906942	2.045268
0.908200	1.425978
0.909458	0.801049
0.910716	0.172952
0.911974	-0.455829
0.913232	-1.082807
0.914490	-1.705504
0.915748	-2.321456
0.917005	-2.928228
0.918263	-3.523420
0.919521	-4.104680
0.920779	-4.669707
0.922037	-5.216269
0.923295	-5.742203
0.924553	-6.245429
0.925811	-6.723959
0.927069	-7.175899
0.928326	-7.599462
0.929584	-7.992974
0.930842	-8.354878
0.932100	-8.683743
0.933358	-8.978269
0.934616	-9.237290
0.935874	-9.459784
0.937132	-9.644869
0.938390	-9.791813
0.939648	-9.900037
0.940905	-9.969112
0.942163	-9.998764
0.943421	-9.988877
0.944679	-9.939489
0.945937	-9.850796
0.947195	-9.723148
0.948453	-9.557051
0.949711	-9.353161
0.950969	-9.112285
0.952226	-8.835374
0.953484	-8.523525
0.954742	-8.177970
0.956000	-7.800075
0.957258	-7.391335
0.958516	-6.953367
0.959774	-6.487902
0.961032	-5.996781
0.962290	-5.481946
0.963548	-4.945433
0.964805	-4.389364
0.966063	-3.815937
0.967321	-3.227420
0.968579	-2.626140
0.969837	-2.014476
0.971095	-1.394845
0.972353	-0.769699
0.973611	-0.141508
0.974869	0.487241
0.976126	1.114064
0.977384	1.736482
0.978642	2.352032
0.979900	2.958282
0.981158	3.552833
0.982416	4.133335
0.983674	4.697492
0.984932	5.243073
0.986190	5.767920
0.987448	6.269959
0.988705	6.747203
0.989963	7.197766
0.991221	7.619865
0.992479	8.011832
0.993737	8.372117
0.994995	8.699295
0.996253	8.992072
0.997511	9.249290
0.998769	9.469933
1.000026	9.653127
1.001284	9.798148
1.002542	9.904424
1.003800	9.971532
1.005058	9.999209
1.006316	9.987344
1.007574	9.935985
1.008832	9.845335
1.010090	9.715752
1.011348	9.547748
1.012605	9.341989
1.013863	9.099287
1.015121	8.820602
1.016379	8.507037
1.017637	8.159831
1.018895	7.780358
1.020153	7.370117
1.021411	6.930732
1.022669	6.463940
1.023926	5.971586
1.025184	5.455618
1.026442	4.918076
1.027700	4.361086
1.028958	3.786850
1.030216	3.197639
1.031474	2.595784
1.032732	1.983663
1.033990	1.363698
1.035248	0.738341
1.036505	0.110064
1.037763	-0.518649
1.039021	-1.145310
1.040279	-1.767443
1.041537	-2.382586
1.042795	-2.988307
1.044053	-3.582212
1.045311	-4.161950
1.046569	-4.725230
1.047826	-5.269825
1.049084	-5.793581
1.050342	-6.294426
1.051600	-6.770380
1.052858	-7.219561
1.054116	-7.640193
1.055374	-8.030612
1.056632	-8.389274
1.057890	-8.714761
1.059148	-9.005787
1.060405	-9.261199
1.061663	-9.479989
1.062921	-9.661290
1.064179	-9.804386
1.065437	-9.908712
1.066695	-9.973854
1.067953	-9.999555
1.069211	-9.985713
1.070469	-9.932384
1.071727	-9.839777
1.072984	-9.708259
1.074242	-9.538351
1.075500	-9.330724
1.076758	-9.086198
1.078016	-8.805742
1.079274	-8.490465
1.080532	-8.141612
1.081790	-7.760563
1.083048	-7.348826
1.084305	-6.908028
1.085563	-6.439913
1.086821	-5.946332
1.088079	-5.429236
1.089337	-4.890670
1.090595	-4.332765
1.091853	-3.757726
1.093111	-3.167827
1.094369	-2.565401
1.095627	-1.952831
1.096884	-1.332538
1.098142	-0.706976
1.099400	-0.078618
1.100658	0.550051
1.101916	1.176545
1.103174	1.798386
1.104432	2.413116
1.105690	3.018303
1.106948	3.611554
1.108205	4.190524
1.109463	4.752922
1.110721	5.296525
1.111979	5.819184
1.113237	6.318831
1.114495	6.793490
1.115753	7.241285
1.117011	7.660444
1.118269	8.049311
1.119527	8.406347
1.120784	8.730141
1.122042	9.019412
1.123300	9.273016
1.124558	9.489951
1.125816	9.669358
1.127074	9.810528
1.128332	9.912902
1.129590	9.976077
1.130848	9.999802
1.132105	9.983983
1.133363	9.928684
1.134621	9.834121
1.135879	9.700671
1.137137	9.528859
1.138395	9.319366
1.139653	9.073020
1.140911	8.790796
1.142169	8.473808
1.143427	8.123312
1.144684	7.740692
1.145942	7.327462
1.147200	6.885256
1.148458	6.415823
1.149716	5.921019
1.150974	5.402800
1.152232	4.863216
1.153490	4.304401
1.154748	3.728565
1.156005	3.137984
1.157263	2.534994
1.158521	1.921979
1.159779	1.301365
1.161037	0.675604
1.162295	0.047171
1.163553	-0.581448
1.164811	-1.207768
1.166069	-1.829312
1.167327	-2.443622
1.168584	-3.048269
1.169842	-3.640861
1.171100	-4.219056
1.172358	-4.780567
1.173616	-5.323173
1.174874	-5.844730
1.176132	-6.343173
1.177390	-6.816533
1.178648	-7.262937
1.179905	-7.680621
1.181163	-8.067931
1.182421	-8.423338
1.183679	-8.745435
1.184937	-9.032948
1.186195	-9.284741
1.187453	-9.499819
1.188711	-9.677329
1.189969	-9.816572
1.191227	-9.916995
1.192484	-9.978202
1.193742	-9.999951
1.195000	-9.982155
1.196258	-9.924886
1.197516	-9.828369
1.198774	-9.692986
1.200032	-9.519273
1.201290	-9.307917
1.202548	-9.059753
1.203805	-8.775762
1.205063	-8.457068
1.206321	-8.104932
1.207579	-7.720745
1.208837	-7.306026
1.210095	-6.862416
1.211353	-6.391670
1.212611	-5.895647
1.213869	-5.376311
1.215127	-4.835714
1.216384	-4.275995
1.217642	-3.699367
1.218900	-3.108109
1.220158	-2.504561
1.221416	-1.891109
1.222674	-1.270178
1.223932	-0.644225
1.225190	-0.015724
1.226448	0.612840
1.227705	1.238979
1.228963	1.860220
1.230221	2.474104
1.231479	3.078204
1.232737	3.670132
1.233995	4.247547
1.235253	4.808164
1.236511	5.349769
1.237769	5.870217
1.239027	6.367453
1.240284	6.839508
1.241542	7.284518
1.242800	7.700721
1.244058	8.086471
1.245316	8.440245
1.246574	8.760642
1.247832	9.046395
1.249090	9.296375
1.250348	9.509593
1.251605	9.685206
1.252863	9.822519
1.254121	9.920989
1.255379	9.980228
1.256637	10.000000
