0.000000	10.000000
0.012579	9.980228
0.025158	9.920989
0.037737	9.822519
0.050316	9.685206
0.062895	9.509593
0.075474	9.296375
0.088053	9.046395
0.100632	8.760642
0.113211	8.440245
0.125789	8.086471
0.138368	7.700721
0.150947	7.284518
0.163526	6.839508
0.176105	6.367453
0.188684	5.870217
0.201263	5.349769
0.213842	4.808164
0.226421	4.247547
0.239000	3.670132
0.251579	3.078204
0.264158	2.474104
0.276737	1.860220
0.289316	1.238979
0.301895	0.612840
0.314474	-0.015724
0.327053	-0.644225
0.339632	-1.270178
0.352211	-1.891109
0.364790	-2.504561
0.377368	-3.108109
0.389947	-3.699367
0.402526	-4.275995
0.415105	-4.835714
0.427684	-5.376311
0.440263	-5.895647
0.452842	-6.391670
0.465421	-6.862416
0.478000	-7.306026
0.490579	-7.720745
0.503158	-8.104932
0.515737	-8.457068
0.528316	-8.775762
0.540895	-9.059753
0.553474	-9.307917
0.566053	-9.519273
0.578632	-9.692986
0.591211	-9.828369
0.603790	-9.924886
0.616369	-9.982155
0.628947	-9.999951
0.641526	-9.978202
0.654105	-9.916995
0.666684	-9.816572
0.679263	-9.677329
0.691842	-9.499819
0.704421	-9.284741
0.717000	-9.032948
0.729579	-8.745435
0.742158	-8.423338
0.754737	-8.067931
0.767316	-7.680621
0.779895	-7.262937
0.792474	-6.816533
0.805053	-6.343173
0.817632	-5.844730
0.830211	-5.323173
0.842790	-4.780567
0.855369	-4.219056
0.867948	-3.640861
0.880526	-3.048269
0.893105	-2.443622
0.905684	-1.829312
0.918263	-1.207768
0.930842	-0.581448
0.943421	0.047171
0.956000	0.675604
0.968579	1.301365
0.981158	1.921979
0.993737	2.534994
1.006316	3.137984
1.018895	3.728565
1.031474	4.304401
1.044053	4.863216
1.056632	5.402800
1.069211	5.921019
1.081790	6.415823
1.094369	6.885256
1.106948	7.327462
1.119527	7.740692
1.132105	8.123312
1.144684	8.473808
1.157263	8.790796
1.169842	9.073020
1.182421	9.319366
1.195000	9.528859
1.207579	9.700671
1.220158	9.834121
1.232737	9.928684
1.245316	9.983983
1.257895	9.999802
1.270474	9.976077
1.283053	9.912902
1.295632	9.810528
1.308211	9.669358
1.320790	9.489951
1.333369	9.273016
1.345948	9.019412
1.358527	8.730141
1.371106	8.406347
1.383684	8.049311
1.396263	7.660444
1.408842	7.241285
1.421421	6.793490
1.434000	6.318831
1.446579	5.819184
1.459158	5.296525
1.471737	4.752922
1.484316	4.190524
1.496895	3.611554
1.509474	3.018303
1.522053	2.413116
1.534632	1.798386
1.547211	1.176545
1.559790	0.550051
1.572369	-0.078618
1.584948	-0.706976
1.597527	-1.332538
1.610106	-1.952831
1.622684	-2.565401
1.635263	-3.167827
1.647842	-3.757726
1.660421	-4.332765
1.673000	-4.890670
1.685579	-5.429236
1.698158	-5.946332
1.710737	-6.439913
1.723316	-6.908028
1.735895	-7.348826
1.748474	-7.760563
1.761053	-8.141612
1.773632	-8.490465
1.786211	-8.805742
1.798790	-9.086198
1.811369	-9.330724
1.823948	-9.538351
1.836527	-9.708259
1.849106	-9.839777
1.861685	-9.932384
1.874263	-9.985713
1.886842	-9.999555
1.899421	-9.973854
1.912000	-9.908712
1.924579	-9.804386
1.937158	-9.661290
1.949737	-9.479989
1.962316	-9.261199
1.974895	-9.005787
1.987474	-8.714761
2.000053	-8.389274
2.012632	-8.030612
2.025211	-7.640193
2.037790	-7.219561
2.050369	-6.770380
2.062948	-6.294426
2.075527	-5.793581
2.088106	-5.269825
2.100685	-4.725230
2.113264	-4.161950
2.125842	-3.582212
2.138421	-2.988307
2.151000	-2.382586
2.163579	-1.767443
2.176158	-1.145310
2.188737	-0.518649
2.201316	0.110064
2.213895	0.738341
2.226474	1.363698
2.239053	1.983663
2.251632	2.595784
2.264211	3.197639
2.276790	3.786850
2.289369	4.361086
2.301948	4.918076
2.314527	5.455618
2.327106	5.971586
2.339685	6.463940
2.352264	6.930732
2.364843	7.370117
2.377421	7.780358
2.390000	8.159831
2.402579	8.507037
2.415158	8.820602
2.427737	9.099287
2.440316	9.341989
2.452895	9.547748
2.465474	9.715752
2.478053	9.845335
2.490632	9.935985
2.503211	9.987344
2.515790	9.999209
2.528369	9.971532
2.540948	9.904424
2.553527	9.798148
2.566106	9.653127
2.578685	9.469933
2.591264	9.249290
2.603843	8.992072
2.616422	8.699295
2.629000	8.372117
2.641579	8.011832
2.654158	7.619865
2.666737	7.197766
2.679316	6.747203
2.691895	6.269959
2.704474	5.767920
2.717053	5.243073
2.729632	4.697492
2.742211	4.133335
2.754790	3.552833
2.767369	2.958282
2.779948	2.352032
2.792527	1.736482
2.805106	1.114064
2.817685	0.487241
2.830264	-0.141508
2.842843	-0.769699
2.855422	-1.394845
2.868001	-2.014476
2.880579	-2.626140
2.893158	-3.227420
2.905737	-3.815937
2.918316	-4.389364
2.930895	-4.945433
2.943474	-5.481946
2.956053	-5.996781
2.968632	-6.487902
2.981211	-6.953367
2.993790	-7.391335
3.006369	-7.800075
3.018948	-8.177970
3.031527	-8.523525
3.044106	-8.835374
3.056685	-9.112285
3.069264	-9.353161
3.081843	-9.557051
3.094422	-9.723148
3.107001	-9.850796
3.119579	-9.939489
3.132158	-9.988877
3.144737	-9.998764
3.157316	-9.969112
3.169895	-9.900037
3.182474	-9.791813
3.195053	-9.644869
3.207632	-9.459784
3.220211	-9.237290
3.232790	-8.978269
3.245369	-8.683743
3.257948	-8.354878
3.270527	-7.992974
3.283106	-7.599462
3.295685	-7.175899
3.308264	-6.723959
3.320843	-6.245429
3.333422	-5.742203
3.346001	-5.216269
3.358580	-4.669707
3.371158	-4.104680
3.383737	-3.523420
3.396316	-2.928228
3.408895	-2.321456
3.421474	-1.705504
3.434053	-1.082807
3.446632	-0.455829
3.459211	0.172952
3.471790	0.801049
3.484369	1.425978
3.496948	2.045268
3.509527	2.656471
3.522106	3.257168
3.534685	3.844985
3.547264	4.417598
3.559843	4.972741
3.572422	5.508220
3.585001	6.021917
3.597580	6.511800
3.610159	6.975933
3.622737	7.412480
3.635316	7.819715
3.647895	8.196027
3.660474	8.539929
3.673053	8.850059
3.685632	9.125193
3.698211	9.364242
3.710790	9.566260
3.723369	9.730449
3.735948	9.856159
3.748527	9.942894
3.761106	9.990310
3.773685	9.998220
3.786264	9.966593
3.798843	9.895553
3.811422	9.785382
3.824001	9.636515
3.836580	9.449541
3.849159	9.225199
3.861738	8.964377
3.874316	8.668105
3.886895	8.337556
3.899474	7.974037
3.912053	7.578985
3.924632	7.153962
3.937211	6.700649
3.949790	6.220839
3.962369	5.716428
3.974948	5.189413
3.987527	4.641876
4.000106	4.075983
4.012685	3.493972
4.025264	2.898144
4.037843	2.290856
4.050422	1.674509
4.063001	1.051539
4.075580	0.424412
4.088159	-0.204394
4.100738	-0.832391
4.113317	-1.457097
4.125895	-2.076041
4.138474	-2.686775
4.151053	-3.286885
4.163632	-3.873996
4.176211	-4.445788
4.188790	-5.000000
4.201369	-5.534439
4.213948	-6.046993
4.226527	-6.535634
4.239106	-6.998431
4.251685	-7.433552
4.264264	-7.839278
4.276843	-8.214004
4.289422	-8.556248
4.302001	-8.864657
4.314580	-9.138011
4.327159	-9.375229
4.339738	-9.575374
4.352317	-9.737653
4.364895	-9.861425
4.377474	-9.946201
4.390053	-9.991645
4.402632	-9.997577
4.415211	-9.963975
4.427790	-9.890971
4.440369	-9.778853
4.452948	-9.628065
4.465527	-9.439204
4.478106	-9.213016
4.490685	-8.950396
4.503264	-8.652381
4.515843	-8.320152
4.528422	-7.955021
4.541001	-7.558432
4.553580	-7.131953
4.566159	-6.677272
4.578738	-6.196186
4.591317	-5.690597
4.603896	-5.162506
4.616474	-4.613999
4.629053	-4.047247
4.641632	-3.464490
4.654211	-2.868032
4.666790	-2.260234
4.679369	-1.643497
4.691948	-1.020261
4.704527	-0.392991
4.717106	0.235833
4.729685	0.863725
4.742264	1.488201
4.754843	2.106793
4.767422	2.717053
4.780001	3.316568
4.792580	3.902969
4.805159	4.473935
4.817738	5.027209
4.830317	5.560604
4.842896	6.072009
4.855475	6.559404
4.868053	7.020859
4.880632	7.454550
4.893211	7.858763
4.905790	8.231899
4.918369	8.572483
4.930948	8.879167
4.943527	9.150738
4.956106	9.386124
4.968685	9.584393
4.981264	9.744761
4.993843	9.866593
5.006422	9.949409
5.019001	9.992880
5.031580	9.996836
5.044159	9.961259
5.056738	9.886291
5.069317	9.772228
5.081896	9.619521
5.094475	9.428774
5.107054	9.200742
5.119632	8.936326
5.132211	8.636572
5.144790	8.302665
5.157369	7.935926
5.169948	7.537804
5.182527	7.109875
5.195106	6.653830
5.207685	6.171472
5.220264	5.664710
5.232843	5.135547
5.245422	4.586076
5.258001	4.018470
5.270580	3.434973
5.283159	2.837892
5.295738	2.229589
5.308317	1.612469
5.320896	0.988973
5.333475	0.361566
5.346054	-0.267271
5.358633	-0.895051
5.371211	-1.519291
5.383790	-2.137524
5.396369	-2.747304
5.408948	-3.346219
5.421527	-3.931903
5.434106	-4.502037
5.446685	-5.054369
5.459264	-5.586714
5.471843	-6.096966
5.484422	-6.583108
5.497001	-7.043217
5.509580	-7.475475
5.522159	-7.878171
5.534738	-8.249713
5.547317	-8.588633
5.559896	-8.893589
5.572475	-9.163375
5.585054	-9.396926
5.597633	-9.593317
5.610212	-9.751772
5.622790	-9.871664
5.635369	-9.952519
5.647948	-9.994018
5.660527	-9.995995
5.673106	-9.958444
5.685685	-9.881513
5.698264	-9.765506
5.710843	-9.610881
5.723422	-9.418251
5.736001	-9.188378
5.748580	-8.922169
5.761159	-8.620678
5.773738	-8.285096
5.786317	-7.916752
5.798896	-7.517102
5.811475	-7.087726
5.824054	-6.630321
5.836633	-6.146698
5.849212	-5.638767
5.861790	-5.108538
5.874369	-4.558108
5.886948	-3.989654
5.899527	-3.405422
5.912106	-2.807723
5.924685	-2.198922
5.937264	-1.581425
5.949843	-0.957675
5.962422	-0.330137
5.975001	0.298706
5.987580	0.926367
6.000159	1.550366
6.012738	2.168234
6.025317	2.777527
6.037896	3.375837
6.050475	3.960798
6.063054	4.530095
6.075633	5.081479
6.088212	5.612768
6.100791	6.121862
6.113369	6.606747
6.125948	7.065506
6.138527	7.496326
6.151106	7.897501
6.163685	8.267446
6.176264	8.604698
6.188843	8.907923
6.201422	9.175922
6.214001	9.407635
6.226580	9.602147
6.239159	9.758687
6.251738	9.876637
6.264317	9.955531
6.276896	9.995056
6.289475	9.995056
6.302054	9.955531
6.314633	9.876637
6.327212	9.758687
6.339791	9.602147
6.352370	9.407635
6.364948	9.175922
6.377527	8.907923
6.390106	8.604698
6.402685	8.267446
6.415264	7.897501
6.427843	7.496326
6.440422	7.065506
6.453001	6.606747
6.465580	6.121862
6.478159	5.612768
6.490738	5.081479
6.503317	4.530095
6.515896	3.960798
6.528475	3.375837
6.541054	2.777527
6.553633	2.168234
6.566212	1.550366
6.578791	0.926367
6.591370	0.298706
6.603949	-0.330137
6.616527	-0.957675
6.629106	-1.581425
6.641685	-2.198922
6.654264	-2.807723
6.666843	-3.405422
6.679422	-3.989654
6.692001	-4.558108
6.704580	-5.108538
6.717159	-5.638767
6.729738	-6.146698
6.742317	-6.630321
6.754896	-7.087726
6.767475	-7.517102
6.780054	-7.916752
6.792633	-8.285096
6.805212	-8.620678
6.817791	-8.922169
6.830370	-9.188378
6.842949	-9.418251
6.855528	-9.610881
6.868106	-9.765506
6.880685	-9.881513
6.893264	-9.958444
6.905843	-9.995995
6.918422	-9.994018
6.931001	-9.952519
6.943580	-9.871664
6.956159	-9.751772
6.968738	-9.593317
6.981317	-9.396926
6.993896	-9.163375
7.006475	-8.893589
7.019054	-8.588633
7.031633	-8.249713
7.044212	-7.878171
7.056791	-7.475475
7.069370	-7.043217
7.081949	-6.583108
7.094528	-6.096966
7.107107	-5.586714
7.119685	-5.054369
7.132264	-4.502037
7.144843	-3.931903
7.157422	-3.346219
7.170001	-2.747304
7.182580	-2.137524
7.195159	-1.519291
7.207738	-0.895051
7.220317	-0.267271
7.232896	0.361566
7.245475	0.988973
7.258054	1.612469
7.270633	2.229589
7.283212	2.837892
7.295791	3.434973
7.308370	4.018470
7.320949	4.586076
7.333528	5.135547
7.346107	5.664710
7.358685	6.171472
7.371264	6.653830
7.383843	7.109875
7.396422	7.537804
7.409001	7.935926
7.421580	8.302665
7.434159	8.636572
7.446738	8.936326
7.459317	9.200742
7.471896	9.428774
7.484475	9.619521
7.497054	9.772228
7.509633	9.886291
7.522212	9.961259
7.534791	9.996836
7.547370	9.992880
7.559949	9.949409
7.572528	9.866593
7.585107	9.744761
7.597686	9.584393
7.610264	9.386124
7.622843	9.150738
7.635422	8.879167
7.648001	8.572483
7.660580	8.231899
7.673159	7.858763
7.685738	7.454550
7.698317	7.020859
7.710896	6.559404
7.723475	6.072009
7.736054	5.560604
7.748633	5.027209
7.761212	4.473935
7.773791	3.902969
7.786370	3.316568
7.798949	2.717053
7.811528	2.106793
7.824107	1.488201
7.836686	0.863725
7.849265	0.235833
7.861843	-0.392991
7.874422	-1.020261
7.887001	-1.643497
7.899580	-2.260234
7.912159	-2.868032
7.924738	-3.464490
7.937317	-4.047247
7.949896	-4.613999
7.962475	-5.162506
7.975054	-5.690597
7.987633	-6.196186
8.000212	-6.677272
8.012791	-7.131953
8.025370	-7.558432
8.037949	-7.955021
8.050528	-8.320152
8.063107	-8.652381
8.075686	-8.950396
8.088265	-9.213016
8.100844	-9.439204
8.113422	-9.628065
8.126001	-9.778853
8.138580	-9.890971
8.151159	-9.963975
8.163738	-9.997577
8.176317	-9.991645
8.188896	-9.946201
8.201475	-9.861425
8.214054	-9.737653
8.226633	-9.575374
8.239212	-9.375229
8.251791	-9.138011
8.264370	-8.864657
8.276949	-8.556248
8.289528	-8.214004
8.302107	-7.839278
8.314686	-7.433552
8.327265	-6.998431
8.339844	-6.535634
8.352423	-6.046993
8.365001	-5.534439
8.377580	-5.000000
8.390159	-4.445788
8.402738	-3.873996
8.415317	-3.286885
8.427896	-2.686775
8.440475	-2.076041
8.453054	-1.457097
8.465633	-0.832391
8.478212	-0.204394
8.490791	0.424412
8.503370	1.051539
8.515949	1.674509
8.528528	2.290856
8.541107	2.898144
8.553686	3.493972
8.566265	4.075983
8.578844	4.641876
8.591423	5.189413
8.604002	5.716428
8.616580	6.220839
8.629159	6.700649
8.641738	7.153962
8.654317	7.578985
8.666896	7.974037
8.679475	8.337556
8.692054	8.668105
8.704633	8.964377
8.717212	9.225199
8.729791	9.449541
8.742370	9.636515
8.754949	9.785382
8.767528	9.895553
8.780107	9.966593
8.792686	9.998220
8.805265	9.990310
8.817844	9.942894
8.830423	9.856159
8.843002	9.730449
8.855580	9.566260
8.868159	9.364242
8.880738	9.125193
8.893317	8.850059
8.905896	8.539929
8.918475	8.196027
8.931054	7.819715
8.943633	7.412480
8.956212	6.975933
8.968791	6.511800
8.981370	6.021917
8.993949	5.508220
9.006528	4.972741
9.019107	4.417598
9.031686	3.844985
9.044265	3.257168
9.056844	2.656471
9.069423	2.045268
9.082002	1.425978
9.094581	0.801049
9.107159	0.172952
9.119738	-0.455829
9.132317	-1.082807
9.144896	-1.705504
9.157475	-2.321456
9.170054	-2.928228
9.182633	-3.523420
9.195212	-4.104680
9.207791	-4.669707
9.220370	-5.216269
9.232949	-5.742203
9.245528	-6.245429
9.258107	-6.723959
9.270686	-7.175899
9.283265	-7.599462
9.295844	-7.992974
9.308423	-8.354878
9.321002	-8.683743
9.333581	-8.978269
9.346160	-9.237290
9.358738	-9.459784
9.371317	-9.644869
9.383896	-9.791813
9.396475	-9.900037
9.409054	-9.969112
9.421633	-9.998764
9.434212	-9.988877
9.446791	-9.939489
9.459370	-9.850796
9.471949	-9.723148
9.484528	-9.557051
9.497107	-9.353161
9.509686	-9.112285
9.522265	-8.835374
9.534844	-8.523525
9.547423	-8.177970
9.560002	-7.800075
9.572581	-7.391335
9.585160	-6.953367
9.597739	-6.487902
9.610317	-5.996781
9.622896	-5.481946
9.635475	-4.945433
9.648054	-4.389364
9.660633	-3.815937
9.673212	-3.227420
9.685791	-2.626140
9.698370	-2.014476
9.710949	-1.394845
9.723528	-0.769699
9.736107	-0.141508
9.748686	0.487241
9.761265	1.114064
9.773844	1.736482
9.786423	2.352032
9.799002	2.958282
9.811581	3.552833
9.824160	4.133335
9.836739	4.697492
9.849318	5.243073
9.861896	5.767920
9.874475	6.269959
9.887054	6.747203
9.899633	7.197766
9.912212	7.619865
9.924791	8.011832
9.937370	8.372117
9.949949	8.699295
9.962528	8.992072
9.975107	9.249290
9.987686	9.469933
10.000265	9.653127
10.012844	9.798148
10.025423	9.904424
10.038002	9.971532
10.050581	9.999209
10.063160	9.987344
10.075739	9.935985
10.088318	9.845335
10.100896	9.715752
10.113475	9.547748
10.126054	9.341989
10.138633	9.099287
10.151212	8.820602
10.163791	8.507037
10.176370	8.159831
10.188949	7.780358
10.201528	7.370117
10.214107	6.930732
10.226686	6.463940
10.239265	5.971586
10.251844	5.455618
10.264423	4.918076
10.277002	4.361086
10.289581	3.786850
10.302160	3.197639
10.314739	2.595784
10.327318	1.983663
10.339897	1.363698
10.352475	0.738341
10.365054	0.110064
10.377633	-0.518649
10.390212	-1.145310
10.402791	-1.767443
10.415370	-2.382586
10.427949	-2.988307
10.440528	-3.582212
10.453107	-4.161950
10.465686	-4.725230
10.478265	-5.269825
10.490844	-5.793581
10.503423	-6.294426
10.516002	-6.770380
10.528581	-7.219561
10.541160	-7.640193
10.553739	-8.030612
10.566318	-8.389274
10.578897	-8.714761
10.591476	-9.005787
10.604054	-9.261199
10.616633	-9.479989
10.629212	-9.661290
10.641791	-9.804386
10.654370	-9.908712
10.666949	-9.973854
10.679528	-9.999555
10.692107	-9.985713
10.704686	-9.932384
10.717265	-9.839777
10.729844	-9.708259
10.742423	-9.538351
10.755002	-9.330724
10.767581	-9.086198
10.780160	-8.805742
10.792739	-8.490465
10.805318	-8.141612
10.817897	-7.760563
10.830476	-7.348826
10.843055	-6.908028
10.855633	-6.439913
10.868212	-5.946332
10.880791	-5.429236
10.893370	-4.890670
10.905949	-4.332765
10.918528	-3.757726
10.931107	-3.167827
10.943686	-2.565401
10.956265	-1.952831
10.968844	-1.332538
10.981423	-0.706976
10.994002	-0.078618
11.006581	0.550051
11.019160	1.176545
11.031739	1.798386
11.044318	2.413116
11.056897	3.018303
11.069476	3.611554
11.082055	4.190524
11.094634	4.752922
11.107212	5.296525
11.119791	5.819184
11.132370	6.318831
11.144949	6.793490
11.157528	7.241285
11.170107	7.660444
11.182686	8.049311
11.195265	8.406347
11.207844	8.730141
11.220423	9.019412
11.233002	9.273016
11.245581	9.489951
11.258160	9.669358
11.270739	9.810528
11.283318	9.912902
11.295897	9.976077
11.308476	9.999802
11.321055	9.983983
11.333634	9.928684
11.346213	9.834121
11.358791	9.700671
11.371370	9.528859
11.383949	9.319366
11.396528	9.073020
11.409107	8.790796
11.421686	8.473808
11.434265	8.123312
11.446844	7.740692
11.459423	7.327462
11.472002	6.885256
11.484581	6.415823
11.497160	5.921019
11.509739	5.402800
11.522318	4.863216
11.534897	4.304401
11.547476	3.728565
11.560055	3.137984
11.572634	2.534994
11.585213	1.921979
11.597791	1.301365
11.610370	0.675604
11.622949	0.047171
11.635528	-0.581448
11.648107	-1.207768
11.660686	-1.829312
11.673265	-2.443622
11.685844	-3.048269
11.698423	-3.640861
11.711002	-4.219056
11.723581	-4.780567
11.736160	-5.323173
11.748739	-5.844730
11.761318	-6.343173
11.773897	-6.816533
11.786476	-7.262937
11.799055	-7.680621
11.811634	-8.067931
11.824213	-8.423338
11.836792	-8.745435
11.849370	-9.032948
11.861949	-9.284741
11.874528	-9.499819
11.887107	-9.677329
11.899686	-9.816572
11.912265	-9.916995
11.924844	-9.978202
11.937423	-9.999951
11.950002	-9.982155
11.962581	-9.924886
11.975160	-9.828369
11.987739	-9.692986
12.000318	-9.519273
12.012897	-9.307917
12.025476	-9.059753
12.038055	-8.775762
12.050634	-8.457068
12.063213	-8.104932
12.075792	-7.720745
12.088371	-7.306026
12.100949	-6.862416
12.113528	-6.391670
12.126107	-5.895647
12.138686	-5.376311
12.151265	-4.835714
12.163844	-4.275995
12.176423	-3.699367
12.189002	-3.108109
12.201581	-2.504561
12.214160	-1.891109
12.226739	-1.270178
12.239318	-0.644225
12.251897	-0.015724
12.264476	0.612840
12.277055	1.238979
12.289634	1.860220
12.302213	2.474104
12.314792	3.078204
12.327371	3.670132
12.339950	4.247547
12.352528	4.808164
12.365107	5.349769
12.377686	5.870217
12.390265	6.367453
12.402844	6.839508
12.415423	7.284518
12.428002	7.700721
12.440581	8.086471
12.453160	8.440245
12.465739	8.760642
12.478318	9.046395
12.490897	9.296375
12.503476	9.509593
12.516055	9.685206
12.528634	9.822519
12.541213	9.920989
12.553792	9.980228
12.566371	10.000000
