0.000000	10.000000
0.000105	9.980228
0.000210	9.920989
0.000314	9.822519
0.000419	9.685206
0.000524	9.509593
0.000629	9.296375
0.000734	9.046395
0.000839	8.760642
0.000943	8.440245
0.001048	8.086471
0.001153	7.700721
0.001258	7.284518
0.001363	6.839508
0.001468	6.367453
0.001572	5.870217
0.001677	5.349769
0.001782	4.808164
0.001887	4.247547
0.001992	3.670132
0.002096	3.078204
0.002201	2.474104
0.002306	1.860220
0.002411	1.238979
0.002516	0.612840
0.002621	-0.015724
0.002725	-0.644225
0.002830	-1.270178
0.002935	-1.891109
0.003040	-2.504561
0.003145	-3.108109
0.003250	-3.699367
0.003354	-4.275995
0.003459	-4.835714
0.003564	-5.376311
0.003669	-5.895647
0.003774	-6.391670
0.003879	-6.862416
0.003983	-7.306026
0.004088	-7.720745
0.004193	-8.104932
0.004298	-8.457068
0.004403	-8.775762
0.004507	-9.059753
0.004612	-9.307917
0.004717	-9.519273
0.004822	-9.692986
0.004927	-9.828369
0.005032	-9.924886
0.005136	-9.982155
0.005241	-9.999951
0.005346	-9.978202
0.005451	-9.916995
0.005556	-9.816572
0.005661	-9.677329
0.005765	-9.499819
0.005870	-9.284741
0.005975	-9.032948
0.006080	-8.745435
0.006185	-8.423338
0.006289	-8.067931
0.006394	-7.680621
0.006499	-7.262937
0.006604	-6.816533
0.006709	-6.343173
0.006814	-5.844730
0.006918	-5.323173
0.007023	-4.780567
0.007128	-4.219056
0.007233	-3.640861
0.007338	-3.048269
0.007443	-2.443622
0.007547	-1.829312
0.007652	-1.207768
0.007757	-0.581448
0.007862	0.047171
0.007967	0.675604
0.008071	1.301365
0.008176	1.921979
0.008281	2.534994
0.008386	3.137984
0.008491	3.728565
0.008596	4.304401
0.008700	4.863216
0.008805	5.402800
0.008910	5.921019
0.009015	6.415823
0.009120	6.885256
0.009225	7.327462
0.009329	7.740692
0.009434	8.123312
0.009539	8.473808
0.009644	8.790796
0.009749	9.073020
0.009854	9.319366
0.009958	9.528859
0.010063	9.700671
0.010168	9.834121
0.010273	9.928684
0.010378	9.983983
0.010482	9.999802
0.010587	9.976077
0.010692	9.912902
0.010797	9.810528
0.010902	9.669358
0.011007	9.489951
0.011111	9.273016
0.011216	9.019412
0.011321	8.730141
0.011426	8.406347
0.011531	8.049311
0.011636	7.660444
0.011740	7.241285
0.011845	6.793490
0.011950	6.318831
0.012055	5.819184
0.012160	5.296525
0.012264	4.752922
0.012369	4.190524
0.012474	3.611554
0.012579	3.018303
0.012684	2.413116
0.012789	1.798386
0.012893	1.176545
0.012998	0.550051
0.013103	-0.078618
0.013208	-0.706976
0.013313	-1.332538
0.013418	-1.952831
0.013522	-2.565401
0.013627	-3.167827
0.013732	-3.757726
0.013837	-4.332765
0.013942	-4.890670
0.014046	-5.429236
0.014151	-5.946332
0.014256	-6.439913
0.014361	-6.908028
0.014466	-7.348826
0.014571	-7.760563
0.014675	-8.141612
0.014780	-8.490465
0.014885	-8.805742
0.014990	-9.086198
0.015095	-9.330724
0.015200	-9.538351
0.015304	-9.708259
0.015409	-9.839777
0.015514	-9.932384
0.015619	-9.985713
0.015724	-9.999555
0.015829	-9.973854
0.015933	-9.908712
0.016038	-9.804386
0.016143	-9.661290
0.016248	-9.479989
0.016353	-9.261199
0.016457	-9.005787
0.016562	-8.714761
0.016667	-8.389274
0.016772	-8.030612
0.016877	-7.640193
0.016982	-7.219561
0.017086	-6.770380
0.017191	-6.294426
0.017296	-5.793581
0.017401	-5.269825
0.017506	-4.725230
0.017611	-4.161950
0.017715	-3.582212
0.017820	-2.988307
0.017925	-2.382586
0.018030	-1.767443
0.018135	-1.145310
0.018239	-0.518649
0.018344	0.110064
0.018449	0.738341
0.018554	1.363698
0.018659	1.983663
0.018764	2.595784
0.018868	3.197639
0.018973	3.786850
0.019078	4.361086
0.019183	4.918076
0.019288	5.455618
0.019393	5.971586
0.019497	6.463940
0.019602	6.930732
0.019707	7.370117
0.019812	7.780358
0.019917	8.159831
0.020021	8.507037
0.020126	8.820602
0.020231	9.099287
0.020336	9.341989
0.020441	9.547748
0.020546	9.715752
0.020650	9.845335
0.020755	9.935985
0.020860	9.987344
0.020965	9.999209
0.021070	9.971532
0.021175	9.904424
0.021279	9.798148
0.021384	9.653127
0.021489	9.469933
0.021594	9.249290
0.021699	8.992072
0.021804	8.699295
0.021908	8.372117
0.022013	8.011832
0.022118	7.619865
0.022223	7.197766
0.022328	6.747203
0.022432	6.269959
0.022537	5.767920
0.022642	5.243073
0.022747	4.697492
0.022852	4.133335
0.022957	3.552833
0.023061	2.958282
0.023166	2.352032
0.023271	1.736482
0.023376	1.114064
0.023481	0.487241
0.023586	-0.141508
0.023690	-0.769699
0.023795	-1.394845
0.023900	-2.014476
0.024005	-2.626140
0.024110	-3.227420
0.024214	-3.815937
0.024319	-4.389364
0.024424	-4.945433
0.024529	-5.481946
0.024634	-5.996781
0.024739	-6.487902
0.024843	-6.953367
0.024948	-7.391335
0.025053	-7.800075
0.025158	-8.177970
0.025263	-8.523525
0.025368	-8.835374
0.025472	-9.112285
0.025577	-9.353161
0.025682	-9.557051
0.025787	-9.723148
0.025892	-9.850796
0.025996	-9.939489
0.026101	-9.988877
0.026206	-9.998764
0.026311	-9.969112
0.026416	-9.900037
0.026521	-9.791813
0.026625	-9.644869
0.026730	-9.459784
0.026835	-9.237290
0.026940	-8.978269
0.027045	-8.683743
0.027150	-8.354878
0.027254	-7.992974
0.027359	-7.599462
0.027464	-7.175899
0.027569	-6.723959
0.027674	-6.245429
0.027779	-5.742203
0.027883	-5.216269
0.027988	-4.669707
0.028093	-4.104680
0.028198	-3.523420
0.028303	-2.928228
0.028407	-2.321456
0.028512	-1.705504
0.028617	-1.082807
0.028722	-0.455829
0.028827	0.172952
0.028932	0.801049
0.029036	1.425978
0.029141	2.045268
0.029246	2.656471
0.029351	3.257168
0.029456	3.844985
0.029561	4.417598
0.029665	4.972741
0.029770	5.508220
0.029875	6.021917
0.029980	6.511800
0.030085	6.975933
0.030189	7.412480
0.030294	7.819715
0.030399	8.196027
0.030504	8.539929
0.030609	8.850059
0.030714	9.125193
0.030818	9.364242
0.030923	9.566260
0.031028	9.730449
0.031133	9.856159
0.031238	9.942894
0.031343	9.990310
0.031447	9.998220
0.031552	9.966593
0.031657	9.895553
0.031762	9.785382
0.031867	9.636515
0.031971	9.449541
0.032076	9.225199
0.032181	8.964377
0.032286	8.668105
0.032391	8.337556
0.032496	7.974037
0.032600	7.578985
0.032705	7.153962
0.032810	6.700649
0.032915	6.220839
0.033020	5.716428
0.033125	5.189413
0.033229	4.641876
0.033334	4.075983
0.033439	3.493972
0.033544	2.898144
0.033649	2.290856
0.033754	1.674509
0.033858	1.051539
0.033963	0.424412
0.034068	-0.204394
0.034173	-0.832391
0.034278	-1.457097
0.034382	-2.076041
0.034487	-2.686775
0.034592	-3.286885
0.034697	-3.873996
0.034802	-4.445788
0.034907	-5.000000
0.035011	-5.534439
0.035116	-6.046993
0.035221	-6.535634
0.035326	-6.998431
0.035431	-7.433552
0.035536	-7.839278
0.035640	-8.214004
0.035745	-8.556248
0.035850	-8.864657
0.035955	-9.138011
0.036060	-9.375229
0.036164	-9.575374
0.036269	-9.737653
0.036374	-9.861425
0.036479	-9.946201
0.036584	-9.991645
0.036689	-9.997577
0.036793	-9.963975
0.036898	-9.890971
0.037003	-9.778853
0.037108	-9.628065
0.037213	-9.439204
0.037318	-9.213016
0.037422	-8.950396
0.037527	-8.652381
0.037632	-8.320152
0.037737	-7.955021
0.037842	-7.558432
0.037946	-7.131953
0.038051	-6.677272
0.038156	-6.196186
0.038261	-5.690597
0.038366	-5.162506
0.038471	-4.613999
0.038575	-4.047247
0.038680	-3.464490
0.038785	-2.868032
0.038890	-2.260234
0.038995	-1.643497
0.039100	-1.020261
0.039204	-0.392991
0.039309	0.235833
0.039414	0.863725
0.039519	1.488201
0.039624	2.106793
0.039729	2.717053
0.039833	3.316568
0.039938	3.902969
0.040043	4.473935
0.040148	5.027209
0.040253	5.560604
0.040357	6.072009
0.040462	6.559404
0.040567	7.020859
0.040672	7.454550
0.040777	7.858763
0.040882	8.231899
0.040986	8.572483
0.041091	8.879167
0.041196	9.150738
0.041301	9.386124
0.041406	9.584393
0.041511	9.744761
0.041615	9.866593
0.041720	9.949409
0.041825	9.992880
0.041930	9.996836
0.042035	9.961259
0.042139	9.886291
0.042244	9.772228
0.042349	9.619521
0.042454	9.428774
0.042559	9.200742
0.042664	8.936326
0.042768	8.636572
0.042873	8.302665
0.042978	7.935926
0.043083	7.537804
0.043188	7.109875
0.043293	6.653830
0.043397	6.171472
0.043502	5.664710
0.043607	5.135547
0.043712	4.586076
0.043817	4.018470
0.043921	3.434973
0.044026	2.837892
0.044131	2.229589
0.044236	1.612469
0.044341	0.988973
0.044446	0.361566
0.044550	-0.267271
0.044655	-0.895051
0.044760	-1.519291
0.044865	-2.137524
0.044970	-2.747304
0.045075	-3.346219
0.045179	-3.931903
0.045284	-4.502037
0.045389	-5.054369
0.045494	-5.586714
0.045599	-6.096966
0.045704	-6.583108
0.045808	-7.043217
0.045913	-7.475475
0.046018	-7.878171
0.046123	-8.249713
0.046228	-8.588633
0.046332	-8.893589
0.046437	-9.163375
0.046542	-9.396926
0.046647	-9.593317
0.046752	-9.751772
0.046857	-9.871664
0.046961	-9.952519
0.047066	-9.994018
0.047171	-9.995995
0.047276	-9.958444
0.047381	-9.881513
0.047486	-9.765506
0.047590	-9.610881
0.047695	-9.418251
0.047800	-9.188378
0.047905	-8.922169
0.048010	-8.620678
0.048114	-8.285096
0.048219	-7.916752
0.048324	-7.517102
0.048429	-7.087726
0.048534	-6.630321
0.048639	-6.146698
0.048743	-5.638767
0.048848	-5.108538
0.048953	-4.558108
0.049058	-3.989654
0.049163	-3.405422
0.049268	-2.807723
0.049372	-2.198922
0.049477	-1.581425
0.049582	-0.957675
0.049687	-0.330137
0.049792	0.298706
0.049896	0.926367
0.050001	1.550366
0.050106	2.168234
0.050211	2.777527
0.050316	3.375837
0.050421	3.960798
0.050525	4.530095
0.050630	5.081479
0.050735	5.612768
0.050840	6.121862
0.050945	6.606747
0.051050	7.065506
0.051154	7.496326
0.051259	7.897501
0.051364	8.267446
0.051469	8.604698
0.051574	8.907923
0.051679	9.175922
0.051783	9.407635
0.051888	9.602147
0.051993	9.758687
0.052098	9.876637
0.052203	9.955531
0.052307	9.995056
0.052412	9.995056
0.052517	9.955531
0.052622	9.876637
0.052727	9.758687
0.052832	9.602147
0.052936	9.407635
0.053041	9.175922
0.053146	8.907923
0.053251	8.604698
0.053356	8.267446
0.053461	7.897501
0.053565	7.496326
0.053670	7.065506
0.053775	6.606747
0.053880	6.121862
0.053985	5.612768
0.054089	5.081479
0.054194	4.530095
0.054299	3.960798
0.054404	3.375837
0.054509	2.777527
0.054614	2.168234
0.054718	1.550366
0.054823	0.926367
0.054928	0.298706
0.055033	-0.330137
0.055138	-0.957675
0.055243	-1.581425
0.055347	-2.198922
0.055452	-2.807723
0.055557	-3.405422
0.055662	-3.989654
0.055767	-4.558108
0.055872	-5.108538
0.055976	-5.638767
0.056081	-6.146698
0.056186	-6.630321
0.056291	-7.087726
0.056396	-7.517102
0.056500	-7.916752
0.056605	-8.285096
0.056710	-8.620678
0.056815	-8.922169
0.056920	-9.188378
0.057025	-9.418251
0.057129	-9.610881
0.057234	-9.765506
0.057339	-9.881513
0.057444	-9.958444
0.057549	-9.995995
0.057654	-9.994018
0.057758	-9.952519
0.057863	-9.871664
0.057968	-9.751772
0.058073	-9.593317
0.058178	-9.396926
0.058282	-9.163375
0.058387	-8.893589
0.058492	-8.588633
0.058597	-8.249713
0.058702	-7.878171
0.058807	-7.475475
0.058911	-7.043217
0.059016	-6.583108
0.059121	-6.096966
0.059226	-5.586714
0.059331	-5.054369
0.059436	-4.502037
0.059540	-3.931903
0.059645	-3.346219
0.059750	-2.747304
0.059855	-2.137524
0.059960	-1.519291
0.060064	-0.895051
0.060169	-0.267271
0.060274	0.361566
0.060379	0.988973
0.060484	1.612469
0.060589	2.229589
0.060693	2.837892
0.060798	3.434973
0.060903	4.018470
0.061008	4.586076
0.061113	5.135547
0.061218	5.664710
0.061322	6.171472
0.061427	6.653830
0.061532	7.109875
0.061637	7.537804
0.061742	7.935926
0.061847	8.302665
0.061951	8.636572
0.062056	8.936326
0.062161	9.200742
0.062266	9.428774
0.062371	9.619521
0.062475	9.772228
0.062580	9.886291
0.062685	9.961259
0.062790	9.996836
0.062895	9.992880
0.063000	9.949409
0.063104	9.866593
0.063209	9.744761
0.063314	9.584393
0.063419	9.386124
0.063524	9.150738
0.063629	8.879167
0.063733	8.572483
0.063838	8.231899
0.063943	7.858763
0.064048	7.454550
0.064153	7.020859
0.064257	6.559404
0.064362	6.072009
0.064467	5.560604
0.064572	5.027209
0.064677	4.473935
0.064782	3.902969
0.064886	3.316568
0.064991	2.717053
0.065096	2.106793
0.065201	1.488201
0.065306	0.863725
0.065411	0.235833
0.065515	-0.392991
0.065620	-1.020261
0.065725	-1.643497
0.065830	-2.260234
0.065935	-2.868032
0.066039	-3.464490
0.066144	-4.047247
0.066249	-4.613999
0.066354	-5.162506
0.066459	-5.690597
0.066564	-6.196186
0.066668	-6.677272
0.066773	-7.131953
0.066878	-7.558432
0.066983	-7.955021
0.067088	-8.320152
0.067193	-8.652381
0.067297	-8.950396
0.067402	-9.213016
0.067507	-9.439204
0.067612	-9.628065
0.067717	-9.778853
0.067822	-9.890971
0.067926	-9.963975
0.068031	-9.997577
0.068136	-9.991645
0.068241	-9.946201
0.068346	-9.861425
0.068450	-9.737653
0.068555	-9.575374
0.068660	-9.375229
0.068765	-9.138011
0.068870	-8.864657
0.068975	-8.556248
0.069079	-8.214004
0.069184	-7.839278
0.069289	-7.433552
0.069394	-6.998431
0.069499	-6.535634
0.069604	-6.046993
0.069708	-5.534439
0.069813	-5.000000
0.069918	-4.445788
0.070023	-3.873996
0.070128	-3.286885
0.070232	-2.686775
0.070337	-2.076041
0.070442	-1.457097
0.070547	-0.832391
0.070652	-0.204394
0.070757	0.424412
0.070861	1.051539
0.070966	1.674509
0.071071	2.290856
0.071176	2.898144
0.071281	3.493972
0.071386	4.075983
0.071490	4.641876
0.071595	5.189413
0.071700	5.716428
0.071805	6.220839
0.071910	6.700649
0.072014	7.153962
0.072119	7.578985
0.072224	7.974037
0.072329	8.337556
0.072434	8.668105
0.072539	8.964377
0.072643	9.225199
0.072748	9.449541
0.072853	9.636515
0.072958	9.785382
0.073063	9.895553
0.073168	9.966593
0.073272	9.998220
0.073377	9.990310
0.073482	9.942894
0.073587	9.856159
0.073692	9.730449
0.073797	9.566260
0.073901	9.364242
0.074006	9.125193
0.074111	8.850059
0.074216	8.539929
0.074321	8.196027
0.074425	7.819715
0.074530	7.412480
0.074635	6.975933
0.074740	6.511800
0.074845	6.021917
0.074950	5.508220
0.075054	4.972741
0.075159	4.417598
0.075264	3.844985
0.075369	3.257168
0.075474	2.656471
0.075579	2.045268
0.075683	1.425978
0.075788	0.801049
0.075893	0.172952
0.075998	-0.455829
0.076103	-1.082807
0.076207	-1.705504
0.076312	-2.321456
0.076417	-2.928228
0.076522	-3.523420
0.076627	-4.104680
0.076732	-4.669707
0.076836	-5.216269
0.076941	-5.742203
0.077046	-6.245429
0.077151	-6.723959
0.077256	-7.175899
0.077361	-7.599462
0.077465	-7.992974
0.077570	-8.354878
0.077675	-8.683743
0.077780	-8.978269
0.077885	-9.237290
0.077989	-9.459784
0.078094	-9.644869
0.078199	-9.791813
0.078304	-9.900037
0.078409	-9.969112
0.078514	-9.998764
0.078618	-9.988877
0.078723	-9.939489
0.078828	-9.850796
0.078933	-9.723148
0.079038	-9.557051
0.079143	-9.353161
0.079247	-9.112285
0.079352	-8.835374
0.079457	-8.523525
0.079562	-8.177970
0.079667	-7.800075
0.079772	-7.391335
0.079876	-6.953367
0.079981	-6.487902
0.080086	-5.996781
0.080191	-5.481946
0.080296	-4.945433
0.080400	-4.389364
0.080505	-3.815937
0.080610	-3.227420
0.080715	-2.626140
0.080820	-2.014476
0.080925	-1.394845
0.081029	-0.769699
0.081134	-0.141508
0.081239	0.487241
0.081344	1.114064
0.081449	1.736482
0.081554	2.352032
0.081658	2.958282
0.081763	3.552833
0.081868	4.133335
0.081973	4.697492
0.082078	5.243073
0.082182	5.767920
0.082287	6.269959
0.082392	6.747203
0.082497	7.197766
0.082602	7.619865
0.082707	8.011832
0.082811	8.372117
0.082916	8.699295
0.083021	8.992072
0.083126	9.249290
0.083231	9.469933
0.083336	9.653127
0.083440	9.798148
0.083545	9.904424
0.083650	9.971532
0.083755	9.999209
0.083860	9.987344
0.083964	9.935985
0.084069	9.845335
0.084174	9.715752
0.084279	9.547748
0.084384	9.341989
0.084489	9.099287
0.084593	8.820602
0.084698	8.507037
0.084803	8.159831
0.084908	7.780358
0.085013	7.370117
0.085118	6.930732
0.085222	6.463940
0.085327	5.971586
0.085432	5.455618
0.085537	4.918076
0.085642	4.361086
0.085747	3.786850
0.085851	3.197639
0.085956	2.595784
0.086061	1.983663
0.086166	1.363698
0.086271	0.738341
0.086375	0.110064
0.086480	-0.518649
0.086585	-1.145310
0.086690	-1.767443
0.086795	-2.382586
0.086900	-2.988307
0.087004	-3.582212
0.087109	-4.161950
0.087214	-4.725230
0.087319	-5.269825
0.087424	-5.793581
0.087529	-6.294426
0.087633	-6.770380
0.087738	-7.219561
0.087843	-7.640193
0.087948	-8.030612
0.088053	-8.389274
0.088157	-8.714761
0.088262	-9.005787
0.088367	-9.261199
0.088472	-9.479989
0.088577	-9.661290
0.088682	-9.804386
0.088786	-9.908712
0.088891	-9.973854
0.088996	-9.999555
0.089101	-9.985713
0.089206	-9.932384
0.089311	-9.839777
0.089415	-9.708259
0.089520	-9.538351
0.089625	-9.330724
0.089730	-9.086198
0.089835	-8.805742
0.089939	-8.490465
0.090044	-8.141612
0.090149	-7.760563
0.090254	-7.348826
0.090359	-6.908028
0.090464	-6.439913
0.090568	-5.946332
0.090673	-5.429236
0.090778	-4.890670
0.090883	-4.332765
0.090988	-3.757726
0.091093	-3.167827
0.091197	-2.565401
0.091302	-1.952831
0.091407	-1.332538
0.091512	-0.706976
0.091617	-0.078618
0.091722	0.550051
0.091826	1.176545
0.091931	1.798386
0.092036	2.413116
0.092141	3.018303
0.092246	3.611554
0.092350	4.190524
0.092455	4.752922
0.092560	5.296525
0.092665	5.819184
0.092770	6.318831
0.092875	6.793490
0.092979	7.241285
0.093084	7.660444
0.093189	8.049311
0.093294	8.406347
0.093399	8.730141
0.093504	9.019412
0.093608	9.273016
0.093713	9.489951
0.093818	9.669358
0.093923	9.810528
0.094028	9.912902
0.094132	9.976077
0.094237	9.999802
0.094342	9.983983
0.094447	9.928684
0.094552	9.834121
0.094657	9.700671
0.094761	9.528859
0.094866	9.319366
0.094971	9.073020
0.095076	8.790796
0.095181	8.473808
0.095286	8.123312
0.095390	7.740692
0.095495	7.327462
0.095600	6.885256
0.095705	6.415823
0.095810	5.921019
0.095914	5.402800
0.096019	4.863216
0.096124	4.304401
0.096229	3.728565
0.096334	3.137984
0.096439	2.534994
0.096543	1.921979
0.096648	1.301365
0.096753	0.675604
0.096858	0.047171
0.096963	-0.581448
0.097068	-1.207768
0.097172	-1.829312
0.097277	-2.443622
0.097382	-3.048269
0.097487	-3.640861
0.097592	-4.219056
0.097697	-4.780567
0.097801	-5.323173
0.097906	-5.844730
0.098011	-6.343173
0.098116	-6.816533
0.098221	-7.262937
0.098325	-7.680621
0.098430	-8.067931
0.098535	-8.423338
0.098640	-8.745435
0.098745	-9.032948
0.098850	-9.284741
0.098954	-9.499819
0.099059	-9.677329
0.099164	-9.816572
0.099269	-9.916995
0.099374	-9.978202
0.099479	-9.999951
0.099583	-9.982155
0.099688	-9.924886
0.099793	-9.828369
0.099898	-9.692986
0.100003	-9.519273
0.100107	-9.307917
0.100212	-9.059753
0.100317	-8.775762
0.100422	-8.457068
0.100527	-8.104932
0.100632	-7.720745
0.100736	-7.306026
0.100841	-6.862416
0.100946	-6.391670
0.101051	-5.895647
0.101156	-5.376311
0.101261	-4.835714
0.101365	-4.275995
0.101470	-3.699367
0.101575	-3.108109
0.101680	-2.504561
0.101785	-1.891109
0.101889	-1.270178
0.101994	-0.644225
0.102099	-0.015724
0.102204	0.612840
0.102309	1.238979
0.102414	1.860220
0.102518	2.474104
0.102623	3.078204
0.102728	3.670132
0.102833	4.247547
0.102938	4.808164
0.103043	5.349769
0.103147	5.870217
0.103252	6.367453
0.103357	6.839508
0.103462	7.284518
0.103567	7.700721
0.103672	8.086471
0.103776	8.440245
0.103881	8.760642
0.103986	9.046395
0.104091	9.296375
0.104196	9.509593
0.104300	9.685206
0.104405	9.822519
0.104510	9.920989
0.104615	9.980228
0.104720	10.000000
