0.000000	10.000000
0.001048	9.980228
0.002096	9.920989
0.003145	9.822519
0.004193	9.685206
0.005241	9.509593
0.006289	9.296375
0.007338	9.046395
0.008386	8.760642
0.009434	8.440245
0.010482	8.086471
0.011531	7.700721
0.012579	7.284518
0.013627	6.839508
0.014675	6.367453
0.015724	5.870217
0.016772	5.349769
0.017820	4.808164
0.018868	4.247547
0.019917	3.670132
0.020965	3.078204
0.022013	2.474104
0.023061	1.860220
0.024110	1.238979
0.025158	0.612840
0.026206	-0.015724
0.027254	-0.644225
0.028303	-1.270178
0.029351	-1.891109
0.030399	-2.504561
0.031447	-3.108109
0.032496	-3.699367
0.033544	-4.275995
0.034592	-4.835714
0.035640	-5.376311
0.036689	-5.895647
0.037737	-6.391670
0.038785	-6.862416
0.039833	-7.306026
0.040882	-7.720745
0.041930	-8.104932
0.042978	-8.457068
0.044026	-8.775762
0.045075	-9.059753
0.046123	-9.307917
0.047171	-9.519273
0.048219	-9.692986
0.049268	-9.828369
0.050316	-9.924886
0.051364	-9.982155
0.052412	-9.999951
0.053461	-9.978202
0.054509	-9.916995
0.055557	-9.816572
0.056605	-9.677329
0.057654	-9.499819
0.058702	-9.284741
0.059750	-9.032948
0.060798	-8.745435
0.061847	-8.423338
0.062895	-8.067931
0.063943	-7.680621
0.064991	-7.262937
0.066039	-6.816533
0.067088	-6.343173
0.068136	-5.844730
0.069184	-5.323173
0.070232	-4.780567
0.071281	-4.219056
0.072329	-3.640861
0.073377	-3.048269
0.074425	-2.443622
0.075474	-1.829312
0.076522	-1.207768
0.077570	-0.581448
0.078618	0.047171
0.079667	0.675604
0.080715	1.301365
0.081763	1.921979
0.082811	2.534994
0.083860	3.137984
0.084908	3.728565
0.085956	4.304401
0.087004	4.863216
0.088053	5.402800
0.089101	5.921019
0.090149	6.415823
0.091197	6.885256
0.092246	7.327462
0.093294	7.740692
0.094342	8.123312
0.095390	8.473808
0.096439	8.790796
0.097487	9.073020
0.098535	9.319366
0.099583	9.528859
0.100632	9.700671
0.101680	9.834121
0.102728	9.928684
0.103776	9.983983
0.104825	9.999802
0.105873	9.976077
0.106921	9.912902
0.107969	9.810528
0.109018	9.669358
0.110066	9.489951
0.111114	9.273016
0.112162	9.019412
0.113211	8.730141
0.114259	8.406347
0.115307	8.049311
0.116355	7.660444
0.117404	7.241285
0.118452	6.793490
0.119500	6.318831
0.120548	5.819184
0.121597	5.296525
0.122645	4.752922
0.123693	4.190524
0.124741	3.611554
0.125789	3.018303
0.126838	2.413116
0.127886	1.798386
0.128934	1.176545
0.129982	0.550051
0.131031	-0.078618
0.132079	-0.706976
0.133127	-1.332538
0.134175	-1.952831
0.135224	-2.565401
0.136272	-3.167827
0.137320	-3.757726
0.138368	-4.332765
0.139417	-4.890670
0.140465	-5.429236
0.141513	-5.946332
0.142561	-6.439913
0.143610	-6.908028
0.144658	-7.348826
0.145706	-7.760563
0.146754	-8.141612
0.147803	-8.490465
0.148851	-8.805742
0.149899	-9.086198
0.150947	-9.330724
0.151996	-9.538351
0.153044	-9.708259
0.154092	-9.839777
0.155140	-9.932384
0.156189	-9.985713
0.157237	-9.999555
0.158285	-9.973854
0.159333	-9.908712
0.160382	-9.804386
0.161430	-9.661290
0.162478	-9.479989
0.163526	-9.261199
0.164575	-9.005787
0.165623	-8.714761
0.166671	-8.389274
0.167719	-8.030612
0.168768	-7.640193
0.169816	-7.219561
0.170864	-6.770380
0.171912	-6.294426
0.172961	-5.793581
0.174009	-5.269825
0.175057	-4.725230
0.176105	-4.161950
0.177154	-3.582212
0.178202	-2.988307
0.179250	-2.382586
0.180298	-1.767443
0.181347	-1.145310
0.182395	-0.518649
0.183443	0.110064
0.184491	0.738341
0.185540	1.363698
0.186588	1.983663
0.187636	2.595784
0.188684	3.197639
0.189732	3.786850
0.190781	4.361086
0.191829	4.918076
0.192877	5.455618
0.193925	5.971586
0.194974	6.463940
0.196022	6.930732
0.197070	7.370117
0.198118	7.780358
0.199167	8.159831
0.200215	8.507037
0.201263	8.820602
0.202311	9.099287
0.203360	9.341989
0.204408	9.547748
0.205456	9.715752
0.206504	9.845335
0.207553	9.935985
0.208601	9.987344
0.209649	9.999209
0.210697	9.971532
0.211746	9.904424
0.212794	9.798148
0.213842	9.653127
0.214890	9.469933
0.215939	9.249290
0.216987	8.992072
0.218035	8.699295
0.219083	8.372117
0.220132	8.011832
0.221180	7.619865
0.222228	7.197766
0.223276	6.747203
0.224325	6.269959
0.225373	5.767920
0.226421	5.243073
0.227469	4.697492
0.228518	4.133335
0.229566	3.552833
0.230614	2.958282
0.231662	2.352032
0.232711	1.736482
0.233759	1.114064
0.234807	0.487241
0.235855	-0.141508
0.236904	-0.769699
0.237952	-1.394845
0.239000	-2.014476
0.240048	-2.626140
0.241097	-3.227420
0.242145	-3.815937
0.243193	-4.389364
0.244241	-4.945433
0.245290	-5.481946
0.246338	-5.996781
0.247386	-6.487902
0.248434	-6.953367
0.249482	-7.391335
0.250531	-7.800075
0.251579	-8.177970
0.252627	-8.523525
0.253675	-8.835374
0.254724	-9.112285
0.255772	-9.353161
0.256820	-9.557051
0.257868	-9.723148
0.258917	-9.850796
0.259965	-9.939489
0.261013	-9.988877
0.262061	-9.998764
0.263110	-9.969112
0.264158	-9.900037
0.265206	-9.791813
0.266254	-9.644869
0.267303	-9.459784
0.268351	-9.237290
0.269399	-8.978269
0.270447	-8.683743
0.271496	-8.354878
0.272544	-7.992974
0.273592	-7.599462
0.274640	-7.175899
0.275689	-6.723959
0.276737	-6.245429
0.277785	-5.742203
0.278833	-5.216269
0.279882	-4.669707
0.280930	-4.104680
0.281978	-3.523420
0.283026	-2.928228
0.284075	-2.321456
0.285123	-1.705504
0.286171	-1.082807
0.287219	-0.455829
0.288268	0.172952
0.289316	0.801049
0.290364	1.425978
0.291412	2.045268
0.292461	2.656471
0.293509	3.257168
0.294557	3.844985
0.295605	4.417598
0.296654	4.972741
0.297702	5.508220
0.298750	6.021917
0.299798	6.511800
0.300847	6.975933
0.301895	7.412480
0.302943	7.819715
0.303991	8.196027
0.305040	8.539929
0.306088	8.850059
0.307136	9.125193
0.308184	9.364242
0.309233	9.566260
0.310281	9.730449
0.311329	9.856159
0.312377	9.942894
0.313425	9.990310
0.314474	9.998220
0.315522	9.966593
0.316570	9.895553
0.317618	9.785382
0.318667	9.636515
0.319715	9.449541
0.320763	9.225199
0.321811	8.964377
0.322860	8.668105
0.323908	8.337556
0.324956	7.974037
0.326004	7.578985
0.327053	7.153962
0.328101	6.700649
0.329149	6.220839
0.330197	5.716428
0.331246	5.189413
0.332294	4.641876
0.333342	4.075983
0.334390	3.493972
0.335439	2.898144
0.336487	2.290856
0.337535	1.674509
0.338583	1.051539
0.339632	0.424412
0.340680	-0.204394
0.341728	-0.832391
0.342776	-1.457097
0.343825	-2.076041
0.344873	-2.686775
0.345921	-3.286885
0.346969	-3.873996
0.348018	-4.445788
0.349066	-5.000000
0.350114	-5.534439
0.351162	-6.046993
0.352211	-6.535634
0.353259	-6.998431
0.354307	-7.433552
0.355355	-7.839278
0.356404	-8.214004
0.357452	-8.556248
0.358500	-8.864657
0.359548	-9.138011
0.360597	-9.375229
0.361645	-9.575374
0.362693	-9.737653
0.363741	-9.861425
0.364790	-9.946201
0.365838	-9.991645
0.366886	-9.997577
0.367934	-9.963975
0.368983	-9.890971
0.370031	-9.778853
0.371079	-9.628065
0.372127	-9.439204
0.373176	-9.213016
0.374224	-8.950396
0.375272	-8.652381
0.376320	-8.320152
0.377368	-7.955021
0.378417	-7.558432
0.379465	-7.131953
0.380513	-6.677272
0.381561	-6.196186
0.382610	-5.690597
0.383658	-5.162506
0.384706	-4.613999
0.385754	-4.047247
0.386803	-3.464490
0.387851	-2.868032
0.388899	-2.260234
0.389947	-1.643497
0.390996	-1.020261
0.392044	-0.392991
0.393092	0.235833
0.394140	0.863725
0.395189	1.488201
0.396237	2.106793
0.397285	2.717053
0.398333	3.316568
0.399382	3.902969
0.400430	4.473935
0.401478	5.027209
0.402526	5.560604
0.403575	6.072009
0.404623	6.559404
0.405671	7.020859
0.406719	7.454550
0.407768	7.858763
0.408816	8.231899
0.409864	8.572483
0.410912	8.879167
0.411961	9.150738
0.413009	9.386124
0.414057	9.584393
0.415105	9.744761
0.416154	9.866593
0.417202	9.949409
0.418250	9.992880
0.419298	9.996836
0.420347	9.961259
0.421395	9.886291
0.422443	9.772228
0.423491	9.619521
0.424540	9.428774
0.425588	9.200742
0.426636	8.936326
0.427684	8.636572
0.428733	8.302665
0.429781	7.935926
0.430829	7.537804
0.431877	7.109875
0.432926	6.653830
0.433974	6.171472
0.435022	5.664710
0.436070	5.135547
0.437118	4.586076
0.438167	4.018470
0.439215	3.434973
0.440263	2.837892
0.441311	2.229589
0.442360	1.612469
0.443408	0.988973
0.444456	0.361566
0.445504	-0.267271
0.446553	-0.895051
0.447601	-1.519291
0.448649	-2.137524
0.449697	-2.747304
0.450746	-3.346219
0.451794	-3.931903
0.452842	-4.502037
0.453890	-5.054369
0.454939	-5.586714
0.455987	-6.096966
0.457035	-6.583108
0.458083	-7.043217
0.459132	-7.475475
0.460180	-7.878171
0.461228	-8.249713
0.462276	-8.588633
0.463325	-8.893589
0.464373	-9.163375
0.465421	-9.396926
0.466469	-9.593317
0.467518	-9.751772
0.468566	-9.871664
0.469614	-9.952519
0.470662	-9.994018
0.471711	-9.995995
0.472759	-9.958444
0.473807	-9.881513
0.474855	-9.765506
0.475904	-9.610881
0.476952	-9.418251
0.478000	-9.188378
0.479048	-8.922169
0.480097	-8.620678
0.481145	-8.285096
0.482193	-7.916752
0.483241	-7.517102
0.484290	-7.087726
0.485338	-6.630321
0.486386	-6.146698
0.487434	-5.638767
0.488483	-5.108538
0.489531	-4.558108
0.490579	-3.989654
0.491627	-3.405422
0.492676	-2.807723
0.493724	-2.198922
0.494772	-1.581425
0.495820	-0.957675
0.496869	-0.330137
0.497917	0.298706
0.498965	0.926367
0.500013	1.550366
0.501061	2.168234
0.502110	2.777527
0.503158	3.375837
0.504206	3.960798
0.505254	4.530095
0.506303	5.081479
0.507351	5.612768
0.508399	6.121862
0.509447	6.606747
0.510496	7.065506
0.511544	7.496326
0.512592	7.897501
0.513640	8.267446
0.514689	8.604698
0.515737	8.907923
0.516785	9.175922
0.517833	9.407635
0.518882	9.602147
0.519930	9.758687
0.520978	9.876637
0.522026	9.955531
0.523075	9.995056
0.524123	9.995056
0.525171	9.955531
0.526219	9.876637
0.527268	9.758687
0.528316	9.602147
0.529364	9.407635
0.530412	9.175922
0.531461	8.907923
0.532509	8.604698
0.533557	8.267446
0.534605	7.897501
0.535654	7.496326
0.536702	7.065506
0.537750	6.606747
0.538798	6.121862
0.539847	5.612768
0.540895	5.081479
0.541943	4.530095
0.542991	3.960798
0.544040	3.375837
0.545088	2.777527
0.546136	2.168234
0.547184	1.550366
0.548233	0.926367
0.549281	0.298706
0.550329	-0.330137
0.551377	-0.957675
0.552426	-1.581425
0.553474	-2.198922
0.554522	-2.807723
0.555570	-3.405422
0.556619	-3.989654
0.557667	-4.558108
0.558715	-5.108538
0.559763	-5.638767
0.560812	-6.146698
0.561860	-6.630321
0.562908	-7.087726
0.563956	-7.517102
0.565004	-7.916752
0.566053	-8.285096
0.567101	-8.620678
0.568149	-8.922169
0.569197	-9.188378
0.570246	-9.418251
0.571294	-9.610881
0.572342	-9.765506
0.573390	-9.881513
0.574439	-9.958444
0.575487	-9.995995
0.576535	-9.994018
0.577583	-9.952519
0.578632	-9.871664
0.579680	-9.751772
0.580728	-9.593317
0.581776	-9.396926
0.582825	-9.163375
0.583873	-8.893589
0.584921	-8.588633
0.585969	-8.249713
0.587018	-7.878171
0.588066	-7.475475
0.589114	-7.043217
0.590162	-6.583108
0.591211	-6.096966
0.592259	-5.586714
0.593307	-5.054369
0.594355	-4.502037
0.595404	-3.931903
0.596452	-3.346219
0.597500	-2.747304
0.598548	-2.137524
0.599597	-1.519291
0.600645	-0.895051
0.601693	-0.267271
0.602741	0.361566
0.603790	0.988973
0.604838	1.612469
0.605886	2.229589
0.606934	2.837892
0.607983	3.434973
0.609031	4.018470
0.610079	4.586076
0.611127	5.135547
0.612176	5.664710
0.613224	6.171472
0.614272	6.653830
0.615320	7.109875
0.616369	7.537804
0.617417	7.935926
0.618465	8.302665
0.619513	8.636572
0.620562	8.936326
0.621610	9.200742
0.622658	9.428774
0.623706	9.619521
0.624754	9.772228
0.625803	9.886291
0.626851	9.961259
0.627899	9.996836
0.628947	9.992880
0.629996	9.949409
0.631044	9.866593
0.632092	9.744761
0.633140	9.584393
0.634189	9.386124
0.635237	9.150738
0.636285	8.879167
0.637333	8.572483
0.638382	8.231899
0.639430	7.858763
0.640478	7.454550
0.641526	7.020859
0.642575	6.559404
0.643623	6.072009
0.644671	5.560604
0.645719	5.027209
0.646768	4.473935
0.647816	3.902969
0.648864	3.316568
0.649912	2.717053
0.650961	2.106793
0.652009	1.488201
0.653057	0.863725
0.654105	0.235833
0.655154	-0.392991
0.656202	-1.020261
0.657250	-1.643497
0.658298	-2.260234
0.659347	-2.868032
0.660395	-3.464490
0.661443	-4.047247
0.662491	-4.613999
0.663540	-5.162506
0.664588	-5.690597
0.665636	-6.196186
0.666684	-6.677272
0.667733	-7.131953
0.668781	-7.558432
0.669829	-7.955021
0.670877	-8.320152
0.671926	-8.652381
0.672974	-8.950396
0.674022	-9.213016
0.675070	-9.439204
0.676119	-9.628065
0.677167	-9.778853
0.678215	-9.890971
0.679263	-9.963975
0.680312	-9.997577
0.681360	-9.991645
0.682408	-9.946201
0.683456	-9.861425
0.684505	-9.737653
0.685553	-9.575374
0.686601	-9.375229
0.687649	-9.138011
0.688697	-8.864657
0.689746	-8.556248
0.690794	-8.214004
0.691842	-7.839278
0.692890	-7.433552
0.693939	-6.998431
0.694987	-6.535634
0.696035	-6.046993
0.697083	-5.534439
0.698132	-5.000000
0.699180	-4.445788
0.700228	-3.873996
0.701276	-3.286885
0.702325	-2.686775
0.703373	-2.076041
0.704421	-1.457097
0.705469	-0.832391
0.706518	-0.204394
0.707566	0.424412
0.708614	1.051539
0.709662	1.674509
0.710711	2.290856
0.711759	2.898144
0.712807	3.493972
0.713855	4.075983
0.714904	4.641876
0.715952	5.189413
0.717000	5.716428
0.718048	6.220839
0.719097	6.700649
0.720145	7.153962
0.721193	7.578985
0.722241	7.974037
0.723290	8.337556
0.724338	8.668105
0.725386	8.964377
0.726434	9.225199
0.727483	9.449541
0.728531	9.636515
0.729579	9.785382
0.730627	9.895553
0.731676	9.966593
0.732724	9.998220
0.733772	9.990310
0.734820	9.942894
0.735869	9.856159
0.736917	9.730449
0.737965	9.566260
0.739013	9.364242
0.740062	9.125193
0.741110	8.850059
0.742158	8.539929
0.743206	8.196027
0.744255	7.819715
0.745303	7.412480
0.746351	6.975933
0.747399	6.511800
0.748447	6.021917
0.749496	5.508220
0.750544	4.972741
0.751592	4.417598
0.752640	3.844985
0.753689	3.257168
0.754737	2.656471
0.755785	2.045268
0.756833	1.425978
0.757882	0.801049
0.758930	0.172952
0.759978	-0.455829
0.761026	-1.082807
0.762075	-1.705504
0.763123	-2.321456
0.764171	-2.928228
0.765219	-3.523420
0.766268	-4.104680
0.767316	-4.669707
0.768364	-5.216269
0.769412	-5.742203
0.770461	-6.245429
0.771509	-6.723959
0.772557	-7.175899
0.773605	-7.599462
0.774654	-7.992974
0.775702	-8.354878
0.776750	-8.683743
0.777798	-8.978269
0.778847	-9.237290
0.779895	-9.459784
0.780943	-9.644869
0.781991	-9.791813
0.783040	-9.900037
0.784088	-9.969112
0.785136	-9.998764
0.786184	-9.988877
0.787233	-9.939489
0.788281	-9.850796
0.789329	-9.723148
0.790377	-9.557051
0.791426	-9.353161
0.792474	-9.112285
0.793522	-8.835374
0.794570	-8.523525
0.795619	-8.177970
0.796667	-7.800075
0.797715	-7.391335
0.798763	-6.953367
0.799812	-6.487902
0.800860	-5.996781
0.801908	-5.481946
0.802956	-4.945433
0.804005	-4.389364
0.805053	-3.815937
0.806101	-3.227420
0.807149	-2.626140
0.808198	-2.014476
0.809246	-1.394845
0.810294	-0.769699
0.811342	-0.141508
0.812390	0.487241
0.813439	1.114064
0.814487	1.736482
0.815535	2.352032
0.816583	2.958282
0.817632	3.552833
0.818680	4.133335
0.819728	4.697492
0.820776	5.243073
0.821825	5.767920
0.822873	6.269959
0.823921	6.747203
0.824969	7.197766
0.826018	7.619865
0.827066	8.011832
0.828114	8.372117
0.829162	8.699295
0.830211	8.992072
0.831259	9.249290
0.832307	9.469933
0.833355	9.653127
0.834404	9.798148
0.835452	9.904424
0.836500	9.971532
0.837548	9.999209
0.838597	9.987344
0.839645	9.935985
0.840693	9.845335
0.841741	9.715752
0.842790	9.547748
0.843838	9.341989
0.844886	9.099287
0.845934	8.820602
0.846983	8.507037
0.848031	8.159831
0.849079	7.780358
0.850127	7.370117
0.851176	6.930732
0.852224	6.463940
0.853272	5.971586
0.854320	5.455618
0.855369	4.918076
0.856417	4.361086
0.857465	3.786850
0.858513	3.197639
0.859562	2.595784
0.860610	1.983663
0.861658	1.363698
0.862706	0.738341
0.863755	0.110064
0.864803	-0.518649
0.865851	-1.145310
0.866899	-1.767443
0.867948	-2.382586
0.868996	-2.988307
0.870044	-3.582212
0.871092	-4.161950
0.872141	-4.725230
0.873189	-5.269825
0.874237	-5.793581
0.875285	-6.294426
0.876333	-6.770380
0.877382	-7.219561
0.878430	-7.640193
0.879478	-8.030612
0.880526	-8.389274
0.881575	-8.714761
0.882623	-9.005787
0.883671	-9.261199
0.884719	-9.479989
0.885768	-9.661290
0.886816	-9.804386
0.887864	-9.908712
0.888912	-9.973854
0.889961	-9.999555
0.891009	-9.985713
0.892057	-9.932384
0.893105	-9.839777
0.894154	-9.708259
0.895202	-9.538351
0.896250	-9.330724
0.897298	-9.086198
0.898347	-8.805742
0.899395	-8.490465
0.900443	-8.141612
0.901491	-7.760563
0.902540	-7.348826
0.903588	-6.908028
0.904636	-6.439913
0.905684	-5.946332
0.906733	-5.429236
0.907781	-4.890670
0.908829	-4.332765
0.909877	-3.757726
0.910926	-3.167827
0.911974	-2.565401
0.913022	-1.952831
0.914070	-1.332538
0.915119	-0.706976
0.916167	-0.078618
0.917215	0.550051
0.918263	1.176545
0.919312	1.798386
0.920360	2.413116
0.921408	3.018303
0.922456	3.611554
0.923505	4.190524
0.924553	4.752922
0.925601	5.296525
0.926649	5.819184
0.927698	6.318831
0.928746	6.793490
0.929794	7.241285
0.930842	7.660444
0.931891	8.049311
0.932939	8.406347
0.933987	8.730141
0.935035	9.019412
0.936083	9.273016
0.937132	9.489951
0.938180	9.669358
0.939228	9.810528
0.940276	9.912902
0.941325	9.976077
0.942373	9.999802
0.943421	9.983983
0.944469	9.928684
0.945518	9.834121
0.946566	9.700671
0.947614	9.528859
0.948662	9.319366
0.949711	9.073020
0.950759	8.790796
0.951807	8.473808
0.952855	8.123312
0.953904	7.740692
0.954952	7.327462
0.956000	6.885256
0.957048	6.415823
0.958097	5.921019
0.959145	5.402800
0.960193	4.863216
0.961241	4.304401
0.962290	3.728565
0.963338	3.137984
0.964386	2.534994
0.965434	1.921979
0.966483	1.301365
0.967531	0.675604
0.968579	0.047171
0.969627	-0.581448
0.970676	-1.207768
0.971724	-1.829312
0.972772	-2.443622
0.973820	-3.048269
0.974869	-3.640861
0.975917	-4.219056
0.976965	-4.780567
0.978013	-5.323173
0.979062	-5.844730
0.980110	-6.343173
0.981158	-6.816533
0.982206	-7.262937
0.983255	-7.680621
0.984303	-8.067931
0.985351	-8.423338
0.986399	-8.745435
0.987448	-9.032948
0.988496	-9.284741
0.989544	-9.499819
0.990592	-9.677329
0.991641	-9.816572
0.992689	-9.916995
0.993737	-9.978202
0.994785	-9.999951
0.995834	-9.982155
0.996882	-9.924886
0.997930	-9.828369
0.998978	-9.692986
1.000026	-9.519273
1.001075	-9.307917
1.002123	-9.059753
1.003171	-8.775762
1.004219	-8.457068
1.005268	-8.104932
1.006316	-7.720745
1.007364	-7.306026
1.008412	-6.862416
1.009461	-6.391670
1.010509	-5.895647
1.011557	-5.376311
1.012605	-4.835714
1.013654	-4.275995
1.014702	-3.699367
1.015750	-3.108109
1.016798	-2.504561
1.017847	-1.891109
1.018895	-1.270178
1.019943	-0.644225
1.020991	-0.015724
1.022040	0.612840
1.023088	1.238979
1.024136	1.860220
1.025184	2.474104
1.026233	3.078204
1.027281	3.670132
1.028329	4.247547
1.029377	4.808164
1.030426	5.349769
1.031474	5.870217
1.032522	6.367453
1.033570	6.839508
1.034619	7.284518
1.035667	7.700721
1.036715	8.086471
1.037763	8.440245
1.038812	8.760642
1.039860	9.046395
1.040908	9.296375
1.041956	9.509593
1.043005	9.685206
1.044053	9.822519
1.045101	9.920989
1.046149	9.980228
1.047198	10.000000
