0.000000	10.000000
0.010482	9.980228
0.020965	9.920989
0.031447	9.822519
0.041930	9.685206
0.052412	9.509593
0.062895	9.296375
0.073377	9.046395
0.083860	8.760642
0.094342	8.440245
0.104825	8.086471
0.115307	7.700721
0.125789	7.284518
0.136272	6.839508
0.146754	6.367453
0.157237	5.870217
0.167719	5.349769
0.178202	4.808164
0.188684	4.247547
0.199167	3.670132
0.209649	3.078204
0.220132	2.474104
0.230614	1.860220
0.241097	1.238979
0.251579	0.612840
0.262061	-0.015724
0.272544	-0.644225
0.283026	-1.270178
0.293509	-1.891109
0.303991	-2.504561
0.314474	-3.108109
0.324956	-3.699367
0.335439	-4.275995
0.345921	-4.835714
0.356404	-5.376311
0.366886	-5.895647
0.377368	-6.391670
0.387851	-6.862416
0.398333	-7.306026
0.408816	-7.720745
0.419298	-8.104932
0.429781	-8.457068
0.440263	-8.775762
0.450746	-9.059753
0.461228	-9.307917
0.471711	-9.519273
0.482193	-9.692986
0.492676	-9.828369
0.503158	-9.924886
0.513640	-9.982155
0.524123	-9.999951
0.534605	-9.978202
0.545088	-9.916995
0.555570	-9.816572
0.566053	-9.677329
0.576535	-9.499819
0.587018	-9.284741
0.597500	-9.032948
0.607983	-8.745435
0.618465	-8.423338
0.628947	-8.067931
0.639430	-7.680621
0.649912	-7.262937
0.660395	-6.816533
0.670877	-6.343173
0.681360	-5.844730
0.691842	-5.323173
0.702325	-4.780567
0.712807	-4.219056
0.723290	-3.640861
0.733772	-3.048269
0.744255	-2.443622
0.754737	-1.829312
0.765219	-1.207768
0.775702	-0.581448
0.786184	0.047171
0.796667	0.675604
0.807149	1.301365
0.817632	1.921979
0.828114	2.534994
0.838597	3.137984
0.849079	3.728565
0.859562	4.304401
0.870044	4.863216
0.880526	5.402800
0.891009	5.921019
0.901491	6.415823
0.911974	6.885256
0.922456	7.327462
0.932939	7.740692
0.943421	8.123312
0.953904	8.473808
0.964386	8.790796
0.974869	9.073020
0.985351	9.319366
0.995834	9.528859
1.006316	9.700671
1.016798	9.834121
1.027281	9.928684
1.037763	9.983983
1.048246	9.999802
1.058728	9.976077
1.069211	9.912902
1.079693	9.810528
1.090176	9.669358
1.100658	9.489951
1.111141	9.273016
1.121623	9.019412
1.132105	8.730141
1.142588	8.406347
1.153070	8.049311
1.163553	7.660444
1.174035	7.241285
1.184518	6.793490
1.195000	6.318831
1.205483	5.819184
1.215965	5.296525
1.226448	4.752922
1.236930	4.190524
1.247412	3.611554
1.257895	3.018303
1.268377	2.413116
1.278860	1.798386
1.289342	1.176545
1.299825	0.550051
1.310307	-0.078618
1.320790	-0.706976
1.331272	-1.332538
1.341755	-1.952831
1.352237	-2.565401
1.362720	-3.167827
1.373202	-3.757726
1.383684	-4.332765
1.394167	-4.890670
1.404649	-5.429236
1.415132	-5.946332
1.425614	-6.439913
1.436097	-6.908028
1.446579	-7.348826
1.457062	-7.760563
1.467544	-8.141612
1.478027	-8.490465
1.488509	-8.805742
1.498991	-9.086198
1.509474	-9.330724
1.519956	-9.538351
1.530439	-9.708259
1.540921	-9.839777
1.551404	-9.932384
1.561886	-9.985713
1.572369	-9.999555
1.582851	-9.973854
1.593334	-9.908712
1.603816	-9.804386
1.614299	-9.661290
1.624781	-9.479989
1.635263	-9.261199
1.645746	-9.005787
1.656228	-8.714761
1.666711	-8.389274
1.677193	-8.030612
1.687676	-7.640193
1.698158	-7.219561
1.708641	-6.770380
1.719123	-6.294426
1.729606	-5.793581
1.740088	-5.269825
1.750570	-4.725230
1.761053	-4.161950
1.771535	-3.582212
1.782018	-2.988307
1.792500	-2.382586
1.802983	-1.767443
1.813465	-1.145310
1.823948	-0.518649
1.834430	0.110064
1.844913	0.738341
1.855395	1.363698
1.865878	1.983663
1.876360	2.595784
1.886842	3.197639
1.897325	3.786850
1.907807	4.361086
1.918290	4.918076
1.928772	5.455618
1.939255	5.971586
1.949737	6.463940
1.960220	6.930732
1.970702	7.370117
1.981185	7.780358
1.991667	8.159831
2.002149	8.507037
2.012632	8.820602
2.023114	9.099287
2.033597	9.341989
2.044079	9.547748
2.054562	9.715752
2.065044	9.845335
2.075527	9.935985
2.086009	9.987344
2.096492	9.999209
2.106974	9.971532
2.117457	9.904424
2.127939	9.798148
2.138421	9.653127
2.148904	9.469933
2.159386	9.249290
2.169869	8.992072
2.180351	8.699295
2.190834	8.372117
2.201316	8.011832
2.211799	7.619865
2.222281	7.197766
2.232764	6.747203
2.243246	6.269959
2.253728	5.767920
2.264211	5.243073
2.274693	4.697492
2.285176	4.133335
2.295658	3.552833
2.306141	2.958282
2.316623	2.352032
2.327106	1.736482
2.337588	1.114064
2.348071	0.487241
2.358553	-0.141508
2.369036	-0.769699
2.379518	-1.394845
2.390000	-2.014476
2.400483	-2.626140
2.410965	-3.227420
2.421448	-3.815937
2.431930	-4.389364
2.442413	-4.945433
2.452895	-5.481946
2.463378	-5.996781
2.473860	-6.487902
2.484343	-6.953367
2.494825	-7.391335
2.505307	-7.800075
2.515790	-8.177970
2.526272	-8.523525
2.536755	-8.835374
2.547237	-9.112285
2.557720	-9.353161
2.568202	-9.557051
2.578685	-9.723148
2.589167	-9.850796
2.599650	-9.939489
2.610132	-9.988877
2.620614	-9.998764
2.631097	-9.969112
2.641579	-9.900037
2.652062	-9.791813
2.662544	-9.644869
2.673027	-9.459784
2.683509	-9.237290
2.693992	-8.978269
2.704474	-8.683743
2.714957	-8.354878
2.725439	-7.992974
2.735922	-7.599462
2.746404	-7.175899
2.756886	-6.723959
2.767369	-6.245429
2.777851	-5.742203
2.788334	-5.216269
2.798816	-4.669707
2.809299	-4.104680
2.819781	-3.523420
2.830264	-2.928228
2.840746	-2.321456
2.851229	-1.705504
2.861711	-1.082807
2.872193	-0.455829
2.882676	0.172952
2.893158	0.801049
2.903641	1.425978
2.914123	2.045268
2.924606	2.656471
2.935088	3.257168
2.945571	3.844985
2.956053	4.417598
2.966536	4.972741
2.977018	5.508220
2.987501	6.021917
2.997983	6.511800
3.008465	6.975933
3.018948	7.412480
3.029430	7.819715
3.039913	8.196027
3.050395	8.539929
3.060878	8.850059
3.071360	9.125193
3.081843	9.364242
3.092325	9.566260
3.102808	9.730449
3.113290	9.856159
3.123772	9.942894
3.134255	9.990310
3.144737	9.998220
3.155220	9.966593
3.165702	9.895553
3.176185	9.785382
3.186667	9.636515
3.197150	9.449541
3.207632	9.225199
3.218115	8.964377
3.228597	8.668105
3.239080	8.337556
3.249562	7.974037
3.260044	7.578985
3.270527	7.153962
3.281009	6.700649
3.291492	6.220839
3.301974	5.716428
3.312457	5.189413
3.322939	4.641876
3.333422	4.075983
3.343904	3.493972
3.354387	2.898144
3.364869	2.290856
3.375351	1.674509
3.385834	1.051539
3.396316	0.424412
3.406799	-0.204394
3.417281	-0.832391
3.427764	-1.457097
3.438246	-2.076041
3.448729	-2.686775
3.459211	-3.286885
3.469694	-3.873996
3.480176	-4.445788
3.490659	-5.000000
3.501141	-5.534439
3.511623	-6.046993
3.522106	-6.535634
3.532588	-6.998431
3.543071	-7.433552
3.553553	-7.839278
3.564036	-8.214004
3.574518	-8.556248
3.585001	-8.864657
3.595483	-9.138011
3.605966	-9.375229
3.616448	-9.575374
3.626930	-9.737653
3.637413	-9.861425
3.647895	-9.946201
3.658378	-9.991645
3.668860	-9.997577
3.679343	-9.963975
3.689825	-9.890971
3.700308	-9.778853
3.710790	-9.628065
3.721273	-9.439204
3.731755	-9.213016
3.742237	-8.950396
3.752720	-8.652381
3.763202	-8.320152
3.773685	-7.955021
3.784167	-7.558432
3.794650	-7.131953
3.805132	-6.677272
3.815615	-6.196186
3.826097	-5.690597
3.836580	-5.162506
3.847062	-4.613999
3.857545	-4.047247
3.868027	-3.464490
3.878509	-2.868032
3.888992	-2.260234
3.899474	-1.643497
3.909957	-1.020261
3.920439	-0.392991
3.930922	0.235833
3.941404	0.863725
3.951887	1.488201
3.962369	2.106793
3.972852	2.717053
3.983334	3.316568
3.993816	3.902969
4.004299	4.473935
4.014781	5.027209
4.025264	5.560604
4.035746	6.072009
4.046229	6.559404
4.056711	7.020859
4.067194	7.454550
4.077676	7.858763
4.088159	8.231899
4.098641	8.572483
4.109124	8.879167
4.119606	9.150738
4.130088	9.386124
4.140571	9.584393
4.151053	9.744761
4.161536	9.866593
4.172018	9.949409
4.182501	9.992880
4.192983	9.996836
4.203466	9.961259
4.213948	9.886291
4.224431	9.772228
4.234913	9.619521
4.245395	9.428774
4.255878	9.200742
4.266360	8.936326
4.276843	8.636572
4.287325	8.302665
4.297808	7.935926
4.308290	7.537804
4.318773	7.109875
4.329255	6.653830
4.339738	6.171472
4.350220	5.664710
4.360703	5.135547
4.371185	4.586076
4.381667	4.018470
4.392150	3.434973
4.402632	2.837892
4.413115	2.229589
4.423597	1.612469
4.434080	0.988973
4.444562	0.361566
4.455045	-0.267271
4.465527	-0.895051
4.476010	-1.519291
4.486492	-2.137524
4.496974	-2.747304
4.507457	-3.346219
4.517939	-3.931903
4.528422	-4.502037
4.538904	-5.054369
4.549387	-5.586714
4.559869	-6.096966
4.570352	-6.583108
4.580834	-7.043217
4.591317	-7.475475
4.601799	-7.878171
4.612282	-8.249713
4.622764	-8.588633
4.633246	-8.893589
4.643729	-9.163375
4.654211	-9.396926
4.664694	-9.593317
4.675176	-9.751772
4.685659	-9.871664
4.696141	-9.952519
4.706624	-9.994018
4.717106	-9.995995
4.727589	-9.958444
4.738071	-9.881513
4.748553	-9.765506
4.759036	-9.610881
4.769518	-9.418251
4.780001	-9.188378
4.790483	-8.922169
4.800966	-8.620678
4.811448	-8.285096
4.821931	-7.916752
4.832413	-7.517102
4.842896	-7.087726
4.853378	-6.630321
4.863860	-6.146698
4.874343	-5.638767
4.884825	-5.108538
4.895308	-4.558108
4.905790	-3.989654
4.916273	-3.405422
4.926755	-2.807723
4.937238	-2.198922
4.947720	-1.581425
4.958203	-0.957675
4.968685	-0.330137
4.979168	0.298706
4.989650	0.926367
5.000132	1.550366
5.010615	2.168234
5.021097	2.777527
5.031580	3.375837
5.042062	3.960798
5.052545	4.530095
5.063027	5.081479
5.073510	5.612768
5.083992	6.121862
5.094475	6.606747
5.104957	7.065506
5.115439	7.496326
5.125922	7.897501
5.136404	8.267446
5.146887	8.604698
5.157369	8.907923
5.167852	9.175922
5.178334	9.407635
5.188817	9.602147
5.199299	9.758687
5.209782	9.876637
5.220264	9.955531
5.230747	9.995056
5.241229	9.995056
5.251711	9.955531
5.262194	9.876637
5.272676	9.758687
5.283159	9.602147
5.293641	9.407635
5.304124	9.175922
5.314606	8.907923
5.325089	8.604698
5.335571	8.267446
5.346054	7.897501
5.356536	7.496326
5.367018	7.065506
5.377501	6.606747
5.387983	6.121862
5.398466	5.612768
5.408948	5.081479
5.419431	4.530095
5.429913	3.960798
5.440396	3.375837
5.450878	2.777527
5.461361	2.168234
5.471843	1.550366
5.482326	0.926367
5.492808	0.298706
5.503290	-0.330137
5.513773	-0.957675
5.524255	-1.581425
5.534738	-2.198922
5.545220	-2.807723
5.555703	-3.405422
5.566185	-3.989654
5.576668	-4.558108
5.587150	-5.108538
5.597633	-5.638767
5.608115	-6.146698
5.618597	-6.630321
5.629080	-7.087726
5.639562	-7.517102
5.650045	-7.916752
5.660527	-8.285096
5.671010	-8.620678
5.681492	-8.922169
5.691975	-9.188378
5.702457	-9.418251
5.712940	-9.610881
5.723422	-9.765506
5.733905	-9.881513
5.744387	-9.958444
5.754869	-9.995995
5.765352	-9.994018
5.775834	-9.952519
5.786317	-9.871664
5.796799	-9.751772
5.807282	-9.593317
5.817764	-9.396926
5.828247	-9.163375
5.838729	-8.893589
5.849212	-8.588633
5.859694	-8.249713
5.870176	-7.878171
5.880659	-7.475475
5.891141	-7.043217
5.901624	-6.583108
5.912106	-6.096966
5.922589	-5.586714
5.933071	-5.054369
5.943554	-4.502037
5.954036	-3.931903
5.964519	-3.346219
5.975001	-2.747304
5.985484	-2.137524
5.995966	-1.519291
6.006448	-0.895051
6.016931	-0.267271
6.027413	0.361566
6.037896	0.988973
6.048378	1.612469
6.058861	2.229589
6.069343	2.837892
6.079826	3.434973
6.090308	4.018470
6.100791	4.586076
6.111273	5.135547
6.121755	5.664710
6.132238	6.171472
6.142720	6.653830
6.153203	7.109875
6.163685	7.537804
6.174168	7.935926
6.184650	8.302665
6.195133	8.636572
6.205615	8.936326
6.216098	9.200742
6.226580	9.428774
6.237062	9.619521
6.247545	9.772228
6.258027	9.886291
6.268510	9.961259
6.278992	9.996836
6.289475	9.992880
6.299957	9.949409
6.310440	9.866593
6.320922	9.744761
6.331405	9.584393
6.341887	9.386124
6.352370	9.150738
6.362852	8.879167
6.373334	8.572483
6.383817	8.231899
6.394299	7.858763
6.404782	7.454550
6.415264	7.020859
6.425747	6.559404
6.436229	6.072009
6.446712	5.560604
6.457194	5.027209
6.467677	4.473935
6.478159	3.902969
6.488641	3.316568
6.499124	2.717053
6.509606	2.106793
6.520089	1.488201
6.530571	0.863725
6.541054	0.235833
6.551536	-0.392991
6.562019	-1.020261
6.572501	-1.643497
6.582984	-2.260234
6.593466	-2.868032
6.603949	-3.464490
6.614431	-4.047247
6.624913	-4.613999
6.635396	-5.162506
6.645878	-5.690597
6.656361	-6.196186
6.666843	-6.677272
6.677326	-7.131953
6.687808	-7.558432
6.698291	-7.955021
6.708773	-8.320152
6.719256	-8.652381
6.729738	-8.950396
6.740220	-9.213016
6.750703	-9.439204
6.761185	-9.628065
6.771668	-9.778853
6.782150	-9.890971
6.792633	-9.963975
6.803115	-9.997577
6.813598	-9.991645
6.824080	-9.946201
6.834563	-9.861425
6.845045	-9.737653
6.855528	-9.575374
6.866010	-9.375229
6.876492	-9.138011
6.886975	-8.864657
6.897457	-8.556248
6.907940	-8.214004
6.918422	-7.839278
6.928905	-7.433552
6.939387	-6.998431
6.949870	-6.535634
6.960352	-6.046993
6.970835	-5.534439
6.981317	-5.000000
6.991799	-4.445788
7.002282	-3.873996
7.012764	-3.286885
7.023247	-2.686775
7.033729	-2.076041
7.044212	-1.457097
7.054694	-0.832391
7.065177	-0.204394
7.075659	0.424412
7.086142	1.051539
7.096624	1.674509
7.107107	2.290856
7.117589	2.898144
7.128071	3.493972
7.138554	4.075983
7.149036	4.641876
7.159519	5.189413
7.170001	5.716428
7.180484	6.220839
7.190966	6.700649
7.201449	7.153962
7.211931	7.578985
7.222414	7.974037
7.232896	8.337556
7.243378	8.668105
7.253861	8.964377
7.264343	9.225199
7.274826	9.449541
7.285308	9.636515
7.295791	9.785382
7.306273	9.895553
7.316756	9.966593
7.327238	9.998220
7.337721	9.990310
7.348203	9.942894
7.358685	9.856159
7.369168	9.730449
7.379650	9.566260
7.390133	9.364242
7.400615	9.125193
7.411098	8.850059
7.421580	8.539929
7.432063	8.196027
7.442545	7.819715
7.453028	7.412480
7.463510	6.975933
7.473993	6.511800
7.484475	6.021917
7.494957	5.508220
7.505440	4.972741
7.515922	4.417598
7.526405	3.844985
7.536887	3.257168
7.547370	2.656471
7.557852	2.045268
7.568335	1.425978
7.578817	0.801049
7.589300	0.172952
7.599782	-0.455829
7.610264	-1.082807
7.620747	-1.705504
7.631229	-2.321456
7.641712	-2.928228
7.652194	-3.523420
7.662677	-4.104680
7.673159	-4.669707
7.683642	-5.216269
7.694124	-5.742203
7.704607	-6.245429
7.715089	-6.723959
7.725572	-7.175899
7.736054	-7.599462
7.746536	-7.992974
7.757019	-8.354878
7.767501	-8.683743
7.777984	-8.978269
7.788466	-9.237290
7.798949	-9.459784
7.809431	-9.644869
7.819914	-9.791813
7.830396	-9.900037
7.840879	-9.969112
7.851361	-9.998764
7.861843	-9.988877
7.872326	-9.939489
7.882808	-9.850796
7.893291	-9.723148
7.903773	-9.557051
7.914256	-9.353161
7.924738	-9.112285
7.935221	-8.835374
7.945703	-8.523525
7.956186	-8.177970
7.966668	-7.800075
7.977151	-7.391335
7.987633	-6.953367
7.998115	-6.487902
8.008598	-5.996781
8.019080	-5.481946
8.029563	-4.945433
8.040045	-4.389364
8.050528	-3.815937
8.061010	-3.227420
8.071493	-2.626140
8.081975	-2.014476
8.092458	-1.394845
8.102940	-0.769699
8.113422	-0.141508
8.123905	0.487241
8.134387	1.114064
8.144870	1.736482
8.155352	2.352032
8.165835	2.958282
8.176317	3.552833
8.186800	4.133335
8.197282	4.697492
8.207765	5.243073
8.218247	5.767920
8.228730	6.269959
8.239212	6.747203
8.249694	7.197766
8.260177	7.619865
8.270659	8.011832
8.281142	8.372117
8.291624	8.699295
8.302107	8.992072
8.312589	9.249290
8.323072	9.469933
8.333554	9.653127
8.344037	9.798148
8.354519	9.904424
8.365001	9.971532
8.375484	9.999209
8.385966	9.987344
8.396449	9.935985
8.406931	9.845335
8.417414	9.715752
8.427896	9.547748
8.438379	9.341989
8.448861	9.099287
8.459344	8.820602
8.469826	8.507037
8.480308	8.159831
8.490791	7.780358
8.501273	7.370117
8.511756	6.930732
8.522238	6.463940
8.532721	5.971586
8.543203	5.455618
8.553686	4.918076
8.564168	4.361086
8.574651	3.786850
8.585133	3.197639
8.595616	2.595784
8.606098	1.983663
8.616580	1.363698
8.627063	0.738341
8.637545	0.110064
8.648028	-0.518649
8.658510	-1.145310
8.668993	-1.767443
8.679475	-2.382586
8.689958	-2.988307
8.700440	-3.582212
8.710923	-4.161950
8.721405	-4.725230
8.731887	-5.269825
8.742370	-5.793581
8.752852	-6.294426
8.763335	-6.770380
8.773817	-7.219561
8.784300	-7.640193
8.794782	-8.030612
8.805265	-8.389274
8.815747	-8.714761
8.826230	-9.005787
8.836712	-9.261199
8.847195	-9.479989
8.857677	-9.661290
8.868159	-9.804386
8.878642	-9.908712
8.889124	-9.973854
8.899607	-9.999555
8.910089	-9.985713
8.920572	-9.932384
8.931054	-9.839777
8.941537	-9.708259
8.952019	-9.538351
8.962502	-9.330724
8.972984	-9.086198
8.983466	-8.805742
8.993949	-8.490465
9.004431	-8.141612
9.014914	-7.760563
9.025396	-7.348826
9.035879	-6.908028
9.046361	-6.439913
9.056844	-5.946332
9.067326	-5.429236
9.077809	-4.890670
9.088291	-4.332765
9.098774	-3.757726
9.109256	-3.167827
9.119738	-2.565401
9.130221	-1.952831
9.140703	-1.332538
9.151186	-0.706976
9.161668	-0.078618
9.172151	0.550051
9.182633	1.176545
9.193116	1.798386
9.203598	2.413116
9.214081	3.018303
9.224563	3.611554
9.235045	4.190524
9.245528	4.752922
9.256010	5.296525
9.266493	5.819184
9.276975	6.318831
9.287458	6.793490
9.297940	7.241285
9.308423	7.660444
9.318905	8.049311
9.329388	8.406347
9.339870	8.730141
9.350353	9.019412
9.360835	9.273016
9.371317	9.489951
9.381800	9.669358
9.392282	9.810528
9.402765	9.912902
9.413247	9.976077
9.423730	9.999802
9.434212	9.983983
9.444695	9.928684
9.455177	9.834121
9.465660	9.700671
9.476142	9.528859
9.486624	9.319366
9.497107	9.073020
9.507589	8.790796
9.518072	8.473808
9.528554	8.123312
9.539037	7.740692
9.549519	7.327462
9.560002	6.885256
9.570484	6.415823
9.580967	5.921019
9.591449	5.402800
9.601932	4.863216
9.612414	4.304401
9.622896	3.728565
9.633379	3.137984
9.643861	2.534994
9.654344	1.921979
9.664826	1.301365
9.675309	0.675604
9.685791	0.047171
9.696274	-0.581448
9.706756	-1.207768
9.717239	-1.829312
9.727721	-2.443622
9.738203	-3.048269
9.748686	-3.640861
9.759168	-4.219056
9.769651	-4.780567
9.780133	-5.323173
9.790616	-5.844730
9.801098	-6.343173
9.811581	-6.816533
9.822063	-7.262937
9.832546	-7.680621
9.843028	-8.067931
9.853510	-8.423338
9.863993	-8.745435
9.874475	-9.032948
9.884958	-9.284741
9.895440	-9.499819
9.905923	-9.677329
9.916405	-9.816572
9.926888	-9.916995
9.937370	-9.978202
9.947853	-9.999951
9.958335	-9.982155
9.968818	-9.924886
9.979300	-9.828369
9.989782	-9.692986
10.000265	-9.519273
10.010747	-9.307917
10.021230	-9.059753
10.031712	-8.775762
10.042195	-8.457068
10.052677	-8.104932
10.063160	-7.720745
10.073642	-7.306026
10.084125	-6.862416
10.094607	-6.391670
10.105089	-5.895647
10.115572	-5.376311
10.126054	-4.835714
10.136537	-4.275995
10.147019	-3.699367
10.157502	-3.108109
10.167984	-2.504561
10.178467	-1.891109
10.188949	-1.270178
10.199432	-0.644225
10.209914	-0.015724
10.220397	0.612840
10.230879	1.238979
10.241361	1.860220
10.251844	2.474104
10.262326	3.078204
10.272809	3.670132
10.283291	4.247547
10.293774	4.808164
10.304256	5.349769
10.314739	5.870217
10.325221	6.367453
10.335704	6.839508
10.346186	7.284518
10.356668	7.700721
10.367151	8.086471
10.377633	8.440245
10.388116	8.760642
10.398598	9.046395
10.409081	9.296375
10.419563	9.509593
10.430046	9.685206
10.440528	9.822519
10.451011	9.920989
10.461493	9.980228
10.471976	10.000000
