0.000000	10.000000
0.000898	9.980228
0.001797	9.920989
0.002695	9.822519
0.003594	9.685206
0.004492	9.509593
0.005391	9.296375
0.006289	9.046395
0.007188	8.760642
0.008086	8.440245
0.008985	8.086471
0.009883	7.700721
0.010782	7.284518
0.011680	6.839508
0.012579	6.367453
0.013477	5.870217
0.014376	5.349769
0.015274	4.808164
0.016173	4.247547
0.017071	3.670132
0.017970	3.078204
0.018868	2.474104
0.019767	1.860220
0.020665	1.238979
0.021564	0.612840
0.022462	-0.015724
0.023361	-0.644225
0.024259	-1.270178
0.025158	-1.891109
0.026056	-2.504561
0.026955	-3.108109
0.027853	-3.699367
0.028752	-4.275995
0.029650	-4.835714
0.030549	-5.376311
0.031447	-5.895647
0.032346	-6.391670
0.033244	-6.862416
0.034143	-7.306026
0.035041	-7.720745
0.035940	-8.104932
0.036838	-8.457068
0.037737	-8.775762
0.038635	-9.059753
0.039534	-9.307917
0.040432	-9.519273
0.041331	-9.692986
0.042229	-9.828369
0.043128	-9.924886
0.044026	-9.982155
0.044925	-9.999951
0.045823	-9.978202
0.046722	-9.916995
0.047620	-9.816572
0.048519	-9.677329
0.049417	-9.499819
0.050316	-9.284741
0.051214	-9.032948
0.052113	-8.745435
0.053011	-8.423338
0.053910	-8.067931
0.054808	-7.680621
0.055707	-7.262937
0.056605	-6.816533
0.057504	-6.343173
0.058402	-5.844730
0.059301	-5.323173
0.060199	-4.780567
0.061098	-4.219056
0.061996	-3.640861
0.062895	-3.048269
0.063793	-2.443622
0.064692	-1.829312
0.065590	-1.207768
0.066489	-0.581448
0.067387	0.047171
0.068286	0.675604
0.069184	1.301365
0.070083	1.921979
0.070981	2.534994
0.071880	3.137984
0.072778	3.728565
0.073677	4.304401
0.074575	4.863216
0.075474	5.402800
0.076372	5.921019
0.077271	6.415823
0.078169	6.885256
0.079068	7.327462
0.079966	7.740692
0.080865	8.123312
0.081763	8.473808
0.082662	8.790796
0.083560	9.073020
0.084459	9.319366
0.085357	9.528859
0.086256	9.700671
0.087154	9.834121
0.088053	9.928684
0.088951	9.983983
0.089850	9.999802
0.090748	9.976077
0.091647	9.912902
0.092545	9.810528
0.093444	9.669358
0.094342	9.489951
0.095241	9.273016
0.096139	9.019412
0.097038	8.730141
0.097936	8.406347
0.098835	8.049311
0.099733	7.660444
0.100632	7.241285
0.101530	6.793490
0.102429	6.318831
0.103327	5.819184
0.104226	5.296525
0.105124	4.752922
0.106023	4.190524
0.106921	3.611554
0.107820	3.018303
0.108718	2.413116
0.109617	1.798386
0.110515	1.176545
0.111414	0.550051
0.112312	-0.078618
0.113211	-0.706976
0.114109	-1.332538
0.115008	-1.952831
0.115906	-2.565401
0.116805	-3.167827
0.117703	-3.757726
0.118602	-4.332765
0.119500	-4.890670
0.120399	-5.429236
0.121297	-5.946332
0.122196	-6.439913
0.123094	-6.908028
0.123993	-7.348826
0.124891	-7.760563
0.125789	-8.141612
0.126688	-8.490465
0.127586	-8.805742
0.128485	-9.086198
0.129383	-9.330724
0.130282	-9.538351
0.131180	-9.708259
0.132079	-9.839777
0.132977	-9.932384
0.133876	-9.985713
0.134774	-9.999555
0.135673	-9.973854
0.136571	-9.908712
0.137470	-9.804386
0.138368	-9.661290
0.139267	-9.479989
0.140165	-9.261199
0.141064	-9.005787
0.141962	-8.714761
0.142861	-8.389274
0.143759	-8.030612
0.144658	-7.640193
0.145556	-7.219561
0.146455	-6.770380
0.147353	-6.294426
0.148252	-5.793581
0.149150	-5.269825
0.150049	-4.725230
0.150947	-4.161950
0.151846	-3.582212
0.152744	-2.988307
0.153643	-2.382586
0.154541	-1.767443
0.155440	-1.145310
0.156338	-0.518649
0.157237	0.110064
0.158135	0.738341
0.159034	1.363698
0.159932	1.983663
0.160831	2.595784
0.161729	3.197639
0.162628	3.786850
0.163526	4.361086
0.164425	4.918076
0.165323	5.455618
0.166222	5.971586
0.167120	6.463940
0.168019	6.930732
0.168917	7.370117
0.169816	7.780358
0.170714	8.159831
0.171613	8.507037
0.172511	8.820602
0.173410	9.099287
0.174308	9.341989
0.175207	9.547748
0.176105	9.715752
0.177004	9.845335
0.177902	9.935985
0.178801	9.987344
0.179699	9.999209
0.180598	9.971532
0.181496	9.904424
0.182395	9.798148
0.183293	9.653127
0.184192	9.469933
0.185090	9.249290
0.185989	8.992072
0.186887	8.699295
0.187786	8.372117
0.188684	8.011832
0.189583	7.619865
0.190481	7.197766
0.191380	6.747203
0.192278	6.269959
0.193177	5.767920
0.194075	5.243073
0.194974	4.697492
0.195872	4.133335
0.196771	3.552833
0.197669	2.958282
0.198568	2.352032
0.199466	1.736482
0.200365	1.114064
0.201263	0.487241
0.202162	-0.141508
0.203060	-0.769699
0.203959	-1.394845
0.204857	-2.014476
0.205756	-2.626140
0.206654	-3.227420
0.207553	-3.815937
0.208451	-4.389364
0.209350	-4.945433
0.210248	-5.481946
0.211147	-5.996781
0.212045	-6.487902
0.212944	-6.953367
0.213842	-7.391335
0.214741	-7.800075
0.215639	-8.177970
0.216538	-8.523525
0.217436	-8.835374
0.218335	-9.112285
0.219233	-9.353161
0.220132	-9.557051
0.221030	-9.723148
0.221929	-9.850796
0.222827	-9.939489
0.223726	-9.988877
0.224624	-9.998764
0.225523	-9.969112
0.226421	-9.900037
0.227320	-9.791813
0.228218	-9.644869
0.229117	-9.459784
0.230015	-9.237290
0.230914	-8.978269
0.231812	-8.683743
0.232711	-8.354878
0.233609	-7.992974
0.234508	-7.599462
0.235406	-7.175899
0.236305	-6.723959
0.237203	-6.245429
0.238102	-5.742203
0.239000	-5.216269
0.239899	-4.669707
0.240797	-4.104680
0.241696	-3.523420
0.242594	-2.928228
0.243493	-2.321456
0.244391	-1.705504
0.245290	-1.082807
0.246188	-0.455829
0.247087	0.172952
0.247985	0.801049
0.248884	1.425978
0.249782	2.045268
0.250680	2.656471
0.251579	3.257168
0.252477	3.844985
0.253376	4.417598
0.254274	4.972741
0.255173	5.508220
0.256071	6.021917
0.256970	6.511800
0.257868	6.975933
0.258767	7.412480
0.259665	7.819715
0.260564	8.196027
0.261462	8.539929
0.262361	8.850059
0.263259	9.125193
0.264158	9.364242
0.265056	9.566260
0.265955	9.730449
0.266853	9.856159
0.267752	9.942894
0.268650	9.990310
0.269549	9.998220
0.270447	9.966593
0.271346	9.895553
0.272244	9.785382
0.273143	9.636515
0.274041	9.449541
0.274940	9.225199
0.275838	8.964377
0.276737	8.668105
0.277635	8.337556
0.278534	7.974037
0.279432	7.578985
0.280331	7.153962
0.281229	6.700649
0.282128	6.220839
0.283026	5.716428
0.283925	5.189413
0.284823	4.641876
0.285722	4.075983
0.286620	3.493972
0.287519	2.898144
0.288417	2.290856
0.289316	1.674509
0.290214	1.051539
0.291113	0.424412
0.292011	-0.204394
0.292910	-0.832391
0.293808	-1.457097
0.294707	-2.076041
0.295605	-2.686775
0.296504	-3.286885
0.297402	-3.873996
0.298301	-4.445788
0.299199	-5.000000
0.300098	-5.534439
0.300996	-6.046993
0.301895	-6.535634
0.302793	-6.998431
0.303692	-7.433552
0.304590	-7.839278
0.305489	-8.214004
0.306387	-8.556248
0.307286	-8.864657
0.308184	-9.138011
0.309083	-9.375229
0.309981	-9.575374
0.310880	-9.737653
0.311778	-9.861425
0.312677	-9.946201
0.313575	-9.991645
0.314474	-9.997577
0.315372	-9.963975
0.316271	-9.890971
0.317169	-9.778853
0.318068	-9.628065
0.318966	-9.439204
0.319865	-9.213016
0.320763	-8.950396
0.321662	-8.652381
0.322560	-8.320152
0.323459	-7.955021
0.324357	-7.558432
0.325256	-7.131953
0.326154	-6.677272
0.327053	-6.196186
0.327951	-5.690597
0.328850	-5.162506
0.329748	-4.613999
0.330647	-4.047247
0.331545	-3.464490
0.332444	-2.868032
0.333342	-2.260234
0.334241	-1.643497
0.335139	-1.020261
0.336038	-0.392991
0.336936	0.235833
0.337835	0.863725
0.338733	1.488201
0.339632	2.106793
0.340530	2.717053
0.341429	3.316568
0.342327	3.902969
0.343226	4.473935
0.344124	5.027209
0.345023	5.560604
0.345921	6.072009
0.346820	6.559404
0.347718	7.020859
0.348617	7.454550
0.349515	7.858763
0.350414	8.231899
0.351312	8.572483
0.352211	8.879167
0.353109	9.150738
0.354008	9.386124
0.354906	9.584393
0.355805	9.744761
0.356703	9.866593
0.357602	9.949409
0.358500	9.992880
0.359399	9.996836
0.360297	9.961259
0.361196	9.886291
0.362094	9.772228
0.362993	9.619521
0.363891	9.428774
0.364790	9.200742
0.365688	8.936326
0.366587	8.636572
0.367485	8.302665
0.368384	7.935926
0.369282	7.537804
0.370181	7.109875
0.371079	6.653830
0.371978	6.171472
0.372876	5.664710
0.373775	5.135547
0.374673	4.586076
0.375571	4.018470
0.376470	3.434973
0.377368	2.837892
0.378267	2.229589
0.379165	1.612469
0.380064	0.988973
0.380962	0.361566
0.381861	-0.267271
0.382759	-0.895051
0.383658	-1.519291
0.384556	-2.137524
0.385455	-2.747304
0.386353	-3.346219
0.387252	-3.931903
0.388150	-4.502037
0.389049	-5.054369
0.389947	-5.586714
0.390846	-6.096966
0.391744	-6.583108
0.392643	-7.043217
0.393541	-7.475475
0.394440	-7.878171
0.395338	-8.249713
0.396237	-8.588633
0.397135	-8.893589
0.398034	-9.163375
0.398932	-9.396926
0.399831	-9.593317
0.400729	-9.751772
0.401628	-9.871664
0.402526	-9.952519
0.403425	-9.994018
0.404323	-9.995995
0.405222	-9.958444
0.406120	-9.881513
0.407019	-9.765506
0.407917	-9.610881
0.408816	-9.418251
0.409714	-9.188378
0.410613	-8.922169
0.411511	-8.620678
0.412410	-8.285096
0.413308	-7.916752
0.414207	-7.517102
0.415105	-7.087726
0.416004	-6.630321
0.416902	-6.146698
0.417801	-5.638767
0.418699	-5.108538
0.419598	-4.558108
0.420496	-3.989654
0.421395	-3.405422
0.422293	-2.807723
0.423192	-2.198922
0.424090	-1.581425
0.424989	-0.957675
0.425887	-0.330137
0.426786	0.298706
0.427684	0.926367
0.428583	1.550366
0.429481	2.168234
0.430380	2.777527
0.431278	3.375837
0.432177	3.960798
0.433075	4.530095
0.433974	5.081479
0.434872	5.612768
0.435771	6.121862
0.436669	6.606747
0.437568	7.065506
0.438466	7.496326
0.439365	7.897501
0.440263	8.267446
0.441162	8.604698
0.442060	8.907923
0.442959	9.175922
0.443857	9.407635
0.444756	9.602147
0.445654	9.758687
0.446553	9.876637
0.447451	9.955531
0.448350	9.995056
0.449248	9.995056
0.450147	9.955531
0.451045	9.876637
0.451944	9.758687
0.452842	9.602147
0.453741	9.407635
0.454639	9.175922
0.455538	8.907923
0.456436	8.604698
0.457335	8.267446
0.458233	7.897501
0.459132	7.496326
0.460030	7.065506
0.460929	6.606747
0.461827	6.121862
0.462726	5.612768
0.463624	5.081479
0.464523	4.530095
0.465421	3.960798
0.466320	3.375837
0.467218	2.777527
0.468117	2.168234
0.469015	1.550366
0.469914	0.926367
0.470812	0.298706
0.471711	-0.330137
0.472609	-0.957675
0.473508	-1.581425
0.474406	-2.198922
0.475305	-2.807723
0.476203	-3.405422
0.477102	-3.989654
0.478000	-4.558108
0.478899	-5.108538
0.479797	-5.638767
0.480696	-6.146698
0.481594	-6.630321
0.482493	-7.087726
0.483391	-7.517102
0.484290	-7.916752
0.485188	-8.285096
0.486087	-8.620678
0.486985	-8.922169
0.487884	-9.188378
0.488782	-9.418251
0.489681	-9.610881
0.490579	-9.765506
0.491478	-9.881513
0.492376	-9.958444
0.493275	-9.995995
0.494173	-9.994018
0.495072	-9.952519
0.495970	-9.871664
0.496869	-9.751772
0.497767	-9.593317
0.498666	-9.396926
0.499564	-9.163375
0.500462	-8.893589
0.501361	-8.588633
0.502259	-8.249713
0.503158	-7.878171
0.504056	-7.475475
0.504955	-7.043217
0.505853	-6.583108
0.506752	-6.096966
0.507650	-5.586714
0.508549	-5.054369
0.509447	-4.502037
0.510346	-3.931903
0.511244	-3.346219
0.512143	-2.747304
0.513041	-2.137524
0.513940	-1.519291
0.514838	-0.895051
0.515737	-0.267271
0.516635	0.361566
0.517534	0.988973
0.518432	1.612469
0.519331	2.229589
0.520229	2.837892
0.521128	3.434973
0.522026	4.018470
0.522925	4.586076
0.523823	5.135547
0.524722	5.664710
0.525620	6.171472
0.526519	6.653830
0.527417	7.109875
0.528316	7.537804
0.529214	7.935926
0.530113	8.302665
0.531011	8.636572
0.531910	8.936326
0.532808	9.200742
0.533707	9.428774
0.534605	9.619521
0.535504	9.772228
0.536402	9.886291
0.537301	9.961259
0.538199	9.996836
0.539098	9.992880
0.539996	9.949409
0.540895	9.866593
0.541793	9.744761
0.542692	9.584393
0.543590	9.386124
0.544489	9.150738
0.545387	8.879167
0.546286	8.572483
0.547184	8.231899
0.548083	7.858763
0.548981	7.454550
0.549880	7.020859
0.550778	6.559404
0.551677	6.072009
0.552575	5.560604
0.553474	5.027209
0.554372	4.473935
0.555271	3.902969
0.556169	3.316568
0.557068	2.717053
0.557966	2.106793
0.558865	1.488201
0.559763	0.863725
0.560662	0.235833
0.561560	-0.392991
0.562459	-1.020261
0.563357	-1.643497
0.564256	-2.260234
0.565154	-2.868032
0.566053	-3.464490
0.566951	-4.047247
0.567850	-4.613999
0.568748	-5.162506
0.569647	-5.690597
0.570545	-6.196186
0.571444	-6.677272
0.572342	-7.131953
0.573241	-7.558432
0.574139	-7.955021
0.575038	-8.320152
0.575936	-8.652381
0.576835	-8.950396
0.577733	-9.213016
0.578632	-9.439204
0.579530	-9.628065
0.580429	-9.778853
0.581327	-9.890971
0.582226	-9.963975
0.583124	-9.997577
0.584023	-9.991645
0.584921	-9.946201
0.585820	-9.861425
0.586718	-9.737653
0.587617	-9.575374
0.588515	-9.375229
0.589414	-9.138011
0.590312	-8.864657
0.591211	-8.556248
0.592109	-8.214004
0.593008	-7.839278
0.593906	-7.433552
0.594805	-6.998431
0.595703	-6.535634
0.596602	-6.046993
0.597500	-5.534439
0.598399	-5.000000
0.599297	-4.445788
0.600196	-3.873996
0.601094	-3.286885
0.601993	-2.686775
0.602891	-2.076041
0.603790	-1.457097
0.604688	-0.832391
0.605587	-0.204394
0.606485	0.424412
0.607384	1.051539
0.608282	1.674509
0.609181	2.290856
0.610079	2.898144
0.610978	3.493972
0.611876	4.075983
0.612775	4.641876
0.613673	5.189413
0.614572	5.716428
0.615470	6.220839
0.616369	6.700649
0.617267	7.153962
0.618166	7.578985
0.619064	7.974037
0.619963	8.337556
0.620861	8.668105
0.621760	8.964377
0.622658	9.225199
0.623556	9.449541
0.624455	9.636515
0.625353	9.785382
0.626252	9.895553
0.627150	9.966593
0.628049	9.998220
0.628947	9.990310
0.629846	9.942894
0.630744	9.856159
0.631643	9.730449
0.632541	9.566260
0.633440	9.364242
0.634338	9.125193
0.635237	8.850059
0.636135	8.539929
0.637034	8.196027
0.637932	7.819715
0.638831	7.412480
0.639729	6.975933
0.640628	6.511800
0.641526	6.021917
0.642425	5.508220
0.643323	4.972741
0.644222	4.417598
0.645120	3.844985
0.646019	3.257168
0.646917	2.656471
0.647816	2.045268
0.648714	1.425978
0.649613	0.801049
0.650511	0.172952
0.651410	-0.455829
0.652308	-1.082807
0.653207	-1.705504
0.654105	-2.321456
0.655004	-2.928228
0.655902	-3.523420
0.656801	-4.104680
0.657699	-4.669707
0.658598	-5.216269
0.659496	-5.742203
0.660395	-6.245429
0.661293	-6.723959
0.662192	-7.175899
0.663090	-7.599462
0.663989	-7.992974
0.664887	-8.354878
0.665786	-8.683743
0.666684	-8.978269
0.667583	-9.237290
0.668481	-9.459784
0.669380	-9.644869
0.670278	-9.791813
0.671177	-9.900037
0.672075	-9.969112
0.672974	-9.998764
0.673872	-9.988877
0.674771	-9.939489
0.675669	-9.850796
0.676568	-9.723148
0.677466	-9.557051
0.678365	-9.353161
0.679263	-9.112285
0.680162	-8.835374
0.681060	-8.523525
0.681959	-8.177970
0.682857	-7.800075
0.683756	-7.391335
0.684654	-6.953367
0.685553	-6.487902
0.686451	-5.996781
0.687350	-5.481946
0.688248	-4.945433
0.689147	-4.389364
0.690045	-3.815937
0.690944	-3.227420
0.691842	-2.626140
0.692741	-2.014476
0.693639	-1.394845
0.694538	-0.769699
0.695436	-0.141508
0.696335	0.487241
0.697233	1.114064
0.698132	1.736482
0.699030	2.352032
0.699929	2.958282
0.700827	3.552833
0.701726	4.133335
0.702624	4.697492
0.703523	5.243073
0.704421	5.767920
0.705320	6.269959
0.706218	6.747203
0.707117	7.197766
0.708015	7.619865
0.708914	8.011832
0.709812	8.372117
0.710711	8.699295
0.711609	8.992072
0.712508	9.249290
0.713406	9.469933
0.714305	9.653127
0.715203	9.798148
0.716102	9.904424
0.717000	9.971532
0.717899	9.999209
0.718797	9.987344
0.719696	9.935985
0.720594	9.845335
0.721493	9.715752
0.722391	9.547748
0.723290	9.341989
0.724188	9.099287
0.725087	8.820602
0.725985	8.507037
0.726884	8.159831
0.727782	7.780358
0.728681	7.370117
0.729579	6.930732
0.730478	6.463940
0.731376	5.971586
0.732275	5.455618
0.733173	4.918076
0.734072	4.361086
0.734970	3.786850
0.735869	3.197639
0.736767	2.595784
0.737666	1.983663
0.738564	1.363698
0.739463	0.738341
0.740361	0.110064
0.741260	-0.518649
0.742158	-1.145310
0.743057	-1.767443
0.743955	-2.382586
0.744854	-2.988307
0.745752	-3.582212
0.746651	-4.161950
0.747549	-4.725230
0.748447	-5.269825
0.749346	-5.793581
0.750244	-6.294426
0.751143	-6.770380
0.752041	-7.219561
0.752940	-7.640193
0.753838	-8.030612
0.754737	-8.389274
0.755635	-8.714761
0.756534	-9.005787
0.757432	-9.261199
0.758331	-9.479989
0.759229	-9.661290
0.760128	-9.804386
0.761026	-9.908712
0.761925	-9.973854
0.762823	-9.999555
0.763722	-9.985713
0.764620	-9.932384
0.765519	-9.839777
0.766417	-9.708259
0.767316	-9.538351
0.768214	-9.330724
0.769113	-9.086198
0.770011	-8.805742
0.770910	-8.490465
0.771808	-8.141612
0.772707	-7.760563
0.773605	-7.348826
0.774504	-6.908028
0.775402	-6.439913
0.776301	-5.946332
0.777199	-5.429236
0.778098	-4.890670
0.778996	-4.332765
0.779895	-3.757726
0.780793	-3.167827
0.781692	-2.565401
0.782590	-1.952831
0.783489	-1.332538
0.784387	-0.706976
0.785286	-0.078618
0.786184	0.550051
0.787083	1.176545
0.787981	1.798386
0.788880	2.413116
0.789778	3.018303
0.790677	3.611554
0.791575	4.190524
0.792474	4.752922
0.793372	5.296525
0.794271	5.819184
0.795169	6.318831
0.796068	6.793490
0.796966	7.241285
0.797865	7.660444
0.798763	8.049311
0.799662	8.406347
0.800560	8.730141
0.801459	9.019412
0.802357	9.273016
0.803256	9.489951
0.804154	9.669358
0.805053	9.810528
0.805951	9.912902
0.806850	9.976077
0.807748	9.999802
0.808647	9.983983
0.809545	9.928684
0.810444	9.834121
0.811342	9.700671
0.812241	9.528859
0.813139	9.319366
0.814038	9.073020
0.814936	8.790796
0.815835	8.473808
0.816733	8.123312
0.817632	7.740692
0.818530	7.327462
0.819429	6.885256
0.820327	6.415823
0.821226	5.921019
0.822124	5.402800
0.823023	4.863216
0.823921	4.304401
0.824820	3.728565
0.825718	3.137984
0.826617	2.534994
0.827515	1.921979
0.828414	1.301365
0.829312	0.675604
0.830211	0.047171
0.831109	-0.581448
0.832008	-1.207768
0.832906	-1.829312
0.833805	-2.443622
0.834703	-3.048269
0.835602	-3.640861
0.836500	-4.219056
0.837399	-4.780567
0.838297	-5.323173
0.839196	-5.844730
0.840094	-6.343173
0.840993	-6.816533
0.841891	-7.262937
0.842790	-7.680621
0.843688	-8.067931
0.844587	-8.423338
0.845485	-8.745435
0.846384	-9.032948
0.847282	-9.284741
0.848181	-9.499819
0.849079	-9.677329
0.849978	-9.816572
0.850876	-9.916995
0.851775	-9.978202
0.852673	-9.999951
0.853572	-9.982155
0.854470	-9.924886
0.855369	-9.828369
0.856267	-9.692986
0.857166	-9.519273
0.858064	-9.307917
0.858963	-9.059753
0.859861	-8.775762
0.860760	-8.457068
0.861658	-8.104932
0.862557	-7.720745
0.863455	-7.306026
0.864354	-6.862416
0.865252	-6.391670
0.866151	-5.895647
0.867049	-5.376311
0.867948	-4.835714
0.868846	-4.275995
0.869745	-3.699367
0.870643	-3.108109
0.871542	-2.504561
0.872440	-1.891109
0.873338	-1.270178
0.874237	-0.644225
0.875135	-0.015724
0.876034	0.612840
0.876932	1.238979
0.877831	1.860220
0.878729	2.474104
0.879628	3.078204
0.880526	3.670132
0.881425	4.247547
0.882323	4.808164
0.883222	5.349769
0.884120	5.870217
0.885019	6.367453
0.885917	6.839508
0.886816	7.284518
0.887714	7.700721
0.888613	8.086471
0.889511	8.440245
0.890410	8.760642
0.891308	9.046395
0.892207	9.296375
0.893105	9.509593
0.894004	9.685206
0.894902	9.822519
0.895801	9.920989
0.896699	9.980228
0.897598	10.000000
