0.000000	10.000000
0.000090	9.980228
0.000180	9.920989
0.000270	9.822519
0.000359	9.685206
0.000449	9.509593
0.000539	9.296375
0.000629	9.046395
0.000719	8.760642
0.000809	8.440245
0.000898	8.086471
0.000988	7.700721
0.001078	7.284518
0.001168	6.839508
0.001258	6.367453
0.001348	5.870217
0.001438	5.349769
0.001527	4.808164
0.001617	4.247547
0.001707	3.670132
0.001797	3.078204
0.001887	2.474104
0.001977	1.860220
0.002067	1.238979
0.002156	0.612840
0.002246	-0.015724
0.002336	-0.644225
0.002426	-1.270178
0.002516	-1.891109
0.002606	-2.504561
0.002695	-3.108109
0.002785	-3.699367
0.002875	-4.275995
0.002965	-4.835714
0.003055	-5.376311
0.003145	-5.895647
0.003235	-6.391670
0.003324	-6.862416
0.003414	-7.306026
0.003504	-7.720745
0.003594	-8.104932
0.003684	-8.457068
0.003774	-8.775762
0.003864	-9.059753
0.003953	-9.307917
0.004043	-9.519273
0.004133	-9.692986
0.004223	-9.828369
0.004313	-9.924886
0.004403	-9.982155
0.004492	-9.999951
0.004582	-9.978202
0.004672	-9.916995
0.004762	-9.816572
0.004852	-9.677329
0.004942	-9.499819
0.005032	-9.284741
0.005121	-9.032948
0.005211	-8.745435
0.005301	-8.423338
0.005391	-8.067931
0.005481	-7.680621
0.005571	-7.262937
0.005661	-6.816533
0.005750	-6.343173
0.005840	-5.844730
0.005930	-5.323173
0.006020	-4.780567
0.006110	-4.219056
0.006200	-3.640861
0.006289	-3.048269
0.006379	-2.443622
0.006469	-1.829312
0.006559	-1.207768
0.006649	-0.581448
0.006739	0.047171
0.006829	0.675604
0.006918	1.301365
0.007008	1.921979
0.007098	2.534994
0.007188	3.137984
0.007278	3.728565
0.007368	4.304401
0.007458	4.863216
0.007547	5.402800
0.007637	5.921019
0.007727	6.415823
0.007817	6.885256
0.007907	7.327462
0.007997	7.740692
0.008086	8.123312
0.008176	8.473808
0.008266	8.790796
0.008356	9.073020
0.008446	9.319366
0.008536	9.528859
0.008626	9.700671
0.008715	9.834121
0.008805	9.928684
0.008895	9.983983
0.008985	9.999802
0.009075	9.976077
0.009165	9.912902
0.009255	9.810528
0.009344	9.669358
0.009434	9.489951
0.009524	9.273016
0.009614	9.019412
0.009704	8.730141
0.009794	8.406347
0.009883	8.049311
0.009973	7.660444
0.010063	7.241285
0.010153	6.793490
0.010243	6.318831
0.010333	5.819184
0.010423	5.296525
0.010512	4.752922
0.010602	4.190524
0.010692	3.611554
0.010782	3.018303
0.010872	2.413116
0.010962	1.798386
0.011052	1.176545
0.011141	0.550051
0.011231	-0.078618
0.011321	-0.706976
0.011411	-1.332538
0.011501	-1.952831
0.011591	-2.565401
0.011680	-3.167827
0.011770	-3.757726
0.011860	-4.332765
0.011950	-4.890670
0.012040	-5.429236
0.012130	-5.946332
0.012220	-6.439913
0.012309	-6.908028
0.012399	-7.348826
0.012489	-7.760563
0.012579	-8.141612
0.012669	-8.490465
0.012759	-8.805742
0.012848	-9.086198
0.012938	-9.330724
0.013028	-9.538351
0.013118	-9.708259
0.013208	-9.839777
0.013298	-9.932384
0.013388	-9.985713
0.013477	-9.999555
0.013567	-9.973854
0.013657	-9.908712
0.013747	-9.804386
0.013837	-9.661290
0.013927	-9.479989
0.014017	-9.261199
0.014106	-9.005787
0.014196	-8.714761
0.014286	-8.389274
0.014376	-8.030612
0.014466	-7.640193
0.014556	-7.219561
0.014645	-6.770380
0.014735	-6.294426
0.014825	-5.793581
0.014915	-5.269825
0.015005	-4.725230
0.015095	-4.161950
0.015185	-3.582212
0.015274	-2.988307
0.015364	-2.382586
0.015454	-1.767443
0.015544	-1.145310
0.015634	-0.518649
0.015724	0.110064
0.015814	0.738341
0.015903	1.363698
0.015993	1.983663
0.016083	2.595784
0.016173	3.197639
0.016263	3.786850
0.016353	4.361086
0.016442	4.918076
0.016532	5.455618
0.016622	5.971586
0.016712	6.463940
0.016802	6.930732
0.016892	7.370117
0.016982	7.780358
0.017071	8.159831
0.017161	8.507037
0.017251	8.820602
0.017341	9.099287
0.017431	9.341989
0.017521	9.547748
0.017611	9.715752
0.017700	9.845335
0.017790	9.935985
0.017880	9.987344
0.017970	9.999209
0.018060	9.971532
0.018150	9.904424
0.018239	9.798148
0.018329	9.653127
0.018419	9.469933
0.018509	9.249290
0.018599	8.992072
0.018689	8.699295
0.018779	8.372117
0.018868	8.011832
0.018958	7.619865
0.019048	7.197766
0.019138	6.747203
0.019228	6.269959
0.019318	5.767920
0.019408	5.243073
0.019497	4.697492
0.019587	4.133335
0.019677	3.552833
0.019767	2.958282
0.019857	2.352032
0.019947	1.736482
0.020036	1.114064
0.020126	0.487241
0.020216	-0.141508
0.020306	-0.769699
0.020396	-1.394845
0.020486	-2.014476
0.020576	-2.626140
0.020665	-3.227420
0.020755	-3.815937
0.020845	-4.389364
0.020935	-4.945433
0.021025	-5.481946
0.021115	-5.996781
0.021205	-6.487902
0.021294	-6.953367
0.021384	-7.391335
0.021474	-7.800075
0.021564	-8.177970
0.021654	-8.523525
0.021744	-8.835374
0.021833	-9.112285
0.021923	-9.353161
0.022013	-9.557051
0.022103	-9.723148
0.022193	-9.850796
0.022283	-9.939489
0.022373	-9.988877
0.022462	-9.998764
0.022552	-9.969112
0.022642	-9.900037
0.022732	-9.791813
0.022822	-9.644869
0.022912	-9.459784
0.023002	-9.237290
0.023091	-8.978269
0.023181	-8.683743
0.023271	-8.354878
0.023361	-7.992974
0.023451	-7.599462
0.023541	-7.175899
0.023630	-6.723959
0.023720	-6.245429
0.023810	-5.742203
0.023900	-5.216269
0.023990	-4.669707
0.024080	-4.104680
0.024170	-3.523420
0.024259	-2.928228
0.024349	-2.321456
0.024439	-1.705504
0.024529	-1.082807
0.024619	-0.455829
0.024709	0.172952
0.024799	0.801049
0.024888	1.425978
0.024978	2.045268
0.025068	2.656471
0.025158	3.257168
0.025248	3.844985
0.025338	4.417598
0.025427	4.972741
0.025517	5.508220
0.025607	6.021917
0.025697	6.511800
0.025787	6.975933
0.025877	7.412480
0.025967	7.819715
0.026056	8.196027
0.026146	8.539929
0.026236	8.850059
0.026326	9.125193
0.026416	9.364242
0.026506	9.566260
0.026595	9.730449
0.026685	9.856159
0.026775	9.942894
0.026865	9.990310
0.026955	9.998220
0.027045	9.966593
0.027135	9.895553
0.027224	9.785382
0.027314	9.636515
0.027404	9.449541
0.027494	9.225199
0.027584	8.964377
0.027674	8.668105
0.027764	8.337556
0.027853	7.974037
0.027943	7.578985
0.028033	7.153962
0.028123	6.700649
0.028213	6.220839
0.028303	5.716428
0.028392	5.189413
0.028482	4.641876
0.028572	4.075983
0.028662	3.493972
0.028752	2.898144
0.028842	2.290856
0.028932	1.674509
0.029021	1.051539
0.029111	0.424412
0.029201	-0.204394
0.029291	-0.832391
0.029381	-1.457097
0.029471	-2.076041
0.029561	-2.686775
0.029650	-3.286885
0.029740	-3.873996
0.029830	-4.445788
0.029920	-5.000000
0.030010	-5.534439
0.030100	-6.046993
0.030189	-6.535634
0.030279	-6.998431
0.030369	-7.433552
0.030459	-7.839278
0.030549	-8.214004
0.030639	-8.556248
0.030729	-8.864657
0.030818	-9.138011
0.030908	-9.375229
0.030998	-9.575374
0.031088	-9.737653
0.031178	-9.861425
0.031268	-9.946201
0.031358	-9.991645
0.031447	-9.997577
0.031537	-9.963975
0.031627	-9.890971
0.031717	-9.778853
0.031807	-9.628065
0.031897	-9.439204
0.031986	-9.213016
0.032076	-8.950396
0.032166	-8.652381
0.032256	-8.320152
0.032346	-7.955021
0.032436	-7.558432
0.032526	-7.131953
0.032615	-6.677272
0.032705	-6.196186
0.032795	-5.690597
0.032885	-5.162506
0.032975	-4.613999
0.033065	-4.047247
0.033155	-3.464490
0.033244	-2.868032
0.033334	-2.260234
0.033424	-1.643497
0.033514	-1.020261
0.033604	-0.392991
0.033694	0.235833
0.033783	0.863725
0.033873	1.488201
0.033963	2.106793
0.034053	2.717053
0.034143	3.316568
0.034233	3.902969
0.034323	4.473935
0.034412	5.027209
0.034502	5.560604
0.034592	6.072009
0.034682	6.559404
0.034772	7.020859
0.034862	7.454550
0.034952	7.858763
0.035041	8.231899
0.035131	8.572483
0.035221	8.879167
0.035311	9.150738
0.035401	9.386124
0.035491	9.584393
0.035580	9.744761
0.035670	9.866593
0.035760	9.949409
0.035850	9.992880
0.035940	9.996836
0.036030	9.961259
0.036120	9.886291
0.036209	9.772228
0.036299	9.619521
0.036389	9.428774
0.036479	9.200742
0.036569	8.936326
0.036659	8.636572
0.036749	8.302665
0.036838	7.935926
0.036928	7.537804
0.037018	7.109875
0.037108	6.653830
0.037198	6.171472
0.037288	5.664710
0.037377	5.135547
0.037467	4.586076
0.037557	4.018470
0.037647	3.434973
0.037737	2.837892
0.037827	2.229589
0.037917	1.612469
0.038006	0.988973
0.038096	0.361566
0.038186	-0.267271
0.038276	-0.895051
0.038366	-1.519291
0.038456	-2.137524
0.038545	-2.747304
0.038635	-3.346219
0.038725	-3.931903
0.038815	-4.502037
0.038905	-5.054369
0.038995	-5.586714
0.039085	-6.096966
0.039174	-6.583108
0.039264	-7.043217
0.039354	-7.475475
0.039444	-7.878171
0.039534	-8.249713
0.039624	-8.588633
0.039714	-8.893589
0.039803	-9.163375
0.039893	-9.396926
0.039983	-9.593317
0.040073	-9.751772
0.040163	-9.871664
0.040253	-9.952519
0.040342	-9.994018
0.040432	-9.995995
0.040522	-9.958444
0.040612	-9.881513
0.040702	-9.765506
0.040792	-9.610881
0.040882	-9.418251
0.040971	-9.188378
0.041061	-8.922169
0.041151	-8.620678
0.041241	-8.285096
0.041331	-7.916752
0.041421	-7.517102
0.041511	-7.087726
0.041600	-6.630321
0.041690	-6.146698
0.041780	-5.638767
0.041870	-5.108538
0.041960	-4.558108
0.042050	-3.989654
0.042139	-3.405422
0.042229	-2.807723
0.042319	-2.198922
0.042409	-1.581425
0.042499	-0.957675
0.042589	-0.330137
0.042679	0.298706
0.042768	0.926367
0.042858	1.550366
0.042948	2.168234
0.043038	2.777527
0.043128	3.375837
0.043218	3.960798
0.043308	4.530095
0.043397	5.081479
0.043487	5.612768
0.043577	6.121862
0.043667	6.606747
0.043757	7.065506
0.043847	7.496326
0.043936	7.897501
0.044026	8.267446
0.044116	8.604698
0.044206	8.907923
0.044296	9.175922
0.044386	9.407635
0.044476	9.602147
0.044565	9.758687
0.044655	9.876637
0.044745	9.955531
0.044835	9.995056
0.044925	9.995056
0.045015	9.955531
0.045105	9.876637
0.045194	9.758687
0.045284	9.602147
0.045374	9.407635
0.045464	9.175922
0.045554	8.907923
0.045644	8.604698
0.045733	8.267446
0.045823	7.897501
0.045913	7.496326
0.046003	7.065506
0.046093	6.606747
0.046183	6.121862
0.046273	5.612768
0.046362	5.081479
0.046452	4.530095
0.046542	3.960798
0.046632	3.375837
0.046722	2.777527
0.046812	2.168234
0.046902	1.550366
0.046991	0.926367
0.047081	0.298706
0.047171	-0.330137
0.047261	-0.957675
0.047351	-1.581425
0.047441	-2.198922
0.047530	-2.807723
0.047620	-3.405422
0.047710	-3.989654
0.047800	-4.558108
0.047890	-5.108538
0.047980	-5.638767
0.048070	-6.146698
0.048159	-6.630321
0.048249	-7.087726
0.048339	-7.517102
0.048429	-7.916752
0.048519	-8.285096
0.048609	-8.620678
0.048699	-8.922169
0.048788	-9.188378
0.048878	-9.418251
0.048968	-9.610881
0.049058	-9.765506
0.049148	-9.881513
0.049238	-9.958444
0.049327	-9.995995
0.049417	-9.994018
0.049507	-9.952519
0.049597	-9.871664
0.049687	-9.751772
0.049777	-9.593317
0.049867	-9.396926
0.049956	-9.163375
0.050046	-8.893589
0.050136	-8.588633
0.050226	-8.249713
0.050316	-7.878171
0.050406	-7.475475
0.050495	-7.043217
0.050585	-6.583108
0.050675	-6.096966
0.050765	-5.586714
0.050855	-5.054369
0.050945	-4.502037
0.051035	-3.931903
0.051124	-3.346219
0.051214	-2.747304
0.051304	-2.137524
0.051394	-1.519291
0.051484	-0.895051
0.051574	-0.267271
0.051664	0.361566
0.051753	0.988973
0.051843	1.612469
0.051933	2.229589
0.052023	2.837892
0.052113	3.434973
0.052203	4.018470
0.052292	4.586076
0.052382	5.135547
0.052472	5.664710
0.052562	6.171472
0.052652	6.653830
0.052742	7.109875
0.052832	7.537804
0.052921	7.935926
0.053011	8.302665
0.053101	8.636572
0.053191	8.936326
0.053281	9.200742
0.053371	9.428774
0.053461	9.619521
0.053550	9.772228
0.053640	9.886291
0.053730	9.961259
0.053820	9.996836
0.053910	9.992880
0.054000	9.949409
0.054089	9.866593
0.054179	9.744761
0.054269	9.584393
0.054359	9.386124
0.054449	9.150738
0.054539	8.879167
0.054629	8.572483
0.054718	8.231899
0.054808	7.858763
0.054898	7.454550
0.054988	7.020859
0.055078	6.559404
0.055168	6.072009
0.055258	5.560604
0.055347	5.027209
0.055437	4.473935
0.055527	3.902969
0.055617	3.316568
0.055707	2.717053
0.055797	2.106793
0.055886	1.488201
0.055976	0.863725
0.056066	0.235833
0.056156	-0.392991
0.056246	-1.020261
0.056336	-1.643497
0.056426	-2.260234
0.056515	-2.868032
0.056605	-3.464490
0.056695	-4.047247
0.056785	-4.613999
0.056875	-5.162506
0.056965	-5.690597
0.057055	-6.196186
0.057144	-6.677272
0.057234	-7.131953
0.057324	-7.558432
0.057414	-7.955021
0.057504	-8.320152
0.057594	-8.652381
0.057683	-8.950396
0.057773	-9.213016
0.057863	-9.439204
0.057953	-9.628065
0.058043	-9.778853
0.058133	-9.890971
0.058223	-9.963975
0.058312	-9.997577
0.058402	-9.991645
0.058492	-9.946201
0.058582	-9.861425
0.058672	-9.737653
0.058762	-9.575374
0.058852	-9.375229
0.058941	-9.138011
0.059031	-8.864657
0.059121	-8.556248
0.059211	-8.214004
0.059301	-7.839278
0.059391	-7.433552
0.059480	-6.998431
0.059570	-6.535634
0.059660	-6.046993
0.059750	-5.534439
0.059840	-5.000000
0.059930	-4.445788
0.060020	-3.873996
0.060109	-3.286885
0.060199	-2.686775
0.060289	-2.076041
0.060379	-1.457097
0.060469	-0.832391
0.060559	-0.204394
0.060649	0.424412
0.060738	1.051539
0.060828	1.674509
0.060918	2.290856
0.061008	2.898144
0.061098	3.493972
0.061188	4.075983
0.061277	4.641876
0.061367	5.189413
0.061457	5.716428
0.061547	6.220839
0.061637	6.700649
0.061727	7.153962
0.061817	7.578985
0.061906	7.974037
0.061996	8.337556
0.062086	8.668105
0.062176	8.964377
0.062266	9.225199
0.062356	9.449541
0.062445	9.636515
0.062535	9.785382
0.062625	9.895553
0.062715	9.966593
0.062805	9.998220
0.062895	9.990310
0.062985	9.942894
0.063074	9.856159
0.063164	9.730449
0.063254	9.566260
0.063344	9.364242
0.063434	9.125193
0.063524	8.850059
0.063614	8.539929
0.063703	8.196027
0.063793	7.819715
0.063883	7.412480
0.063973	6.975933
0.064063	6.511800
0.064153	6.021917
0.064242	5.508220
0.064332	4.972741
0.064422	4.417598
0.064512	3.844985
0.064602	3.257168
0.064692	2.656471
0.064782	2.045268
0.064871	1.425978
0.064961	0.801049
0.065051	0.172952
0.065141	-0.455829
0.065231	-1.082807
0.065321	-1.705504
0.065411	-2.321456
0.065500	-2.928228
0.065590	-3.523420
0.065680	-4.104680
0.065770	-4.669707
0.065860	-5.216269
0.065950	-5.742203
0.066039	-6.245429
0.066129	-6.723959
0.066219	-7.175899
0.066309	-7.599462
0.066399	-7.992974
0.066489	-8.354878
0.066579	-8.683743
0.066668	-8.978269
0.066758	-9.237290
0.066848	-9.459784
0.066938	-9.644869
0.067028	-9.791813
0.067118	-9.900037
0.067208	-9.969112
0.067297	-9.998764
0.067387	-9.988877
0.067477	-9.939489
0.067567	-9.850796
0.067657	-9.723148
0.067747	-9.557051
0.067836	-9.353161
0.067926	-9.112285
0.068016	-8.835374
0.068106	-8.523525
0.068196	-8.177970
0.068286	-7.800075
0.068376	-7.391335
0.068465	-6.953367
0.068555	-6.487902
0.068645	-5.996781
0.068735	-5.481946
0.068825	-4.945433
0.068915	-4.389364
0.069005	-3.815937
0.069094	-3.227420
0.069184	-2.626140
0.069274	-2.014476
0.069364	-1.394845
0.069454	-0.769699
0.069544	-0.141508
0.069633	0.487241
0.069723	1.114064
0.069813	1.736482
0.069903	2.352032
0.069993	2.958282
0.070083	3.552833
0.070173	4.133335
0.070262	4.697492
0.070352	5.243073
0.070442	5.767920
0.070532	6.269959
0.070622	6.747203
0.070712	7.197766
0.070802	7.619865
0.070891	8.011832
0.070981	8.372117
0.071071	8.699295
0.071161	8.992072
0.071251	9.249290
0.071341	9.469933
0.071430	9.653127
0.071520	9.798148
0.071610	9.904424
0.071700	9.971532
0.071790	9.999209
0.071880	9.987344
0.071970	9.935985
0.072059	9.845335
0.072149	9.715752
0.072239	9.547748
0.072329	9.341989
0.072419	9.099287
0.072509	8.820602
0.072599	8.507037
0.072688	8.159831
0.072778	7.780358
0.072868	7.370117
0.072958	6.930732
0.073048	6.463940
0.073138	5.971586
0.073227	5.455618
0.073317	4.918076
0.073407	4.361086
0.073497	3.786850
0.073587	3.197639
0.073677	2.595784
0.073767	1.983663
0.073856	1.363698
0.073946	0.738341
0.074036	0.110064
0.074126	-0.518649
0.074216	-1.145310
0.074306	-1.767443
0.074396	-2.382586
0.074485	-2.988307
0.074575	-3.582212
0.074665	-4.161950
0.074755	-4.725230
0.074845	-5.269825
0.074935	-5.793581
0.075024	-6.294426
0.075114	-6.770380
0.075204	-7.219561
0.075294	-7.640193
0.075384	-8.030612
0.075474	-8.389274
0.075564	-8.714761
0.075653	-9.005787
0.075743	-9.261199
0.075833	-9.479989
0.075923	-9.661290
0.076013	-9.804386
0.076103	-9.908712
0.076192	-9.973854
0.076282	-9.999555
0.076372	-9.985713
0.076462	-9.932384
0.076552	-9.839777
0.076642	-9.708259
0.076732	-9.538351
0.076821	-9.330724
0.076911	-9.086198
0.077001	-8.805742
0.077091	-8.490465
0.077181	-8.141612
0.077271	-7.760563
0.077361	-7.348826
0.077450	-6.908028
0.077540	-6.439913
0.077630	-5.946332
0.077720	-5.429236
0.077810	-4.890670
0.077900	-4.332765
0.077989	-3.757726
0.078079	-3.167827
0.078169	-2.565401
0.078259	-1.952831
0.078349	-1.332538
0.078439	-0.706976
0.078529	-0.078618
0.078618	0.550051
0.078708	1.176545
0.078798	1.798386
0.078888	2.413116
0.078978	3.018303
0.079068	3.611554
0.079158	4.190524
0.079247	4.752922
0.079337	5.296525
0.079427	5.819184
0.079517	6.318831
0.079607	6.793490
0.079697	7.241285
0.079786	7.660444
0.079876	8.049311
0.079966	8.406347
0.080056	8.730141
0.080146	9.019412
0.080236	9.273016
0.080326	9.489951
0.080415	9.669358
0.080505	9.810528
0.080595	9.912902
0.080685	9.976077
0.080775	9.999802
0.080865	9.983983
0.080955	9.928684
0.081044	9.834121
0.081134	9.700671
0.081224	9.528859
0.081314	9.319366
0.081404	9.073020
0.081494	8.790796
0.081583	8.473808
0.081673	8.123312
0.081763	7.740692
0.081853	7.327462
0.081943	6.885256
0.082033	6.415823
0.082123	5.921019
0.082212	5.402800
0.082302	4.863216
0.082392	4.304401
0.082482	3.728565
0.082572	3.137984
0.082662	2.534994
0.082752	1.921979
0.082841	1.301365
0.082931	0.675604
0.083021	0.047171
0.083111	-0.581448
0.083201	-1.207768
0.083291	-1.829312
0.083380	-2.443622
0.083470	-3.048269
0.083560	-3.640861
0.083650	-4.219056
0.083740	-4.780567
0.083830	-5.323173
0.083920	-5.844730
0.084009	-6.343173
0.084099	-6.816533
0.084189	-7.262937
0.084279	-7.680621
0.084369	-8.067931
0.084459	-8.423338
0.084549	-8.745435
0.084638	-9.032948
0.084728	-9.284741
0.084818	-9.499819
0.084908	-9.677329
0.084998	-9.816572
0.085088	-9.916995
0.085177	-9.978202
0.085267	-9.999951
0.085357	-9.982155
0.085447	-9.924886
0.085537	-9.828369
0.085627	-9.692986
0.085717	-9.519273
0.085806	-9.307917
0.085896	-9.059753
0.085986	-8.775762
0.086076	-8.457068
0.086166	-8.104932
0.086256	-7.720745
0.086346	-7.306026
0.086435	-6.862416
0.086525	-6.391670
0.086615	-5.895647
0.086705	-5.376311
0.086795	-4.835714
0.086885	-4.275995
0.086974	-3.699367
0.087064	-3.108109
0.087154	-2.504561
0.087244	-1.891109
0.087334	-1.270178
0.087424	-0.644225
0.087514	-0.015724
0.087603	0.612840
0.087693	1.238979
0.087783	1.860220
0.087873	2.474104
0.087963	3.078204
0.088053	3.670132
0.088142	4.247547
0.088232	4.808164
0.088322	5.349769
0.088412	5.870217
0.088502	6.367453
0.088592	6.839508
0.088682	7.284518
0.088771	7.700721
0.088861	8.086471
0.088951	8.440245
0.089041	8.760642
0.089131	9.046395
0.089221	9.296375
0.089311	9.509593
0.089400	9.685206
0.089490	9.822519
0.089580	9.920989
0.089670	9.980228
0.089760	10.000000
