0.000000	10.000000
0.000001	9.980228
0.000002	9.920989
0.000003	9.822519
0.000004	9.685206
0.000004	9.509593
0.000005	9.296375
0.000006	9.046395
0.000007	8.760642
0.000008	8.440245
0.000009	8.086471
0.000010	7.700721
0.000011	7.284518
0.000012	6.839508
0.000013	6.367453
0.000013	5.870217
0.000014	5.349769
0.000015	4.808164
0.000016	4.247547
0.000017	3.670132
0.000018	3.078204
0.000019	2.474104
0.000020	1.860220
0.000021	1.238979
0.000022	0.612840
0.000022	-0.015724
0.000023	-0.644225
0.000024	-1.270178
0.000025	-1.891109
0.000026	-2.504561
0.000027	-3.108109
0.000028	-3.699367
0.000029	-4.275995
0.000030	-4.835714
0.000031	-5.376311
0.000031	-5.895647
0.000032	-6.391670
0.000033	-6.862416
0.000034	-7.306026
0.000035	-7.720745
0.000036	-8.104932
0.000037	-8.457068
0.000038	-8.775762
0.000039	-9.059753
0.000040	-9.307917
0.000040	-9.519273
0.000041	-9.692986
0.000042	-9.828369
0.000043	-9.924886
0.000044	-9.982155
0.000045	-9.999951
0.000046	-9.978202
0.000047	-9.916995
0.000048	-9.816572
0.000049	-9.677329
0.000049	-9.499819
0.000050	-9.284741
0.000051	-9.032948
0.000052	-8.745435
0.000053	-8.423338
0.000054	-8.067931
0.000055	-7.680621
0.000056	-7.262937
0.000057	-6.816533
0.000058	-6.343173
0.000058	-5.844730
0.000059	-5.323173
0.000060	-4.780567
0.000061	-4.219056
0.000062	-3.640861
0.000063	-3.048269
0.000064	-2.443622
0.000065	-1.829312
0.000066	-1.207768
0.000066	-0.581448
0.000067	0.047171
0.000068	0.675604
0.000069	1.301365
0.000070	1.921979
0.000071	2.534994
0.000072	3.137984
0.000073	3.728565
0.000074	4.304401
0.000075	4.863216
0.000075	5.402800
0.000076	5.921019
0.000077	6.415823
0.000078	6.885256
0.000079	7.327462
0.000080	7.740692
0.000081	8.123312
0.000082	8.473808
0.000083	8.790796
0.000084	9.073020
0.000084	9.319366
0.000085	9.528859
0.000086	9.700671
0.000087	9.834121
0.000088	9.928684
0.000089	9.983983
0.000090	9.999802
0.000091	9.976077
0.000092	9.912902
0.000093	9.810528
0.000093	9.669358
0.000094	9.489951
0.000095	9.273016
0.000096	9.019412
0.000097	8.730141
0.000098	8.406347
0.000099	8.049311
0.000100	7.660444
0.000101	7.241285
0.000102	6.793490
0.000102	6.318831
0.000103	5.819184
0.000104	5.296525
0.000105	4.752922
0.000106	4.190524
0.000107	3.611554
0.000108	3.018303
0.000109	2.413116
0.000110	1.798386
0.000111	1.176545
0.000111	0.550051
0.000112	-0.078618
0.000113	-0.706976
0.000114	-1.332538
0.000115	-1.952831
0.000116	-2.565401
0.000117	-3.167827
0.000118	-3.757726
0.000119	-4.332765
0.000120	-4.890670
0.000120	-5.429236
0.000121	-5.946332
0.000122	-6.439913
0.000123	-6.908028
0.000124	-7.348826
0.000125	-7.760563
0.000126	-8.141612
0.000127	-8.490465
0.000128	-8.805742
0.000128	-9.086198
0.000129	-9.330724
0.000130	-9.538351
0.000131	-9.708259
0.000132	-9.839777
0.000133	-9.932384
0.000134	-9.985713
0.000135	-9.999555
0.000136	-9.973854
0.000137	-9.908712
0.000137	-9.804386
0.000138	-9.661290
0.000139	-9.479989
0.000140	-9.261199
0.000141	-9.005787
0.000142	-8.714761
0.000143	-8.389274
0.000144	-8.030612
0.000145	-7.640193
0.000146	-7.219561
0.000146	-6.770380
0.000147	-6.294426
0.000148	-5.793581
0.000149	-5.269825
0.000150	-4.725230
0.000151	-4.161950
0.000152	-3.582212
0.000153	-2.988307
0.000154	-2.382586
0.000155	-1.767443
0.000155	-1.145310
0.000156	-0.518649
0.000157	0.110064
0.000158	0.738341
0.000159	1.363698
0.000160	1.983663
0.000161	2.595784
0.000162	3.197639
0.000163	3.786850
0.000164	4.361086
0.000164	4.918076
0.000165	5.455618
0.000166	5.971586
0.000167	6.463940
0.000168	6.930732
0.000169	7.370117
0.000170	7.780358
0.000171	8.159831
0.000172	8.507037
0.000173	8.820602
0.000173	9.099287
0.000174	9.341989
0.000175	9.547748
0.000176	9.715752
0.000177	9.845335
0.000178	9.935985
0.000179	9.987344
0.000180	9.999209
0.000181	9.971532
0.000181	9.904424
0.000182	9.798148
0.000183	9.653127
0.000184	9.469933
0.000185	9.249290
0.000186	8.992072
0.000187	8.699295
0.000188	8.372117
0.000189	8.011832
0.000190	7.619865
0.000190	7.197766
0.000191	6.747203
0.000192	6.269959
0.000193	5.767920
0.000194	5.243073
0.000195	4.697492
0.000196	4.133335
0.000197	3.552833
0.000198	2.958282
0.000199	2.352032
0.000199	1.736482
0.000200	1.114064
0.000201	0.487241
0.000202	-0.141508
0.000203	-0.769699
0.000204	-1.394845
0.000205	-2.014476
0.000206	-2.626140
0.000207	-3.227420
0.000208	-3.815937
0.000208	-4.389364
0.000209	-4.945433
0.000210	-5.481946
0.000211	-5.996781
0.000212	-6.487902
0.000213	-6.953367
0.000214	-7.391335
0.000215	-7.800075
0.000216	-8.177970
0.000217	-8.523525
0.000217	-8.835374
0.000218	-9.112285
0.000219	-9.353161
0.000220	-9.557051
0.000221	-9.723148
0.000222	-9.850796
0.000223	-9.939489
0.000224	-9.988877
0.000225	-9.998764
0.000226	-9.969112
0.000226	-9.900037
0.000227	-9.791813
0.000228	-9.644869
0.000229	-9.459784
0.000230	-9.237290
0.000231	-8.978269
0.000232	-8.683743
0.000233	-8.354878
0.000234	-7.992974
0.000235	-7.599462
0.000235	-7.175899
0.000236	-6.723959
0.000237	-6.245429
0.000238	-5.742203
0.000239	-5.216269
0.000240	-4.669707
0.000241	-4.104680
0.000242	-3.523420
0.000243	-2.928228
0.000243	-2.321456
0.000244	-1.705504
0.000245	-1.082807
0.000246	-0.455829
0.000247	0.172952
0.000248	0.801049
0.000249	1.425978
0.000250	2.045268
0.000251	2.656471
0.000252	3.257168
0.000252	3.844985
0.000253	4.417598
0.000254	4.972741
0.000255	5.508220
0.000256	6.021917
0.000257	6.511800
0.000258	6.975933
0.000259	7.412480
0.000260	7.819715
0.000261	8.196027
0.000261	8.539929
0.000262	8.850059
0.000263	9.125193
0.000264	9.364242
0.000265	9.566260
0.000266	9.730449
0.000267	9.856159
0.000268	9.942894
0.000269	9.990310
0.000270	9.998220
0.000270	9.966593
0.000271	9.895553
0.000272	9.785382
0.000273	9.636515
0.000274	9.449541
0.000275	9.225199
0.000276	8.964377
0.000277	8.668105
0.000278	8.337556
0.000279	7.974037
0.000279	7.578985
0.000280	7.153962
0.000281	6.700649
0.000282	6.220839
0.000283	5.716428
0.000284	5.189413
0.000285	4.641876
0.000286	4.075983
0.000287	3.493972
0.000288	2.898144
0.000288	2.290856
0.000289	1.674509
0.000290	1.051539
0.000291	0.424412
0.000292	-0.204394
0.000293	-0.832391
0.000294	-1.457097
0.000295	-2.076041
0.000296	-2.686775
0.000297	-3.286885
0.000297	-3.873996
0.000298	-4.445788
0.000299	-5.000000
0.000300	-5.534439
0.000301	-6.046993
0.000302	-6.535634
0.000303	-6.998431
0.000304	-7.433552
0.000305	-7.839278
0.000305	-8.214004
0.000306	-8.556248
0.000307	-8.864657
0.000308	-9.138011
0.000309	-9.375229
0.000310	-9.575374
0.000311	-9.737653
0.000312	-9.861425
0.000313	-9.946201
0.000314	-9.991645
0.000314	-9.997577
0.000315	-9.963975
0.000316	-9.890971
0.000317	-9.778853
0.000318	-9.628065
0.000319	-9.439204
0.000320	-9.213016
0.000321	-8.950396
0.000322	-8.652381
0.000323	-8.320152
0.000323	-7.955021
0.000324	-7.558432
0.000325	-7.131953
0.000326	-6.677272
0.000327	-6.196186
0.000328	-5.690597
0.000329	-5.162506
0.000330	-4.613999
0.000331	-4.047247
0.000332	-3.464490
0.000332	-2.868032
0.000333	-2.260234
0.000334	-1.643497
0.000335	-1.020261
0.000336	-0.392991
0.000337	0.235833
0.000338	0.863725
0.000339	1.488201
0.000340	2.106793
0.000341	2.717053
0.000341	3.316568
0.000342	3.902969
0.000343	4.473935
0.000344	5.027209
0.000345	5.560604
0.000346	6.072009
0.000347	6.559404
0.000348	7.020859
0.000349	7.454550
0.000350	7.858763
0.000350	8.231899
0.000351	8.572483
0.000352	8.879167
0.000353	9.150738
0.000354	9.386124
0.000355	9.584393
0.000356	9.744761
0.000357	9.866593
0.000358	9.949409
0.000359	9.992880
0.000359	9.996836
0.000360	9.961259
0.000361	9.886291
0.000362	9.772228
0.000363	9.619521
0.000364	9.428774
0.000365	9.200742
0.000366	8.936326
0.000367	8.636572
0.000367	8.302665
0.000368	7.935926
0.000369	7.537804
0.000370	7.109875
0.000371	6.653830
0.000372	6.171472
0.000373	5.664710
0.000374	5.135547
0.000375	4.586076
0.000376	4.018470
0.000376	3.434973
0.000377	2.837892
0.000378	2.229589
0.000379	1.612469
0.000380	0.988973
0.000381	0.361566
0.000382	-0.267271
0.000383	-0.895051
0.000384	-1.519291
0.000385	-2.137524
0.000385	-2.747304
0.000386	-3.346219
0.000387	-3.931903
0.000388	-4.502037
0.000389	-5.054369
0.000390	-5.586714
0.000391	-6.096966
0.000392	-6.583108
0.000393	-7.043217
0.000394	-7.475475
0.000394	-7.878171
0.000395	-8.249713
0.000396	-8.588633
0.000397	-8.893589
0.000398	-9.163375
0.000399	-9.396926
0.000400	-9.593317
0.000401	-9.751772
0.000402	-9.871664
0.000403	-9.952519
0.000403	-9.994018
0.000404	-9.995995
0.000405	-9.958444
0.000406	-9.881513
0.000407	-9.765506
0.000408	-9.610881
0.000409	-9.418251
0.000410	-9.188378
0.000411	-8.922169
0.000412	-8.620678
0.000412	-8.285096
0.000413	-7.916752
0.000414	-7.517102
0.000415	-7.087726
0.000416	-6.630321
0.000417	-6.146698
0.000418	-5.638767
0.000419	-5.108538
0.000420	-4.558108
0.000420	-3.989654
0.000421	-3.405422
0.000422	-2.807723
0.000423	-2.198922
0.000424	-1.581425
0.000425	-0.957675
0.000426	-0.330137
0.000427	0.298706
0.000428	0.926367
0.000429	1.550366
0.000429	2.168234
0.000430	2.777527
0.000431	3.375837
0.000432	3.960798
0.000433	4.530095
0.000434	5.081479
0.000435	5.612768
0.000436	6.121862
0.000437	6.606747
0.000438	7.065506
0.000438	7.496326
0.000439	7.897501
0.000440	8.267446
0.000441	8.604698
0.000442	8.907923
0.000443	9.175922
0.000444	9.407635
0.000445	9.602147
0.000446	9.758687
0.000447	9.876637
0.000447	9.955531
0.000448	9.995056
0.000449	9.995056
0.000450	9.955531
0.000451	9.876637
0.000452	9.758687
0.000453	9.602147
0.000454	9.407635
0.000455	9.175922
0.000456	8.907923
0.000456	8.604698
0.000457	8.267446
0.000458	7.897501
0.000459	7.496326
0.000460	7.065506
0.000461	6.606747
0.000462	6.121862
0.000463	5.612768
0.000464	5.081479
0.000465	4.530095
0.000465	3.960798
0.000466	3.375837
0.000467	2.777527
0.000468	2.168234
0.000469	1.550366
0.000470	0.926367
0.000471	0.298706
0.000472	-0.330137
0.000473	-0.957675
0.000474	-1.581425
0.000474	-2.198922
0.000475	-2.807723
0.000476	-3.405422
0.000477	-3.989654
0.000478	-4.558108
0.000479	-5.108538
0.000480	-5.638767
0.000481	-6.146698
0.000482	-6.630321
0.000482	-7.087726
0.000483	-7.517102
0.000484	-7.916752
0.000485	-8.285096
0.000486	-8.620678
0.000487	-8.922169
0.000488	-9.188378
0.000489	-9.418251
0.000490	-9.610881
0.000491	-9.765506
0.000491	-9.881513
0.000492	-9.958444
0.000493	-9.995995
0.000494	-9.994018
0.000495	-9.952519
0.000496	-9.871664
0.000497	-9.751772
0.000498	-9.593317
0.000499	-9.396926
0.000500	-9.163375
0.000500	-8.893589
0.000501	-8.588633
0.000502	-8.249713
0.000503	-7.878171
0.000504	-7.475475
0.000505	-7.043217
0.000506	-6.583108
0.000507	-6.096966
0.000508	-5.586714
0.000509	-5.054369
0.000509	-4.502037
0.000510	-3.931903
0.000511	-3.346219
0.000512	-2.747304
0.000513	-2.137524
0.000514	-1.519291
0.000515	-0.895051
0.000516	-0.267271
0.000517	0.361566
0.000518	0.988973
0.000518	1.612469
0.000519	2.229589
0.000520	2.837892
0.000521	3.434973
0.000522	4.018470
0.000523	4.586076
0.000524	5.135547
0.000525	5.664710
0.000526	6.171472
0.000527	6.653830
0.000527	7.109875
0.000528	7.537804
0.000529	7.935926
0.000530	8.302665
0.000531	8.636572
0.000532	8.936326
0.000533	9.200742
0.000534	9.428774
0.000535	9.619521
0.000536	9.772228
0.000536	9.886291
0.000537	9.961259
0.000538	9.996836
0.000539	9.992880
0.000540	9.949409
0.000541	9.866593
0.000542	9.744761
0.000543	9.584393
0.000544	9.386124
0.000544	9.150738
0.000545	8.879167
0.000546	8.572483
0.000547	8.231899
0.000548	7.858763
0.000549	7.454550
0.000550	7.020859
0.000551	6.559404
0.000552	6.072009
0.000553	5.560604
0.000553	5.027209
0.000554	4.473935
0.000555	3.902969
0.000556	3.316568
0.000557	2.717053
0.000558	2.106793
0.000559	1.488201
0.000560	0.863725
0.000561	0.235833
0.000562	-0.392991
0.000562	-1.020261
0.000563	-1.643497
0.000564	-2.260234
0.000565	-2.868032
0.000566	-3.464490
0.000567	-4.047247
0.000568	-4.613999
0.000569	-5.162506
0.000570	-5.690597
0.000571	-6.196186
0.000571	-6.677272
0.000572	-7.131953
0.000573	-7.558432
0.000574	-7.955021
0.000575	-8.320152
0.000576	-8.652381
0.000577	-8.950396
0.000578	-9.213016
0.000579	-9.439204
0.000580	-9.628065
0.000580	-9.778853
0.000581	-9.890971
0.000582	-9.963975
0.000583	-9.997577
0.000584	-9.991645
0.000585	-9.946201
0.000586	-9.861425
0.000587	-9.737653
0.000588	-9.575374
0.000589	-9.375229
0.000589	-9.138011
0.000590	-8.864657
0.000591	-8.556248
0.000592	-8.214004
0.000593	-7.839278
0.000594	-7.433552
0.000595	-6.998431
0.000596	-6.535634
0.000597	-6.046993
0.000598	-5.534439
0.000598	-5.000000
0.000599	-4.445788
0.000600	-3.873996
0.000601	-3.286885
0.000602	-2.686775
0.000603	-2.076041
0.000604	-1.457097
0.000605	-0.832391
0.000606	-0.204394
0.000606	0.424412
0.000607	1.051539
0.000608	1.674509
0.000609	2.290856
0.000610	2.898144
0.000611	3.493972
0.000612	4.075983
0.000613	4.641876
0.000614	5.189413
0.000615	5.716428
0.000615	6.220839
0.000616	6.700649
0.000617	7.153962
0.000618	7.578985
0.000619	7.974037
0.000620	8.337556
0.000621	8.668105
0.000622	8.964377
0.000623	9.225199
0.000624	9.449541
0.000624	9.636515
0.000625	9.785382
0.000626	9.895553
0.000627	9.966593
0.000628	9.998220
0.000629	9.990310
0.000630	9.942894
0.000631	9.856159
0.000632	9.730449
0.000633	9.566260
0.000633	9.364242
0.000634	9.125193
0.000635	8.850059
0.000636	8.539929
0.000637	8.196027
0.000638	7.819715
0.000639	7.412480
0.000640	6.975933
0.000641	6.511800
0.000642	6.021917
0.000642	5.508220
0.000643	4.972741
0.000644	4.417598
0.000645	3.844985
0.000646	3.257168
0.000647	2.656471
0.000648	2.045268
0.000649	1.425978
0.000650	0.801049
0.000651	0.172952
0.000651	-0.455829
0.000652	-1.082807
0.000653	-1.705504
0.000654	-2.321456
0.000655	-2.928228
0.000656	-3.523420
0.000657	-4.104680
0.000658	-4.669707
0.000659	-5.216269
0.000659	-5.742203
0.000660	-6.245429
0.000661	-6.723959
0.000662	-7.175899
0.000663	-7.599462
0.000664	-7.992974
0.000665	-8.354878
0.000666	-8.683743
0.000667	-8.978269
0.000668	-9.237290
0.000668	-9.459784
0.000669	-9.644869
0.000670	-9.791813
0.000671	-9.900037
0.000672	-9.969112
0.000673	-9.998764
0.000674	-9.988877
0.000675	-9.939489
0.000676	-9.850796
0.000677	-9.723148
0.000677	-9.557051
0.000678	-9.353161
0.000679	-9.112285
0.000680	-8.835374
0.000681	-8.523525
0.000682	-8.177970
0.000683	-7.800075
0.000684	-7.391335
0.000685	-6.953367
0.000686	-6.487902
0.000686	-5.996781
0.000687	-5.481946
0.000688	-4.945433
0.000689	-4.389364
0.000690	-3.815937
0.000691	-3.227420
0.000692	-2.626140
0.000693	-2.014476
0.000694	-1.394845
0.000695	-0.769699
0.000695	-0.141508
0.000696	0.487241
0.000697	1.114064
0.000698	1.736482
0.000699	2.352032
0.000700	2.958282
0.000701	3.552833
0.000702	4.133335
0.000703	4.697492
0.000704	5.243073
0.000704	5.767920
0.000705	6.269959
0.000706	6.747203
0.000707	7.197766
0.000708	7.619865
0.000709	8.011832
0.000710	8.372117
0.000711	8.699295
0.000712	8.992072
0.000713	9.249290
0.000713	9.469933
0.000714	9.653127
0.000715	9.798148
0.000716	9.904424
0.000717	9.971532
0.000718	9.999209
0.000719	9.987344
0.000720	9.935985
0.000721	9.845335
0.000721	9.715752
0.000722	9.547748
0.000723	9.341989
0.000724	9.099287
0.000725	8.820602
0.000726	8.507037
0.000727	8.159831
0.000728	7.780358
0.000729	7.370117
0.000730	6.930732
0.000730	6.463940
0.000731	5.971586
0.000732	5.455618
0.000733	4.918076
0.000734	4.361086
0.000735	3.786850
0.000736	3.197639
0.000737	2.595784
0.000738	1.983663
0.000739	1.363698
0.000739	0.738341
0.000740	0.110064
0.000741	-0.518649
0.000742	-1.145310
0.000743	-1.767443
0.000744	-2.382586
0.000745	-2.988307
0.000746	-3.582212
0.000747	-4.161950
0.000748	-4.725230
0.000748	-5.269825
0.000749	-5.793581
0.000750	-6.294426
0.000751	-6.770380
0.000752	-7.219561
0.000753	-7.640193
0.000754	-8.030612
0.000755	-8.389274
0.000756	-8.714761
0.000757	-9.005787
0.000757	-9.261199
0.000758	-9.479989
0.000759	-9.661290
0.000760	-9.804386
0.000761	-9.908712
0.000762	-9.973854
0.000763	-9.999555
0.000764	-9.985713
0.000765	-9.932384
0.000766	-9.839777
0.000766	-9.708259
0.000767	-9.538351
0.000768	-9.330724
0.000769	-9.086198
0.000770	-8.805742
0.000771	-8.490465
0.000772	-8.141612
0.000773	-7.760563
0.000774	-7.348826
0.000775	-6.908028
0.000775	-6.439913
0.000776	-5.946332
0.000777	-5.429236
0.000778	-4.890670
0.000779	-4.332765
0.000780	-3.757726
0.000781	-3.167827
0.000782	-2.565401
0.000783	-1.952831
0.000783	-1.332538
0.000784	-0.706976
0.000785	-0.078618
0.000786	0.550051
0.000787	1.176545
0.000788	1.798386
0.000789	2.413116
0.000790	3.018303
0.000791	3.611554
0.000792	4.190524
0.000792	4.752922
0.000793	5.296525
0.000794	5.819184
0.000795	6.318831
0.000796	6.793490
0.000797	7.241285
0.000798	7.660444
0.000799	8.049311
0.000800	8.406347
0.000801	8.730141
0.000801	9.019412
0.000802	9.273016
0.000803	9.489951
0.000804	9.669358
0.000805	9.810528
0.000806	9.912902
0.000807	9.976077
0.000808	9.999802
0.000809	9.983983
0.000810	9.928684
0.000810	9.834121
0.000811	9.700671
0.000812	9.528859
0.000813	9.319366
0.000814	9.073020
0.000815	8.790796
0.000816	8.473808
0.000817	8.123312
0.000818	7.740692
0.000819	7.327462
0.000819	6.885256
0.000820	6.415823
0.000821	5.921019
0.000822	5.402800
0.000823	4.863216
0.000824	4.304401
0.000825	3.728565
0.000826	3.137984
0.000827	2.534994
0.000828	1.921979
0.000828	1.301365
0.000829	0.675604
0.000830	0.047171
0.000831	-0.581448
0.000832	-1.207768
0.000833	-1.829312
0.000834	-2.443622
0.000835	-3.048269
0.000836	-3.640861
0.000837	-4.219056
0.000837	-4.780567
0.000838	-5.323173
0.000839	-5.844730
0.000840	-6.343173
0.000841	-6.816533
0.000842	-7.262937
0.000843	-7.680621
0.000844	-8.067931
0.000845	-8.423338
0.000845	-8.745435
0.000846	-9.032948
0.000847	-9.284741
0.000848	-9.499819
0.000849	-9.677329
0.000850	-9.816572
0.000851	-9.916995
0.000852	-9.978202
0.000853	-9.999951
0.000854	-9.982155
0.000854	-9.924886
0.000855	-9.828369
0.000856	-9.692986
0.000857	-9.519273
0.000858	-9.307917
0.000859	-9.059753
0.000860	-8.775762
0.000861	-8.457068
0.000862	-8.104932
0.000863	-7.720745
0.000863	-7.306026
0.000864	-6.862416
0.000865	-6.391670
0.000866	-5.895647
0.000867	-5.376311
0.000868	-4.835714
0.000869	-4.275995
0.000870	-3.699367
0.000871	-3.108109
0.000872	-2.504561
0.000872	-1.891109
0.000873	-1.270178
0.000874	-0.644225
0.000875	-0.015724
0.000876	0.612840
0.000877	1.238979
0.000878	1.860220
0.000879	2.474104
0.000880	3.078204
0.000881	3.670132
0.000881	4.247547
0.000882	4.808164
0.000883	5.349769
0.000884	5.870217
0.000885	6.367453
0.000886	6.839508
0.000887	7.284518
0.000888	7.700721
0.000889	8.086471
0.000890	8.440245
0.000890	8.760642
0.000891	9.046395
0.000892	9.296375
0.000893	9.509593
0.000894	9.685206
0.000895	9.822519
0.000896	9.920989
0.000897	9.980228
0.000898	10.000000
