0.000000	10.000000
0.008985	9.980228
0.017970	9.920989
0.026955	9.822519
0.035940	9.685206
0.044925	9.509593
0.053910	9.296375
0.062895	9.046395
0.071880	8.760642
0.080865	8.440245
0.089850	8.086471
0.098835	7.700721
0.107820	7.284518
0.116805	6.839508
0.125789	6.367453
0.134774	5.870217
0.143759	5.349769
0.152744	4.808164
0.161729	4.247547
0.170714	3.670132
0.179699	3.078204
0.188684	2.474104
0.197669	1.860220
0.206654	1.238979
0.215639	0.612840
0.224624	-0.015724
0.233609	-0.644225
0.242594	-1.270178
0.251579	-1.891109
0.260564	-2.504561
0.269549	-3.108109
0.278534	-3.699367
0.287519	-4.275995
0.296504	-4.835714
0.305489	-5.376311
0.314474	-5.895647
0.323459	-6.391670
0.332444	-6.862416
0.341429	-7.306026
0.350414	-7.720745
0.359399	-8.104932
0.368384	-8.457068
0.377368	-8.775762
0.386353	-9.059753
0.395338	-9.307917
0.404323	-9.519273
0.413308	-9.692986
0.422293	-9.828369
0.431278	-9.924886
0.440263	-9.982155
0.449248	-9.999951
0.458233	-9.978202
0.467218	-9.916995
0.476203	-9.816572
0.485188	-9.677329
0.494173	-9.499819
0.503158	-9.284741
0.512143	-9.032948
0.521128	-8.745435
0.530113	-8.423338
0.539098	-8.067931
0.548083	-7.680621
0.557068	-7.262937
0.566053	-6.816533
0.575038	-6.343173
0.584023	-5.844730
0.593008	-5.323173
0.601993	-4.780567
0.610978	-4.219056
0.619963	-3.640861
0.628947	-3.048269
0.637932	-2.443622
0.646917	-1.829312
0.655902	-1.207768
0.664887	-0.581448
0.673872	0.047171
0.682857	0.675604
0.691842	1.301365
0.700827	1.921979
0.709812	2.534994
0.718797	3.137984
0.727782	3.728565
0.736767	4.304401
0.745752	4.863216
0.754737	5.402800
0.763722	5.921019
0.772707	6.415823
0.781692	6.885256
0.790677	7.327462
0.799662	7.740692
0.808647	8.123312
0.817632	8.473808
0.826617	8.790796
0.835602	9.073020
0.844587	9.319366
0.853572	9.528859
0.862557	9.700671
0.871542	9.834121
0.880526	9.928684
0.889511	9.983983
0.898496	9.999802
0.907481	9.976077
0.916466	9.912902
0.925451	9.810528
0.934436	9.669358
0.943421	9.489951
0.952406	9.273016
0.961391	9.019412
0.970376	8.730141
0.979361	8.406347
0.988346	8.049311
0.997331	7.660444
1.006316	7.241285
1.015301	6.793490
1.024286	6.318831
1.033271	5.819184
1.042256	5.296525
1.051241	4.752922
1.060226	4.190524
1.069211	3.611554
1.078196	3.018303
1.087181	2.413116
1.096166	1.798386
1.105151	1.176545
1.114136	0.550051
1.123120	-0.078618
1.132105	-0.706976
1.141090	-1.332538
1.150075	-1.952831
1.159060	-2.565401
1.168045	-3.167827
1.177030	-3.757726
1.186015	-4.332765
1.195000	-4.890670
1.203985	-5.429236
1.212970	-5.946332
1.221955	-6.439913
1.230940	-6.908028
1.239925	-7.348826
1.248910	-7.760563
1.257895	-8.141612
1.266880	-8.490465
1.275865	-8.805742
1.284850	-9.086198
1.293835	-9.330724
1.302820	-9.538351
1.311805	-9.708259
1.320790	-9.839777
1.329775	-9.932384
1.338760	-9.985713
1.347745	-9.999555
1.356730	-9.973854
1.365715	-9.908712
1.374699	-9.804386
1.383684	-9.661290
1.392669	-9.479989
1.401654	-9.261199
1.410639	-9.005787
1.419624	-8.714761
1.428609	-8.389274
1.437594	-8.030612
1.446579	-7.640193
1.455564	-7.219561
1.464549	-6.770380
1.473534	-6.294426
1.482519	-5.793581
1.491504	-5.269825
1.500489	-4.725230
1.509474	-4.161950
1.518459	-3.582212
1.527444	-2.988307
1.536429	-2.382586
1.545414	-1.767443
1.554399	-1.145310
1.563384	-0.518649
1.572369	0.110064
1.581354	0.738341
1.590339	1.363698
1.599324	1.983663
1.608309	2.595784
1.617294	3.197639
1.626278	3.786850
1.635263	4.361086
1.644248	4.918076
1.653233	5.455618
1.662218	5.971586
1.671203	6.463940
1.680188	6.930732
1.689173	7.370117
1.698158	7.780358
1.707143	8.159831
1.716128	8.507037
1.725113	8.820602
1.734098	9.099287
1.743083	9.341989
1.752068	9.547748
1.761053	9.715752
1.770038	9.845335
1.779023	9.935985
1.788008	9.987344
1.796993	9.999209
1.805978	9.971532
1.814963	9.904424
1.823948	9.798148
1.832933	9.653127
1.841918	9.469933
1.850903	9.249290
1.859888	8.992072
1.868873	8.699295
1.877857	8.372117
1.886842	8.011832
1.895827	7.619865
1.904812	7.197766
1.913797	6.747203
1.922782	6.269959
1.931767	5.767920
1.940752	5.243073
1.949737	4.697492
1.958722	4.133335
1.967707	3.552833
1.976692	2.958282
1.985677	2.352032
1.994662	1.736482
2.003647	1.114064
2.012632	0.487241
2.021617	-0.141508
2.030602	-0.769699
2.039587	-1.394845
2.048572	-2.014476
2.057557	-2.626140
2.066542	-3.227420
2.075527	-3.815937
2.084512	-4.389364
2.093497	-4.945433
2.102482	-5.481946
2.111467	-5.996781
2.120451	-6.487902
2.129436	-6.953367
2.138421	-7.391335
2.147406	-7.800075
2.156391	-8.177970
2.165376	-8.523525
2.174361	-8.835374
2.183346	-9.112285
2.192331	-9.353161
2.201316	-9.557051
2.210301	-9.723148
2.219286	-9.850796
2.228271	-9.939489
2.237256	-9.988877
2.246241	-9.998764
2.255226	-9.969112
2.264211	-9.900037
2.273196	-9.791813
2.282181	-9.644869
2.291166	-9.459784
2.300151	-9.237290
2.309136	-8.978269
2.318121	-8.683743
2.327106	-8.354878
2.336091	-7.992974
2.345076	-7.599462
2.354061	-7.175899
2.363046	-6.723959
2.372030	-6.245429
2.381015	-5.742203
2.390000	-5.216269
2.398985	-4.669707
2.407970	-4.104680
2.416955	-3.523420
2.425940	-2.928228
2.434925	-2.321456
2.443910	-1.705504
2.452895	-1.082807
2.461880	-0.455829
2.470865	0.172952
2.479850	0.801049
2.488835	1.425978
2.497820	2.045268
2.506805	2.656471
2.515790	3.257168
2.524775	3.844985
2.533760	4.417598
2.542745	4.972741
2.551730	5.508220
2.560715	6.021917
2.569700	6.511800
2.578685	6.975933
2.587670	7.412480
2.596655	7.819715
2.605640	8.196027
2.614625	8.539929
2.623609	8.850059
2.632594	9.125193
2.641579	9.364242
2.650564	9.566260
2.659549	9.730449
2.668534	9.856159
2.677519	9.942894
2.686504	9.990310
2.695489	9.998220
2.704474	9.966593
2.713459	9.895553
2.722444	9.785382
2.731429	9.636515
2.740414	9.449541
2.749399	9.225199
2.758384	8.964377
2.767369	8.668105
2.776354	8.337556
2.785339	7.974037
2.794324	7.578985
2.803309	7.153962
2.812294	6.700649
2.821279	6.220839
2.830264	5.716428
2.839249	5.189413
2.848234	4.641876
2.857219	4.075983
2.866204	3.493972
2.875188	2.898144
2.884173	2.290856
2.893158	1.674509
2.902143	1.051539
2.911128	0.424412
2.920113	-0.204394
2.929098	-0.832391
2.938083	-1.457097
2.947068	-2.076041
2.956053	-2.686775
2.965038	-3.286885
2.974023	-3.873996
2.983008	-4.445788
2.991993	-5.000000
3.000978	-5.534439
3.009963	-6.046993
3.018948	-6.535634
3.027933	-6.998431
3.036918	-7.433552
3.045903	-7.839278
3.054888	-8.214004
3.063873	-8.556248
3.072858	-8.864657
3.081843	-9.138011
3.090828	-9.375229
3.099813	-9.575374
3.108798	-9.737653
3.117782	-9.861425
3.126767	-9.946201
3.135752	-9.991645
3.144737	-9.997577
3.153722	-9.963975
3.162707	-9.890971
3.171692	-9.778853
3.180677	-9.628065
3.189662	-9.439204
3.198647	-9.213016
3.207632	-8.950396
3.216617	-8.652381
3.225602	-8.320152
3.234587	-7.955021
3.243572	-7.558432
3.252557	-7.131953
3.261542	-6.677272
3.270527	-6.196186
3.279512	-5.690597
3.288497	-5.162506
3.297482	-4.613999
3.306467	-4.047247
3.315452	-3.464490
3.324437	-2.868032
3.333422	-2.260234
3.342407	-1.643497
3.351392	-1.020261
3.360377	-0.392991
3.369361	0.235833
3.378346	0.863725
3.387331	1.488201
3.396316	2.106793
3.405301	2.717053
3.414286	3.316568
3.423271	3.902969
3.432256	4.473935
3.441241	5.027209
3.450226	5.560604
3.459211	6.072009
3.468196	6.559404
3.477181	7.020859
3.486166	7.454550
3.495151	7.858763
3.504136	8.231899
3.513121	8.572483
3.522106	8.879167
3.531091	9.150738
3.540076	9.386124
3.549061	9.584393
3.558046	9.744761
3.567031	9.866593
3.576016	9.949409
3.585001	9.992880
3.593986	9.996836
3.602971	9.961259
3.611956	9.886291
3.620940	9.772228
3.629925	9.619521
3.638910	9.428774
3.647895	9.200742
3.656880	8.936326
3.665865	8.636572
3.674850	8.302665
3.683835	7.935926
3.692820	7.537804
3.701805	7.109875
3.710790	6.653830
3.719775	6.171472
3.728760	5.664710
3.737745	5.135547
3.746730	4.586076
3.755715	4.018470
3.764700	3.434973
3.773685	2.837892
3.782670	2.229589
3.791655	1.612469
3.800640	0.988973
3.809625	0.361566
3.818610	-0.267271
3.827595	-0.895051
3.836580	-1.519291
3.845565	-2.137524
3.854550	-2.747304
3.863535	-3.346219
3.872519	-3.931903
3.881504	-4.502037
3.890489	-5.054369
3.899474	-5.586714
3.908459	-6.096966
3.917444	-6.583108
3.926429	-7.043217
3.935414	-7.475475
3.944399	-7.878171
3.953384	-8.249713
3.962369	-8.588633
3.971354	-8.893589
3.980339	-9.163375
3.989324	-9.396926
3.998309	-9.593317
4.007294	-9.751772
4.016279	-9.871664
4.025264	-9.952519
4.034249	-9.994018
4.043234	-9.995995
4.052219	-9.958444
4.061204	-9.881513
4.070189	-9.765506
4.079174	-9.610881
4.088159	-9.418251
4.097144	-9.188378
4.106129	-8.922169
4.115114	-8.620678
4.124098	-8.285096
4.133083	-7.916752
4.142068	-7.517102
4.151053	-7.087726
4.160038	-6.630321
4.169023	-6.146698
4.178008	-5.638767
4.186993	-5.108538
4.195978	-4.558108
4.204963	-3.989654
4.213948	-3.405422
4.222933	-2.807723
4.231918	-2.198922
4.240903	-1.581425
4.249888	-0.957675
4.258873	-0.330137
4.267858	0.298706
4.276843	0.926367
4.285828	1.550366
4.294813	2.168234
4.303798	2.777527
4.312783	3.375837
4.321768	3.960798
4.330753	4.530095
4.339738	5.081479
4.348723	5.612768
4.357708	6.121862
4.366692	6.606747
4.375677	7.065506
4.384662	7.496326
4.393647	7.897501
4.402632	8.267446
4.411617	8.604698
4.420602	8.907923
4.429587	9.175922
4.438572	9.407635
4.447557	9.602147
4.456542	9.758687
4.465527	9.876637
4.474512	9.955531
4.483497	9.995056
4.492482	9.995056
4.501467	9.955531
4.510452	9.876637
4.519437	9.758687
4.528422	9.602147
4.537407	9.407635
4.546392	9.175922
4.555377	8.907923
4.564362	8.604698
4.573347	8.267446
4.582332	7.897501
4.591317	7.496326
4.600302	7.065506
4.609287	6.606747
4.618271	6.121862
4.627256	5.612768
4.636241	5.081479
4.645226	4.530095
4.654211	3.960798
4.663196	3.375837
4.672181	2.777527
4.681166	2.168234
4.690151	1.550366
4.699136	0.926367
4.708121	0.298706
4.717106	-0.330137
4.726091	-0.957675
4.735076	-1.581425
4.744061	-2.198922
4.753046	-2.807723
4.762031	-3.405422
4.771016	-3.989654
4.780001	-4.558108
4.788986	-5.108538
4.797971	-5.638767
4.806956	-6.146698
4.815941	-6.630321
4.824926	-7.087726
4.833911	-7.517102
4.842896	-7.916752
4.851881	-8.285096
4.860866	-8.620678
4.869850	-8.922169
4.878835	-9.188378
4.887820	-9.418251
4.896805	-9.610881
4.905790	-9.765506
4.914775	-9.881513
4.923760	-9.958444
4.932745	-9.995995
4.941730	-9.994018
4.950715	-9.952519
4.959700	-9.871664
4.968685	-9.751772
4.977670	-9.593317
4.986655	-9.396926
4.995640	-9.163375
5.004625	-8.893589
5.013610	-8.588633
5.022595	-8.249713
5.031580	-7.878171
5.040565	-7.475475
5.049550	-7.043217
5.058535	-6.583108
5.067520	-6.096966
5.076505	-5.586714
5.085490	-5.054369
5.094475	-4.502037
5.103460	-3.931903
5.112445	-3.346219
5.121429	-2.747304
5.130414	-2.137524
5.139399	-1.519291
5.148384	-0.895051
5.157369	-0.267271
5.166354	0.361566
5.175339	0.988973
5.184324	1.612469
5.193309	2.229589
5.202294	2.837892
5.211279	3.434973
5.220264	4.018470
5.229249	4.586076
5.238234	5.135547
5.247219	5.664710
5.256204	6.171472
5.265189	6.653830
5.274174	7.109875
5.283159	7.537804
5.292144	7.935926
5.301129	8.302665
5.310114	8.636572
5.319099	8.936326
5.328084	9.200742
5.337069	9.428774
5.346054	9.619521
5.355039	9.772228
5.364023	9.886291
5.373008	9.961259
5.381993	9.996836
5.390978	9.992880
5.399963	9.949409
5.408948	9.866593
5.417933	9.744761
5.426918	9.584393
5.435903	9.386124
5.444888	9.150738
5.453873	8.879167
5.462858	8.572483
5.471843	8.231899
5.480828	7.858763
5.489813	7.454550
5.498798	7.020859
5.507783	6.559404
5.516768	6.072009
5.525753	5.560604
5.534738	5.027209
5.543723	4.473935
5.552708	3.902969
5.561693	3.316568
5.570678	2.717053
5.579663	2.106793
5.588648	1.488201
5.597633	0.863725
5.606618	0.235833
5.615602	-0.392991
5.624587	-1.020261
5.633572	-1.643497
5.642557	-2.260234
5.651542	-2.868032
5.660527	-3.464490
5.669512	-4.047247
5.678497	-4.613999
5.687482	-5.162506
5.696467	-5.690597
5.705452	-6.196186
5.714437	-6.677272
5.723422	-7.131953
5.732407	-7.558432
5.741392	-7.955021
5.750377	-8.320152
5.759362	-8.652381
5.768347	-8.950396
5.777332	-9.213016
5.786317	-9.439204
5.795302	-9.628065
5.804287	-9.778853
5.813272	-9.890971
5.822257	-9.963975
5.831242	-9.997577
5.840227	-9.991645
5.849212	-9.946201
5.858197	-9.861425
5.867181	-9.737653
5.876166	-9.575374
5.885151	-9.375229
5.894136	-9.138011
5.903121	-8.864657
5.912106	-8.556248
5.921091	-8.214004
5.930076	-7.839278
5.939061	-7.433552
5.948046	-6.998431
5.957031	-6.535634
5.966016	-6.046993
5.975001	-5.534439
5.983986	-5.000000
5.992971	-4.445788
6.001956	-3.873996
6.010941	-3.286885
6.019926	-2.686775
6.028911	-2.076041
6.037896	-1.457097
6.046881	-0.832391
6.055866	-0.204394
6.064851	0.424412
6.073836	1.051539
6.082821	1.674509
6.091806	2.290856
6.100791	2.898144
6.109776	3.493972
6.118760	4.075983
6.127745	4.641876
6.136730	5.189413
6.145715	5.716428
6.154700	6.220839
6.163685	6.700649
6.172670	7.153962
6.181655	7.578985
6.190640	7.974037
6.199625	8.337556
6.208610	8.668105
6.217595	8.964377
6.226580	9.225199
6.235565	9.449541
6.244550	9.636515
6.253535	9.785382
6.262520	9.895553
6.271505	9.966593
6.280490	9.998220
6.289475	9.990310
6.298460	9.942894
6.307445	9.856159
6.316430	9.730449
6.325415	9.566260
6.334400	9.364242
6.343385	9.125193
6.352370	8.850059
6.361354	8.539929
6.370339	8.196027
6.379324	7.819715
6.388309	7.412480
6.397294	6.975933
6.406279	6.511800
6.415264	6.021917
6.424249	5.508220
6.433234	4.972741
6.442219	4.417598
6.451204	3.844985
6.460189	3.257168
6.469174	2.656471
6.478159	2.045268
6.487144	1.425978
6.496129	0.801049
6.505114	0.172952
6.514099	-0.455829
6.523084	-1.082807
6.532069	-1.705504
6.541054	-2.321456
6.550039	-2.928228
6.559024	-3.523420
6.568009	-4.104680
6.576994	-4.669707
6.585979	-5.216269
6.594964	-5.742203
6.603949	-6.245429
6.612933	-6.723959
6.621918	-7.175899
6.630903	-7.599462
6.639888	-7.992974
6.648873	-8.354878
6.657858	-8.683743
6.666843	-8.978269
6.675828	-9.237290
6.684813	-9.459784
6.693798	-9.644869
6.702783	-9.791813
6.711768	-9.900037
6.720753	-9.969112
6.729738	-9.998764
6.738723	-9.988877
6.747708	-9.939489
6.756693	-9.850796
6.765678	-9.723148
6.774663	-9.557051
6.783648	-9.353161
6.792633	-9.112285
6.801618	-8.835374
6.810603	-8.523525
6.819588	-8.177970
6.828573	-7.800075
6.837558	-7.391335
6.846543	-6.953367
6.855528	-6.487902
6.864512	-5.996781
6.873497	-5.481946
6.882482	-4.945433
6.891467	-4.389364
6.900452	-3.815937
6.909437	-3.227420
6.918422	-2.626140
6.927407	-2.014476
6.936392	-1.394845
6.945377	-0.769699
6.954362	-0.141508
6.963347	0.487241
6.972332	1.114064
6.981317	1.736482
6.990302	2.352032
6.999287	2.958282
7.008272	3.552833
7.017257	4.133335
7.026242	4.697492
7.035227	5.243073
7.044212	5.767920
7.053197	6.269959
7.062182	6.747203
7.071167	7.197766
7.080152	7.619865
7.089137	8.011832
7.098122	8.372117
7.107107	8.699295
7.116091	8.992072
7.125076	9.249290
7.134061	9.469933
7.143046	9.653127
7.152031	9.798148
7.161016	9.904424
7.170001	9.971532
7.178986	9.999209
7.187971	9.987344
7.196956	9.935985
7.205941	9.845335
7.214926	9.715752
7.223911	9.547748
7.232896	9.341989
7.241881	9.099287
7.250866	8.820602
7.259851	8.507037
7.268836	8.159831
7.277821	7.780358
7.286806	7.370117
7.295791	6.930732
7.304776	6.463940
7.313761	5.971586
7.322746	5.455618
7.331731	4.918076
7.340716	4.361086
7.349701	3.786850
7.358685	3.197639
7.367670	2.595784
7.376655	1.983663
7.385640	1.363698
7.394625	0.738341
7.403610	0.110064
7.412595	-0.518649
7.421580	-1.145310
7.430565	-1.767443
7.439550	-2.382586
7.448535	-2.988307
7.457520	-3.582212
7.466505	-4.161950
7.475490	-4.725230
7.484475	-5.269825
7.493460	-5.793581
7.502445	-6.294426
7.511430	-6.770380
7.520415	-7.219561
7.529400	-7.640193
7.538385	-8.030612
7.547370	-8.389274
7.556355	-8.714761
7.565340	-9.005787
7.574325	-9.261199
7.583310	-9.479989
7.592295	-9.661290
7.601280	-9.804386
7.610264	-9.908712
7.619249	-9.973854
7.628234	-9.999555
7.637219	-9.985713
7.646204	-9.932384
7.655189	-9.839777
7.664174	-9.708259
7.673159	-9.538351
7.682144	-9.330724
7.691129	-9.086198
7.700114	-8.805742
7.709099	-8.490465
7.718084	-8.141612
7.727069	-7.760563
7.736054	-7.348826
7.745039	-6.908028
7.754024	-6.439913
7.763009	-5.946332
7.771994	-5.429236
7.780979	-4.890670
7.789964	-4.332765
7.798949	-3.757726
7.807934	-3.167827
7.816919	-2.565401
7.825904	-1.952831
7.834889	-1.332538
7.843874	-0.706976
7.852859	-0.078618
7.861843	0.550051
7.870828	1.176545
7.879813	1.798386
7.888798	2.413116
7.897783	3.018303
7.906768	3.611554
7.915753	4.190524
7.924738	4.752922
7.933723	5.296525
7.942708	5.819184
7.951693	6.318831
7.960678	6.793490
7.969663	7.241285
7.978648	7.660444
7.987633	8.049311
7.996618	8.406347
8.005603	8.730141
8.014588	9.019412
8.023573	9.273016
8.032558	9.489951
8.041543	9.669358
8.050528	9.810528
8.059513	9.912902
8.068498	9.976077
8.077483	9.999802
8.086468	9.983983
8.095453	9.928684
8.104438	9.834121
8.113422	9.700671
8.122407	9.528859
8.131392	9.319366
8.140377	9.073020
8.149362	8.790796
8.158347	8.473808
8.167332	8.123312
8.176317	7.740692
8.185302	7.327462
8.194287	6.885256
8.203272	6.415823
8.212257	5.921019
8.221242	5.402800
8.230227	4.863216
8.239212	4.304401
8.248197	3.728565
8.257182	3.137984
8.266167	2.534994
8.275152	1.921979
8.284137	1.301365
8.293122	0.675604
8.302107	0.047171
8.311092	-0.581448
8.320077	-1.207768
8.329062	-1.829312
8.338047	-2.443622
8.347032	-3.048269
8.356016	-3.640861
8.365001	-4.219056
8.373986	-4.780567
8.382971	-5.323173
8.391956	-5.844730
8.400941	-6.343173
8.409926	-6.816533
8.418911	-7.262937
8.427896	-7.680621
8.436881	-8.067931
8.445866	-8.423338
8.454851	-8.745435
8.463836	-9.032948
8.472821	-9.284741
8.481806	-9.499819
8.490791	-9.677329
8.499776	-9.816572
8.508761	-9.916995
8.517746	-9.978202
8.526731	-9.999951
8.535716	-9.982155
8.544701	-9.924886
8.553686	-9.828369
8.562671	-9.692986
8.571656	-9.519273
8.580641	-9.307917
8.589626	-9.059753
8.598611	-8.775762
8.607595	-8.457068
8.616580	-8.104932
8.625565	-7.720745
8.634550	-7.306026
8.643535	-6.862416
8.652520	-6.391670
8.661505	-5.895647
8.670490	-5.376311
8.679475	-4.835714
8.688460	-4.275995
8.697445	-3.699367
8.706430	-3.108109
8.715415	-2.504561
8.724400	-1.891109
8.733385	-1.270178
8.742370	-0.644225
8.751355	-0.015724
8.760340	0.612840
8.769325	1.238979
8.778310	1.860220
8.787295	2.474104
8.796280	3.078204
8.805265	3.670132
8.814250	4.247547
8.823235	4.808164
8.832220	5.349769
8.841205	5.870217
8.850190	6.367453
8.859174	6.839508
8.868159	7.284518
8.877144	7.700721
8.886129	8.086471
8.895114	8.440245
8.904099	8.760642
8.913084	9.046395
8.922069	9.296375
8.931054	9.509593
8.940039	9.685206
8.949024	9.822519
8.958009	9.920989
8.966994	9.980228
8.975979	10.000000
