0.000000	10.000000
0.000786	9.980228
0.001572	9.920989
0.002359	9.822519
0.003145	9.685206
0.003931	9.509593
0.004717	9.296375
0.005503	9.046395
0.006289	8.760642
0.007076	8.440245
0.007862	8.086471
0.008648	7.700721
0.009434	7.284518
0.010220	6.839508
0.011007	6.367453
0.011793	5.870217
0.012579	5.349769
0.013365	4.808164
0.014151	4.247547
0.014938	3.670132
0.015724	3.078204
0.016510	2.474104
0.017296	1.860220
0.018082	1.238979
0.018868	0.612840
0.019655	-0.015724
0.020441	-0.644225
0.021227	-1.270178
0.022013	-1.891109
0.022799	-2.504561
0.023586	-3.108109
0.024372	-3.699367
0.025158	-4.275995
0.025944	-4.835714
0.026730	-5.376311
0.027516	-5.895647
0.028303	-6.391670
0.029089	-6.862416
0.029875	-7.306026
0.030661	-7.720745
0.031447	-8.104932
0.032234	-8.457068
0.033020	-8.775762
0.033806	-9.059753
0.034592	-9.307917
0.035378	-9.519273
0.036164	-9.692986
0.036951	-9.828369
0.037737	-9.924886
0.038523	-9.982155
0.039309	-9.999951
0.040095	-9.978202
0.040882	-9.916995
0.041668	-9.816572
0.042454	-9.677329
0.043240	-9.499819
0.044026	-9.284741
0.044813	-9.032948
0.045599	-8.745435
0.046385	-8.423338
0.047171	-8.067931
0.047957	-7.680621
0.048743	-7.262937
0.049530	-6.816533
0.050316	-6.343173
0.051102	-5.844730
0.051888	-5.323173
0.052674	-4.780567
0.053461	-4.219056
0.054247	-3.640861
0.055033	-3.048269
0.055819	-2.443622
0.056605	-1.829312
0.057391	-1.207768
0.058178	-0.581448
0.058964	0.047171
0.059750	0.675604
0.060536	1.301365
0.061322	1.921979
0.062109	2.534994
0.062895	3.137984
0.063681	3.728565
0.064467	4.304401
0.065253	4.863216
0.066039	5.402800
0.066826	5.921019
0.067612	6.415823
0.068398	6.885256
0.069184	7.327462
0.069970	7.740692
0.070757	8.123312
0.071543	8.473808
0.072329	8.790796
0.073115	9.073020
0.073901	9.319366
0.074688	9.528859
0.075474	9.700671
0.076260	9.834121
0.077046	9.928684
0.077832	9.983983
0.078618	9.999802
0.079405	9.976077
0.080191	9.912902
0.080977	9.810528
0.081763	9.669358
0.082549	9.489951
0.083336	9.273016
0.084122	9.019412
0.084908	8.730141
0.085694	8.406347
0.086480	8.049311
0.087266	7.660444
0.088053	7.241285
0.088839	6.793490
0.089625	6.318831
0.090411	5.819184
0.091197	5.296525
0.091984	4.752922
0.092770	4.190524
0.093556	3.611554
0.094342	3.018303
0.095128	2.413116
0.095914	1.798386
0.096701	1.176545
0.097487	0.550051
0.098273	-0.078618
0.099059	-0.706976
0.099845	-1.332538
0.100632	-1.952831
0.101418	-2.565401
0.102204	-3.167827
0.102990	-3.757726
0.103776	-4.332765
0.104563	-4.890670
0.105349	-5.429236
0.106135	-5.946332
0.106921	-6.439913
0.107707	-6.908028
0.108493	-7.348826
0.109280	-7.760563
0.110066	-8.141612
0.110852	-8.490465
0.111638	-8.805742
0.112424	-9.086198
0.113211	-9.330724
0.113997	-9.538351
0.114783	-9.708259
0.115569	-9.839777
0.116355	-9.932384
0.117141	-9.985713
0.117928	-9.999555
0.118714	-9.973854
0.119500	-9.908712
0.120286	-9.804386
0.121072	-9.661290
0.121859	-9.479989
0.122645	-9.261199
0.123431	-9.005787
0.124217	-8.714761
0.125003	-8.389274
0.125789	-8.030612
0.126576	-7.640193
0.127362	-7.219561
0.128148	-6.770380
0.128934	-6.294426
0.129720	-5.793581
0.130507	-5.269825
0.131293	-4.725230
0.132079	-4.161950
0.132865	-3.582212
0.133651	-2.988307
0.134438	-2.382586
0.135224	-1.767443
0.136010	-1.145310
0.136796	-0.518649
0.137582	0.110064
0.138368	0.738341
0.139155	1.363698
0.139941	1.983663
0.140727	2.595784
0.141513	3.197639
0.142299	3.786850
0.143086	4.361086
0.143872	4.918076
0.144658	5.455618
0.145444	5.971586
0.146230	6.463940
0.147016	6.930732
0.147803	7.370117
0.148589	7.780358
0.149375	8.159831
0.150161	8.507037
0.150947	8.820602
0.151734	9.099287
0.152520	9.341989
0.153306	9.547748
0.154092	9.715752
0.154878	9.845335
0.155665	9.935985
0.156451	9.987344
0.157237	9.999209
0.158023	9.971532
0.158809	9.904424
0.159595	9.798148
0.160382	9.653127
0.161168	9.469933
0.161954	9.249290
0.162740	8.992072
0.163526	8.699295
0.164313	8.372117
0.165099	8.011832
0.165885	7.619865
0.166671	7.197766
0.167457	6.747203
0.168243	6.269959
0.169030	5.767920
0.169816	5.243073
0.170602	4.697492
0.171388	4.133335
0.172174	3.552833
0.172961	2.958282
0.173747	2.352032
0.174533	1.736482
0.175319	1.114064
0.176105	0.487241
0.176891	-0.141508
0.177678	-0.769699
0.178464	-1.394845
0.179250	-2.014476
0.180036	-2.626140
0.180822	-3.227420
0.181609	-3.815937
0.182395	-4.389364
0.183181	-4.945433
0.183967	-5.481946
0.184753	-5.996781
0.185540	-6.487902
0.186326	-6.953367
0.187112	-7.391335
0.187898	-7.800075
0.188684	-8.177970
0.189470	-8.523525
0.190257	-8.835374
0.191043	-9.112285
0.191829	-9.353161
0.192615	-9.557051
0.193401	-9.723148
0.194188	-9.850796
0.194974	-9.939489
0.195760	-9.988877
0.196546	-9.998764
0.197332	-9.969112
0.198118	-9.900037
0.198905	-9.791813
0.199691	-9.644869
0.200477	-9.459784
0.201263	-9.237290
0.202049	-8.978269
0.202836	-8.683743
0.203622	-8.354878
0.204408	-7.992974
0.205194	-7.599462
0.205980	-7.175899
0.206766	-6.723959
0.207553	-6.245429
0.208339	-5.742203
0.209125	-5.216269
0.209911	-4.669707
0.210697	-4.104680
0.211484	-3.523420
0.212270	-2.928228
0.213056	-2.321456
0.213842	-1.705504
0.214628	-1.082807
0.215415	-0.455829
0.216201	0.172952
0.216987	0.801049
0.217773	1.425978
0.218559	2.045268
0.219345	2.656471
0.220132	3.257168
0.220918	3.844985
0.221704	4.417598
0.222490	4.972741
0.223276	5.508220
0.224063	6.021917
0.224849	6.511800
0.225635	6.975933
0.226421	7.412480
0.227207	7.819715
0.227993	8.196027
0.228780	8.539929
0.229566	8.850059
0.230352	9.125193
0.231138	9.364242
0.231924	9.566260
0.232711	9.730449
0.233497	9.856159
0.234283	9.942894
0.235069	9.990310
0.235855	9.998220
0.236641	9.966593
0.237428	9.895553
0.238214	9.785382
0.239000	9.636515
0.239786	9.449541
0.240572	9.225199
0.241359	8.964377
0.242145	8.668105
0.242931	8.337556
0.243717	7.974037
0.244503	7.578985
0.245290	7.153962
0.246076	6.700649
0.246862	6.220839
0.247648	5.716428
0.248434	5.189413
0.249220	4.641876
0.250007	4.075983
0.250793	3.493972
0.251579	2.898144
0.252365	2.290856
0.253151	1.674509
0.253938	1.051539
0.254724	0.424412
0.255510	-0.204394
0.256296	-0.832391
0.257082	-1.457097
0.257868	-2.076041
0.258655	-2.686775
0.259441	-3.286885
0.260227	-3.873996
0.261013	-4.445788
0.261799	-5.000000
0.262586	-5.534439
0.263372	-6.046993
0.264158	-6.535634
0.264944	-6.998431
0.265730	-7.433552
0.266516	-7.839278
0.267303	-8.214004
0.268089	-8.556248
0.268875	-8.864657
0.269661	-9.138011
0.270447	-9.375229
0.271234	-9.575374
0.272020	-9.737653
0.272806	-9.861425
0.273592	-9.946201
0.274378	-9.991645
0.275165	-9.997577
0.275951	-9.963975
0.276737	-9.890971
0.277523	-9.778853
0.278309	-9.628065
0.279095	-9.439204
0.279882	-9.213016
0.280668	-8.950396
0.281454	-8.652381
0.282240	-8.320152
0.283026	-7.955021
0.283813	-7.558432
0.284599	-7.131953
0.285385	-6.677272
0.286171	-6.196186
0.286957	-5.690597
0.287743	-5.162506
0.288530	-4.613999
0.289316	-4.047247
0.290102	-3.464490
0.290888	-2.868032
0.291674	-2.260234
0.292461	-1.643497
0.293247	-1.020261
0.294033	-0.392991
0.294819	0.235833
0.295605	0.863725
0.296391	1.488201
0.297178	2.106793
0.297964	2.717053
0.298750	3.316568
0.299536	3.902969
0.300322	4.473935
0.301109	5.027209
0.301895	5.560604
0.302681	6.072009
0.303467	6.559404
0.304253	7.020859
0.305040	7.454550
0.305826	7.858763
0.306612	8.231899
0.307398	8.572483
0.308184	8.879167
0.308970	9.150738
0.309757	9.386124
0.310543	9.584393
0.311329	9.744761
0.312115	9.866593
0.312901	9.949409
0.313688	9.992880
0.314474	9.996836
0.315260	9.961259
0.316046	9.886291
0.316832	9.772228
0.317618	9.619521
0.318405	9.428774
0.319191	9.200742
0.319977	8.936326
0.320763	8.636572
0.321549	8.302665
0.322336	7.935926
0.323122	7.537804
0.323908	7.109875
0.324694	6.653830
0.325480	6.171472
0.326267	5.664710
0.327053	5.135547
0.327839	4.586076
0.328625	4.018470
0.329411	3.434973
0.330197	2.837892
0.330984	2.229589
0.331770	1.612469
0.332556	0.988973
0.333342	0.361566
0.334128	-0.267271
0.334915	-0.895051
0.335701	-1.519291
0.336487	-2.137524
0.337273	-2.747304
0.338059	-3.346219
0.338845	-3.931903
0.339632	-4.502037
0.340418	-5.054369
0.341204	-5.586714
0.341990	-6.096966
0.342776	-6.583108
0.343563	-7.043217
0.344349	-7.475475
0.345135	-7.878171
0.345921	-8.249713
0.346707	-8.588633
0.347493	-8.893589
0.348280	-9.163375
0.349066	-9.396926
0.349852	-9.593317
0.350638	-9.751772
0.351424	-9.871664
0.352211	-9.952519
0.352997	-9.994018
0.353783	-9.995995
0.354569	-9.958444
0.355355	-9.881513
0.356142	-9.765506
0.356928	-9.610881
0.357714	-9.418251
0.358500	-9.188378
0.359286	-8.922169
0.360072	-8.620678
0.360859	-8.285096
0.361645	-7.916752
0.362431	-7.517102
0.363217	-7.087726
0.364003	-6.630321
0.364790	-6.146698
0.365576	-5.638767
0.366362	-5.108538
0.367148	-4.558108
0.367934	-3.989654
0.368720	-3.405422
0.369507	-2.807723
0.370293	-2.198922
0.371079	-1.581425
0.371865	-0.957675
0.372651	-0.330137
0.373438	0.298706
0.374224	0.926367
0.375010	1.550366
0.375796	2.168234
0.376582	2.777527
0.377368	3.375837
0.378155	3.960798
0.378941	4.530095
0.379727	5.081479
0.380513	5.612768
0.381299	6.121862
0.382086	6.606747
0.382872	7.065506
0.383658	7.496326
0.384444	7.897501
0.385230	8.267446
0.386017	8.604698
0.386803	8.907923
0.387589	9.175922
0.388375	9.407635
0.389161	9.602147
0.389947	9.758687
0.390734	9.876637
0.391520	9.955531
0.392306	9.995056
0.393092	9.995056
0.393878	9.955531
0.394665	9.876637
0.395451	9.758687
0.396237	9.602147
0.397023	9.407635
0.397809	9.175922
0.398595	8.907923
0.399382	8.604698
0.400168	8.267446
0.400954	7.897501
0.401740	7.496326
0.402526	7.065506
0.403313	6.606747
0.404099	6.121862
0.404885	5.612768
0.405671	5.081479
0.406457	4.530095
0.407243	3.960798
0.408030	3.375837
0.408816	2.777527
0.409602	2.168234
0.410388	1.550366
0.411174	0.926367
0.411961	0.298706
0.412747	-0.330137
0.413533	-0.957675
0.414319	-1.581425
0.415105	-2.198922
0.415892	-2.807723
0.416678	-3.405422
0.417464	-3.989654
0.418250	-4.558108
0.419036	-5.108538
0.419822	-5.638767
0.420609	-6.146698
0.421395	-6.630321
0.422181	-7.087726
0.422967	-7.517102
0.423753	-7.916752
0.424540	-8.285096
0.425326	-8.620678
0.426112	-8.922169
0.426898	-9.188378
0.427684	-9.418251
0.428470	-9.610881
0.429257	-9.765506
0.430043	-9.881513
0.430829	-9.958444
0.431615	-9.995995
0.432401	-9.994018
0.433188	-9.952519
0.433974	-9.871664
0.434760	-9.751772
0.435546	-9.593317
0.436332	-9.396926
0.437118	-9.163375
0.437905	-8.893589
0.438691	-8.588633
0.439477	-8.249713
0.440263	-7.878171
0.441049	-7.475475
0.441836	-7.043217
0.442622	-6.583108
0.443408	-6.096966
0.444194	-5.586714
0.444980	-5.054369
0.445767	-4.502037
0.446553	-3.931903
0.447339	-3.346219
0.448125	-2.747304
0.448911	-2.137524
0.449697	-1.519291
0.450484	-0.895051
0.451270	-0.267271
0.452056	0.361566
0.452842	0.988973
0.453628	1.612469
0.454415	2.229589
0.455201	2.837892
0.455987	3.434973
0.456773	4.018470
0.457559	4.586076
0.458345	5.135547
0.459132	5.664710
0.459918	6.171472
0.460704	6.653830
0.461490	7.109875
0.462276	7.537804
0.463063	7.935926
0.463849	8.302665
0.464635	8.636572
0.465421	8.936326
0.466207	9.200742
0.466994	9.428774
0.467780	9.619521
0.468566	9.772228
0.469352	9.886291
0.470138	9.961259
0.470924	9.996836
0.471711	9.992880
0.472497	9.949409
0.473283	9.866593
0.474069	9.744761
0.474855	9.584393
0.475642	9.386124
0.476428	9.150738
0.477214	8.879167
0.478000	8.572483
0.478786	8.231899
0.479572	7.858763
0.480359	7.454550
0.481145	7.020859
0.481931	6.559404
0.482717	6.072009
0.483503	5.560604
0.484290	5.027209
0.485076	4.473935
0.485862	3.902969
0.486648	3.316568
0.487434	2.717053
0.488220	2.106793
0.489007	1.488201
0.489793	0.863725
0.490579	0.235833
0.491365	-0.392991
0.492151	-1.020261
0.492938	-1.643497
0.493724	-2.260234
0.494510	-2.868032
0.495296	-3.464490
0.496082	-4.047247
0.496869	-4.613999
0.497655	-5.162506
0.498441	-5.690597
0.499227	-6.196186
0.500013	-6.677272
0.500799	-7.131953
0.501586	-7.558432
0.502372	-7.955021
0.503158	-8.320152
0.503944	-8.652381
0.504730	-8.950396
0.505517	-9.213016
0.506303	-9.439204
0.507089	-9.628065
0.507875	-9.778853
0.508661	-9.890971
0.509447	-9.963975
0.510234	-9.997577
0.511020	-9.991645
0.511806	-9.946201
0.512592	-9.861425
0.513378	-9.737653
0.514165	-9.575374
0.514951	-9.375229
0.515737	-9.138011
0.516523	-8.864657
0.517309	-8.556248
0.518095	-8.214004
0.518882	-7.839278
0.519668	-7.433552
0.520454	-6.998431
0.521240	-6.535634
0.522026	-6.046993
0.522813	-5.534439
0.523599	-5.000000
0.524385	-4.445788
0.525171	-3.873996
0.525957	-3.286885
0.526744	-2.686775
0.527530	-2.076041
0.528316	-1.457097
0.529102	-0.832391
0.529888	-0.204394
0.530674	0.424412
0.531461	1.051539
0.532247	1.674509
0.533033	2.290856
0.533819	2.898144
0.534605	3.493972
0.535392	4.075983
0.536178	4.641876
0.536964	5.189413
0.537750	5.716428
0.538536	6.220839
0.539322	6.700649
0.540109	7.153962
0.540895	7.578985
0.541681	7.974037
0.542467	8.337556
0.543253	8.668105
0.544040	8.964377
0.544826	9.225199
0.545612	9.449541
0.546398	9.636515
0.547184	9.785382
0.547970	9.895553
0.548757	9.966593
0.549543	9.998220
0.550329	9.990310
0.551115	9.942894
0.551901	9.856159
0.552688	9.730449
0.553474	9.566260
0.554260	9.364242
0.555046	9.125193
0.555832	8.850059
0.556619	8.539929
0.557405	8.196027
0.558191	7.819715
0.558977	7.412480
0.559763	6.975933
0.560549	6.511800
0.561336	6.021917
0.562122	5.508220
0.562908	4.972741
0.563694	4.417598
0.564480	3.844985
0.565267	3.257168
0.566053	2.656471
0.566839	2.045268
0.567625	1.425978
0.568411	0.801049
0.569197	0.172952
0.569984	-0.455829
0.570770	-1.082807
0.571556	-1.705504
0.572342	-2.321456
0.573128	-2.928228
0.573915	-3.523420
0.574701	-4.104680
0.575487	-4.669707
0.576273	-5.216269
0.577059	-5.742203
0.577845	-6.245429
0.578632	-6.723959
0.579418	-7.175899
0.580204	-7.599462
0.580990	-7.992974
0.581776	-8.354878
0.582563	-8.683743
0.583349	-8.978269
0.584135	-9.237290
0.584921	-9.459784
0.585707	-9.644869
0.586494	-9.791813
0.587280	-9.900037
0.588066	-9.969112
0.588852	-9.998764
0.589638	-9.988877
0.590424	-9.939489
0.591211	-9.850796
0.591997	-9.723148
0.592783	-9.557051
0.593569	-9.353161
0.594355	-9.112285
0.595142	-8.835374
0.595928	-8.523525
0.596714	-8.177970
0.597500	-7.800075
0.598286	-7.391335
0.599072	-6.953367
0.599859	-6.487902
0.600645	-5.996781
0.601431	-5.481946
0.602217	-4.945433
0.603003	-4.389364
0.603790	-3.815937
0.604576	-3.227420
0.605362	-2.626140
0.606148	-2.014476
0.606934	-1.394845
0.607721	-0.769699
0.608507	-0.141508
0.609293	0.487241
0.610079	1.114064
0.610865	1.736482
0.611651	2.352032
0.612438	2.958282
0.613224	3.552833
0.614010	4.133335
0.614796	4.697492
0.615582	5.243073
0.616369	5.767920
0.617155	6.269959
0.617941	6.747203
0.618727	7.197766
0.619513	7.619865
0.620299	8.011832
0.621086	8.372117
0.621872	8.699295
0.622658	8.992072
0.623444	9.249290
0.624230	9.469933
0.625017	9.653127
0.625803	9.798148
0.626589	9.904424
0.627375	9.971532
0.628161	9.999209
0.628947	9.987344
0.629734	9.935985
0.630520	9.845335
0.631306	9.715752
0.632092	9.547748
0.632878	9.341989
0.633665	9.099287
0.634451	8.820602
0.635237	8.507037
0.636023	8.159831
0.636809	7.780358
0.637596	7.370117
0.638382	6.930732
0.639168	6.463940
0.639954	5.971586
0.640740	5.455618
0.641526	4.918076
0.642313	4.361086
0.643099	3.786850
0.643885	3.197639
0.644671	2.595784
0.645457	1.983663
0.646244	1.363698
0.647030	0.738341
0.647816	0.110064
0.648602	-0.518649
0.649388	-1.145310
0.650174	-1.767443
0.650961	-2.382586
0.651747	-2.988307
0.652533	-3.582212
0.653319	-4.161950
0.654105	-4.725230
0.654892	-5.269825
0.655678	-5.793581
0.656464	-6.294426
0.657250	-6.770380
0.658036	-7.219561
0.658822	-7.640193
0.659609	-8.030612
0.660395	-8.389274
0.661181	-8.714761
0.661967	-9.005787
0.662753	-9.261199
0.663540	-9.479989
0.664326	-9.661290
0.665112	-9.804386
0.665898	-9.908712
0.666684	-9.973854
0.667471	-9.999555
0.668257	-9.985713
0.669043	-9.932384
0.669829	-9.839777
0.670615	-9.708259
0.671401	-9.538351
0.672188	-9.330724
0.672974	-9.086198
0.673760	-8.805742
0.674546	-8.490465
0.675332	-8.141612
0.676119	-7.760563
0.676905	-7.348826
0.677691	-6.908028
0.678477	-6.439913
0.679263	-5.946332
0.680049	-5.429236
0.680836	-4.890670
0.681622	-4.332765
0.682408	-3.757726
0.683194	-3.167827
0.683980	-2.565401
0.684767	-1.952831
0.685553	-1.332538
0.686339	-0.706976
0.687125	-0.078618
0.687911	0.550051
0.688697	1.176545
0.689484	1.798386
0.690270	2.413116
0.691056	3.018303
0.691842	3.611554
0.692628	4.190524
0.693415	4.752922
0.694201	5.296525
0.694987	5.819184
0.695773	6.318831
0.696559	6.793490
0.697346	7.241285
0.698132	7.660444
0.698918	8.049311
0.699704	8.406347
0.700490	8.730141
0.701276	9.019412
0.702063	9.273016
0.702849	9.489951
0.703635	9.669358
0.704421	9.810528
0.705207	9.912902
0.705994	9.976077
0.706780	9.999802
0.707566	9.983983
0.708352	9.928684
0.709138	9.834121
0.709924	9.700671
0.710711	9.528859
0.711497	9.319366
0.712283	9.073020
0.713069	8.790796
0.713855	8.473808
0.714642	8.123312
0.715428	7.740692
0.716214	7.327462
0.717000	6.885256
0.717786	6.415823
0.718572	5.921019
0.719359	5.402800
0.720145	4.863216
0.720931	4.304401
0.721717	3.728565
0.722503	3.137984
0.723290	2.534994
0.724076	1.921979
0.724862	1.301365
0.725648	0.675604
0.726434	0.047171
0.727221	-0.581448
0.728007	-1.207768
0.728793	-1.829312
0.729579	-2.443622
0.730365	-3.048269
0.731151	-3.640861
0.731938	-4.219056
0.732724	-4.780567
0.733510	-5.323173
0.734296	-5.844730
0.735082	-6.343173
0.735869	-6.816533
0.736655	-7.262937
0.737441	-7.680621
0.738227	-8.067931
0.739013	-8.423338
0.739799	-8.745435
0.740586	-9.032948
0.741372	-9.284741
0.742158	-9.499819
0.742944	-9.677329
0.743730	-9.816572
0.744517	-9.916995
0.745303	-9.978202
0.746089	-9.999951
0.746875	-9.982155
0.747661	-9.924886
0.748447	-9.828369
0.749234	-9.692986
0.750020	-9.519273
0.750806	-9.307917
0.751592	-9.059753
0.752378	-8.775762
0.753165	-8.457068
0.753951	-8.104932
0.754737	-7.720745
0.755523	-7.306026
0.756309	-6.862416
0.757096	-6.391670
0.757882	-5.895647
0.758668	-5.376311
0.759454	-4.835714
0.760240	-4.275995
0.761026	-3.699367
0.761813	-3.108109
0.762599	-2.504561
0.763385	-1.891109
0.764171	-1.270178
0.764957	-0.644225
0.765744	-0.015724
0.766530	0.612840
0.767316	1.238979
0.768102	1.860220
0.768888	2.474104
0.769674	3.078204
0.770461	3.670132
0.771247	4.247547
0.772033	4.808164
0.772819	5.349769
0.773605	5.870217
0.774392	6.367453
0.775178	6.839508
0.775964	7.284518
0.776750	7.700721
0.777536	8.086471
0.778323	8.440245
0.779109	8.760642
0.779895	9.046395
0.780681	9.296375
0.781467	9.509593
0.782253	9.685206
0.783040	9.822519
0.783826	9.920989
0.784612	9.980228
0.785398	10.000000
