0.000000	10.000000
0.000008	9.980228
0.000016	9.920989
0.000024	9.822519
0.000031	9.685206
0.000039	9.509593
0.000047	9.296375
0.000055	9.046395
0.000063	8.760642
0.000071	8.440245
0.000079	8.086471
0.000086	7.700721
0.000094	7.284518
0.000102	6.839508
0.000110	6.367453
0.000118	5.870217
0.000126	5.349769
0.000134	4.808164
0.000142	4.247547
0.000149	3.670132
0.000157	3.078204
0.000165	2.474104
0.000173	1.860220
0.000181	1.238979
0.000189	0.612840
0.000197	-0.015724
0.000204	-0.644225
0.000212	-1.270178
0.000220	-1.891109
0.000228	-2.504561
0.000236	-3.108109
0.000244	-3.699367
0.000252	-4.275995
0.000259	-4.835714
0.000267	-5.376311
0.000275	-5.895647
0.000283	-6.391670
0.000291	-6.862416
0.000299	-7.306026
0.000307	-7.720745
0.000314	-8.104932
0.000322	-8.457068
0.000330	-8.775762
0.000338	-9.059753
0.000346	-9.307917
0.000354	-9.519273
0.000362	-9.692986
0.000370	-9.828369
0.000377	-9.924886
0.000385	-9.982155
0.000393	-9.999951
0.000401	-9.978202
0.000409	-9.916995
0.000417	-9.816572
0.000425	-9.677329
0.000432	-9.499819
0.000440	-9.284741
0.000448	-9.032948
0.000456	-8.745435
0.000464	-8.423338
0.000472	-8.067931
0.000480	-7.680621
0.000487	-7.262937
0.000495	-6.816533
0.000503	-6.343173
0.000511	-5.844730
0.000519	-5.323173
0.000527	-4.780567
0.000535	-4.219056
0.000542	-3.640861
0.000550	-3.048269
0.000558	-2.443622
0.000566	-1.829312
0.000574	-1.207768
0.000582	-0.581448
0.000590	0.047171
0.000598	0.675604
0.000605	1.301365
0.000613	1.921979
0.000621	2.534994
0.000629	3.137984
0.000637	3.728565
0.000645	4.304401
0.000653	4.863216
0.000660	5.402800
0.000668	5.921019
0.000676	6.415823
0.000684	6.885256
0.000692	7.327462
0.000700	7.740692
0.000708	8.123312
0.000715	8.473808
0.000723	8.790796
0.000731	9.073020
0.000739	9.319366
0.000747	9.528859
0.000755	9.700671
0.000763	9.834121
0.000770	9.928684
0.000778	9.983983
0.000786	9.999802
0.000794	9.976077
0.000802	9.912902
0.000810	9.810528
0.000818	9.669358
0.000825	9.489951
0.000833	9.273016
0.000841	9.019412
0.000849	8.730141
0.000857	8.406347
0.000865	8.049311
0.000873	7.660444
0.000881	7.241285
0.000888	6.793490
0.000896	6.318831
0.000904	5.819184
0.000912	5.296525
0.000920	4.752922
0.000928	4.190524
0.000936	3.611554
0.000943	3.018303
0.000951	2.413116
0.000959	1.798386
0.000967	1.176545
0.000975	0.550051
0.000983	-0.078618
0.000991	-0.706976
0.000998	-1.332538
0.001006	-1.952831
0.001014	-2.565401
0.001022	-3.167827
0.001030	-3.757726
0.001038	-4.332765
0.001046	-4.890670
0.001053	-5.429236
0.001061	-5.946332
0.001069	-6.439913
0.001077	-6.908028
0.001085	-7.348826
0.001093	-7.760563
0.001101	-8.141612
0.001109	-8.490465
0.001116	-8.805742
0.001124	-9.086198
0.001132	-9.330724
0.001140	-9.538351
0.001148	-9.708259
0.001156	-9.839777
0.001164	-9.932384
0.001171	-9.985713
0.001179	-9.999555
0.001187	-9.973854
0.001195	-9.908712
0.001203	-9.804386
0.001211	-9.661290
0.001219	-9.479989
0.001226	-9.261199
0.001234	-9.005787
0.001242	-8.714761
0.001250	-8.389274
0.001258	-8.030612
0.001266	-7.640193
0.001274	-7.219561
0.001281	-6.770380
0.001289	-6.294426
0.001297	-5.793581
0.001305	-5.269825
0.001313	-4.725230
0.001321	-4.161950
0.001329	-3.582212
0.001337	-2.988307
0.001344	-2.382586
0.001352	-1.767443
0.001360	-1.145310
0.001368	-0.518649
0.001376	0.110064
0.001384	0.738341
0.001392	1.363698
0.001399	1.983663
0.001407	2.595784
0.001415	3.197639
0.001423	3.786850
0.001431	4.361086
0.001439	4.918076
0.001447	5.455618
0.001454	5.971586
0.001462	6.463940
0.001470	6.930732
0.001478	7.370117
0.001486	7.780358
0.001494	8.159831
0.001502	8.507037
0.001509	8.820602
0.001517	9.099287
0.001525	9.341989
0.001533	9.547748
0.001541	9.715752
0.001549	9.845335
0.001557	9.935985
0.001565	9.987344
0.001572	9.999209
0.001580	9.971532
0.001588	9.904424
0.001596	9.798148
0.001604	9.653127
0.001612	9.469933
0.001620	9.249290
0.001627	8.992072
0.001635	8.699295
0.001643	8.372117
0.001651	8.011832
0.001659	7.619865
0.001667	7.197766
0.001675	6.747203
0.001682	6.269959
0.001690	5.767920
0.001698	5.243073
0.001706	4.697492
0.001714	4.133335
0.001722	3.552833
0.001730	2.958282
0.001737	2.352032
0.001745	1.736482
0.001753	1.114064
0.001761	0.487241
0.001769	-0.141508
0.001777	-0.769699
0.001785	-1.394845
0.001793	-2.014476
0.001800	-2.626140
0.001808	-3.227420
0.001816	-3.815937
0.001824	-4.389364
0.001832	-4.945433
0.001840	-5.481946
0.001848	-5.996781
0.001855	-6.487902
0.001863	-6.953367
0.001871	-7.391335
0.001879	-7.800075
0.001887	-8.177970
0.001895	-8.523525
0.001903	-8.835374
0.001910	-9.112285
0.001918	-9.353161
0.001926	-9.557051
0.001934	-9.723148
0.001942	-9.850796
0.001950	-9.939489
0.001958	-9.988877
0.001965	-9.998764
0.001973	-9.969112
0.001981	-9.900037
0.001989	-9.791813
0.001997	-9.644869
0.002005	-9.459784
0.002013	-9.237290
0.002020	-8.978269
0.002028	-8.683743
0.002036	-8.354878
0.002044	-7.992974
0.002052	-7.599462
0.002060	-7.175899
0.002068	-6.723959
0.002076	-6.245429
0.002083	-5.742203
0.002091	-5.216269
0.002099	-4.669707
0.002107	-4.104680
0.002115	-3.523420
0.002123	-2.928228
0.002131	-2.321456
0.002138	-1.705504
0.002146	-1.082807
0.002154	-0.455829
0.002162	0.172952
0.002170	0.801049
0.002178	1.425978
0.002186	2.045268
0.002193	2.656471
0.002201	3.257168
0.002209	3.844985
0.002217	4.417598
0.002225	4.972741
0.002233	5.508220
0.002241	6.021917
0.002248	6.511800
0.002256	6.975933
0.002264	7.412480
0.002272	7.819715
0.002280	8.196027
0.002288	8.539929
0.002296	8.850059
0.002304	9.125193
0.002311	9.364242
0.002319	9.566260
0.002327	9.730449
0.002335	9.856159
0.002343	9.942894
0.002351	9.990310
0.002359	9.998220
0.002366	9.966593
0.002374	9.895553
0.002382	9.785382
0.002390	9.636515
0.002398	9.449541
0.002406	9.225199
0.002414	8.964377
0.002421	8.668105
0.002429	8.337556
0.002437	7.974037
0.002445	7.578985
0.002453	7.153962
0.002461	6.700649
0.002469	6.220839
0.002476	5.716428
0.002484	5.189413
0.002492	4.641876
0.002500	4.075983
0.002508	3.493972
0.002516	2.898144
0.002524	2.290856
0.002532	1.674509
0.002539	1.051539
0.002547	0.424412
0.002555	-0.204394
0.002563	-0.832391
0.002571	-1.457097
0.002579	-2.076041
0.002587	-2.686775
0.002594	-3.286885
0.002602	-3.873996
0.002610	-4.445788
0.002618	-5.000000
0.002626	-5.534439
0.002634	-6.046993
0.002642	-6.535634
0.002649	-6.998431
0.002657	-7.433552
0.002665	-7.839278
0.002673	-8.214004
0.002681	-8.556248
0.002689	-8.864657
0.002697	-9.138011
0.002704	-9.375229
0.002712	-9.575374
0.002720	-9.737653
0.002728	-9.861425
0.002736	-9.946201
0.002744	-9.991645
0.002752	-9.997577
0.002760	-9.963975
0.002767	-9.890971
0.002775	-9.778853
0.002783	-9.628065
0.002791	-9.439204
0.002799	-9.213016
0.002807	-8.950396
0.002815	-8.652381
0.002822	-8.320152
0.002830	-7.955021
0.002838	-7.558432
0.002846	-7.131953
0.002854	-6.677272
0.002862	-6.196186
0.002870	-5.690597
0.002877	-5.162506
0.002885	-4.613999
0.002893	-4.047247
0.002901	-3.464490
0.002909	-2.868032
0.002917	-2.260234
0.002925	-1.643497
0.002932	-1.020261
0.002940	-0.392991
0.002948	0.235833
0.002956	0.863725
0.002964	1.488201
0.002972	2.106793
0.002980	2.717053
0.002988	3.316568
0.002995	3.902969
0.003003	4.473935
0.003011	5.027209
0.003019	5.560604
0.003027	6.072009
0.003035	6.559404
0.003043	7.020859
0.003050	7.454550
0.003058	7.858763
0.003066	8.231899
0.003074	8.572483
0.003082	8.879167
0.003090	9.150738
0.003098	9.386124
0.003105	9.584393
0.003113	9.744761
0.003121	9.866593
0.003129	9.949409
0.003137	9.992880
0.003145	9.996836
0.003153	9.961259
0.003160	9.886291
0.003168	9.772228
0.003176	9.619521
0.003184	9.428774
0.003192	9.200742
0.003200	8.936326
0.003208	8.636572
0.003215	8.302665
0.003223	7.935926
0.003231	7.537804
0.003239	7.109875
0.003247	6.653830
0.003255	6.171472
0.003263	5.664710
0.003271	5.135547
0.003278	4.586076
0.003286	4.018470
0.003294	3.434973
0.003302	2.837892
0.003310	2.229589
0.003318	1.612469
0.003326	0.988973
0.003333	0.361566
0.003341	-0.267271
0.003349	-0.895051
0.003357	-1.519291
0.003365	-2.137524
0.003373	-2.747304
0.003381	-3.346219
0.003388	-3.931903
0.003396	-4.502037
0.003404	-5.054369
0.003412	-5.586714
0.003420	-6.096966
0.003428	-6.583108
0.003436	-7.043217
0.003443	-7.475475
0.003451	-7.878171
0.003459	-8.249713
0.003467	-8.588633
0.003475	-8.893589
0.003483	-9.163375
0.003491	-9.396926
0.003499	-9.593317
0.003506	-9.751772
0.003514	-9.871664
0.003522	-9.952519
0.003530	-9.994018
0.003538	-9.995995
0.003546	-9.958444
0.003554	-9.881513
0.003561	-9.765506
0.003569	-9.610881
0.003577	-9.418251
0.003585	-9.188378
0.003593	-8.922169
0.003601	-8.620678
0.003609	-8.285096
0.003616	-7.916752
0.003624	-7.517102
0.003632	-7.087726
0.003640	-6.630321
0.003648	-6.146698
0.003656	-5.638767
0.003664	-5.108538
0.003671	-4.558108
0.003679	-3.989654
0.003687	-3.405422
0.003695	-2.807723
0.003703	-2.198922
0.003711	-1.581425
0.003719	-0.957675
0.003727	-0.330137
0.003734	0.298706
0.003742	0.926367
0.003750	1.550366
0.003758	2.168234
0.003766	2.777527
0.003774	3.375837
0.003782	3.960798
0.003789	4.530095
0.003797	5.081479
0.003805	5.612768
0.003813	6.121862
0.003821	6.606747
0.003829	7.065506
0.003837	7.496326
0.003844	7.897501
0.003852	8.267446
0.003860	8.604698
0.003868	8.907923
0.003876	9.175922
0.003884	9.407635
0.003892	9.602147
0.003899	9.758687
0.003907	9.876637
0.003915	9.955531
0.003923	9.995056
0.003931	9.995056
0.003939	9.955531
0.003947	9.876637
0.003955	9.758687
0.003962	9.602147
0.003970	9.407635
0.003978	9.175922
0.003986	8.907923
0.003994	8.604698
0.004002	8.267446
0.004010	7.897501
0.004017	7.496326
0.004025	7.065506
0.004033	6.606747
0.004041	6.121862
0.004049	5.612768
0.004057	5.081479
0.004065	4.530095
0.004072	3.960798
0.004080	3.375837
0.004088	2.777527
0.004096	2.168234
0.004104	1.550366
0.004112	0.926367
0.004120	0.298706
0.004127	-0.330137
0.004135	-0.957675
0.004143	-1.581425
0.004151	-2.198922
0.004159	-2.807723
0.004167	-3.405422
0.004175	-3.989654
0.004183	-4.558108
0.004190	-5.108538
0.004198	-5.638767
0.004206	-6.146698
0.004214	-6.630321
0.004222	-7.087726
0.004230	-7.517102
0.004238	-7.916752
0.004245	-8.285096
0.004253	-8.620678
0.004261	-8.922169
0.004269	-9.188378
0.004277	-9.418251
0.004285	-9.610881
0.004293	-9.765506
0.004300	-9.881513
0.004308	-9.958444
0.004316	-9.995995
0.004324	-9.994018
0.004332	-9.952519
0.004340	-9.871664
0.004348	-9.751772
0.004355	-9.593317
0.004363	-9.396926
0.004371	-9.163375
0.004379	-8.893589
0.004387	-8.588633
0.004395	-8.249713
0.004403	-7.878171
0.004410	-7.475475
0.004418	-7.043217
0.004426	-6.583108
0.004434	-6.096966
0.004442	-5.586714
0.004450	-5.054369
0.004458	-4.502037
0.004466	-3.931903
0.004473	-3.346219
0.004481	-2.747304
0.004489	-2.137524
0.004497	-1.519291
0.004505	-0.895051
0.004513	-0.267271
0.004521	0.361566
0.004528	0.988973
0.004536	1.612469
0.004544	2.229589
0.004552	2.837892
0.004560	3.434973
0.004568	4.018470
0.004576	4.586076
0.004583	5.135547
0.004591	5.664710
0.004599	6.171472
0.004607	6.653830
0.004615	7.109875
0.004623	7.537804
0.004631	7.935926
0.004638	8.302665
0.004646	8.636572
0.004654	8.936326
0.004662	9.200742
0.004670	9.428774
0.004678	9.619521
0.004686	9.772228
0.004694	9.886291
0.004701	9.961259
0.004709	9.996836
0.004717	9.992880
0.004725	9.949409
0.004733	9.866593
0.004741	9.744761
0.004749	9.584393
0.004756	9.386124
0.004764	9.150738
0.004772	8.879167
0.004780	8.572483
0.004788	8.231899
0.004796	7.858763
0.004804	7.454550
0.004811	7.020859
0.004819	6.559404
0.004827	6.072009
0.004835	5.560604
0.004843	5.027209
0.004851	4.473935
0.004859	3.902969
0.004866	3.316568
0.004874	2.717053
0.004882	2.106793
0.004890	1.488201
0.004898	0.863725
0.004906	0.235833
0.004914	-0.392991
0.004922	-1.020261
0.004929	-1.643497
0.004937	-2.260234
0.004945	-2.868032
0.004953	-3.464490
0.004961	-4.047247
0.004969	-4.613999
0.004977	-5.162506
0.004984	-5.690597
0.004992	-6.196186
0.005000	-6.677272
0.005008	-7.131953
0.005016	-7.558432
0.005024	-7.955021
0.005032	-8.320152
0.005039	-8.652381
0.005047	-8.950396
0.005055	-9.213016
0.005063	-9.439204
0.005071	-9.628065
0.005079	-9.778853
0.005087	-9.890971
0.005094	-9.963975
0.005102	-9.997577
0.005110	-9.991645
0.005118	-9.946201
0.005126	-9.861425
0.005134	-9.737653
0.005142	-9.575374
0.005150	-9.375229
0.005157	-9.138011
0.005165	-8.864657
0.005173	-8.556248
0.005181	-8.214004
0.005189	-7.839278
0.005197	-7.433552
0.005205	-6.998431
0.005212	-6.535634
0.005220	-6.046993
0.005228	-5.534439
0.005236	-5.000000
0.005244	-4.445788
0.005252	-3.873996
0.005260	-3.286885
0.005267	-2.686775
0.005275	-2.076041
0.005283	-1.457097
0.005291	-0.832391
0.005299	-0.204394
0.005307	0.424412
0.005315	1.051539
0.005322	1.674509
0.005330	2.290856
0.005338	2.898144
0.005346	3.493972
0.005354	4.075983
0.005362	4.641876
0.005370	5.189413
0.005378	5.716428
0.005385	6.220839
0.005393	6.700649
0.005401	7.153962
0.005409	7.578985
0.005417	7.974037
0.005425	8.337556
0.005433	8.668105
0.005440	8.964377
0.005448	9.225199
0.005456	9.449541
0.005464	9.636515
0.005472	9.785382
0.005480	9.895553
0.005488	9.966593
0.005495	9.998220
0.005503	9.990310
0.005511	9.942894
0.005519	9.856159
0.005527	9.730449
0.005535	9.566260
0.005543	9.364242
0.005550	9.125193
0.005558	8.850059
0.005566	8.539929
0.005574	8.196027
0.005582	7.819715
0.005590	7.412480
0.005598	6.975933
0.005605	6.511800
0.005613	6.021917
0.005621	5.508220
0.005629	4.972741
0.005637	4.417598
0.005645	3.844985
0.005653	3.257168
0.005661	2.656471
0.005668	2.045268
0.005676	1.425978
0.005684	0.801049
0.005692	0.172952
0.005700	-0.455829
0.005708	-1.082807
0.005716	-1.705504
0.005723	-2.321456
0.005731	-2.928228
0.005739	-3.523420
0.005747	-4.104680
0.005755	-4.669707
0.005763	-5.216269
0.005771	-5.742203
0.005778	-6.245429
0.005786	-6.723959
0.005794	-7.175899
0.005802	-7.599462
0.005810	-7.992974
0.005818	-8.354878
0.005826	-8.683743
0.005833	-8.978269
0.005841	-9.237290
0.005849	-9.459784
0.005857	-9.644869
0.005865	-9.791813
0.005873	-9.900037
0.005881	-9.969112
0.005889	-9.998764
0.005896	-9.988877
0.005904	-9.939489
0.005912	-9.850796
0.005920	-9.723148
0.005928	-9.557051
0.005936	-9.353161
0.005944	-9.112285
0.005951	-8.835374
0.005959	-8.523525
0.005967	-8.177970
0.005975	-7.800075
0.005983	-7.391335
0.005991	-6.953367
0.005999	-6.487902
0.006006	-5.996781
0.006014	-5.481946
0.006022	-4.945433
0.006030	-4.389364
0.006038	-3.815937
0.006046	-3.227420
0.006054	-2.626140
0.006061	-2.014476
0.006069	-1.394845
0.006077	-0.769699
0.006085	-0.141508
0.006093	0.487241
0.006101	1.114064
0.006109	1.736482
0.006117	2.352032
0.006124	2.958282
0.006132	3.552833
0.006140	4.133335
0.006148	4.697492
0.006156	5.243073
0.006164	5.767920
0.006172	6.269959
0.006179	6.747203
0.006187	7.197766
0.006195	7.619865
0.006203	8.011832
0.006211	8.372117
0.006219	8.699295
0.006227	8.992072
0.006234	9.249290
0.006242	9.469933
0.006250	9.653127
0.006258	9.798148
0.006266	9.904424
0.006274	9.971532
0.006282	9.999209
0.006289	9.987344
0.006297	9.935985
0.006305	9.845335
0.006313	9.715752
0.006321	9.547748
0.006329	9.341989
0.006337	9.099287
0.006345	8.820602
0.006352	8.507037
0.006360	8.159831
0.006368	7.780358
0.006376	7.370117
0.006384	6.930732
0.006392	6.463940
0.006400	5.971586
0.006407	5.455618
0.006415	4.918076
0.006423	4.361086
0.006431	3.786850
0.006439	3.197639
0.006447	2.595784
0.006455	1.983663
0.006462	1.363698
0.006470	0.738341
0.006478	0.110064
0.006486	-0.518649
0.006494	-1.145310
0.006502	-1.767443
0.006510	-2.382586
0.006517	-2.988307
0.006525	-3.582212
0.006533	-4.161950
0.006541	-4.725230
0.006549	-5.269825
0.006557	-5.793581
0.006565	-6.294426
0.006573	-6.770380
0.006580	-7.219561
0.006588	-7.640193
0.006596	-8.030612
0.006604	-8.389274
0.006612	-8.714761
0.006620	-9.005787
0.006628	-9.261199
0.006635	-9.479989
0.006643	-9.661290
0.006651	-9.804386
0.006659	-9.908712
0.006667	-9.973854
0.006675	-9.999555
0.006683	-9.985713
0.006690	-9.932384
0.006698	-9.839777
0.006706	-9.708259
0.006714	-9.538351
0.006722	-9.330724
0.006730	-9.086198
0.006738	-8.805742
0.006745	-8.490465
0.006753	-8.141612
0.006761	-7.760563
0.006769	-7.348826
0.006777	-6.908028
0.006785	-6.439913
0.006793	-5.946332
0.006800	-5.429236
0.006808	-4.890670
0.006816	-4.332765
0.006824	-3.757726
0.006832	-3.167827
0.006840	-2.565401
0.006848	-1.952831
0.006856	-1.332538
0.006863	-0.706976
0.006871	-0.078618
0.006879	0.550051
0.006887	1.176545
0.006895	1.798386
0.006903	2.413116
0.006911	3.018303
0.006918	3.611554
0.006926	4.190524
0.006934	4.752922
0.006942	5.296525
0.006950	5.819184
0.006958	6.318831
0.006966	6.793490
0.006973	7.241285
0.006981	7.660444
0.006989	8.049311
0.006997	8.406347
0.007005	8.730141
0.007013	9.019412
0.007021	9.273016
0.007028	9.489951
0.007036	9.669358
0.007044	9.810528
0.007052	9.912902
0.007060	9.976077
0.007068	9.999802
0.007076	9.983983
0.007084	9.928684
0.007091	9.834121
0.007099	9.700671
0.007107	9.528859
0.007115	9.319366
0.007123	9.073020
0.007131	8.790796
0.007139	8.473808
0.007146	8.123312
0.007154	7.740692
0.007162	7.327462
0.007170	6.885256
0.007178	6.415823
0.007186	5.921019
0.007194	5.402800
0.007201	4.863216
0.007209	4.304401
0.007217	3.728565
0.007225	3.137984
0.007233	2.534994
0.007241	1.921979
0.007249	1.301365
0.007256	0.675604
0.007264	0.047171
0.007272	-0.581448
0.007280	-1.207768
0.007288	-1.829312
0.007296	-2.443622
0.007304	-3.048269
0.007312	-3.640861
0.007319	-4.219056
0.007327	-4.780567
0.007335	-5.323173
0.007343	-5.844730
0.007351	-6.343173
0.007359	-6.816533
0.007367	-7.262937
0.007374	-7.680621
0.007382	-8.067931
0.007390	-8.423338
0.007398	-8.745435
0.007406	-9.032948
0.007414	-9.284741
0.007422	-9.499819
0.007429	-9.677329
0.007437	-9.816572
0.007445	-9.916995
0.007453	-9.978202
0.007461	-9.999951
0.007469	-9.982155
0.007477	-9.924886
0.007484	-9.828369
0.007492	-9.692986
0.007500	-9.519273
0.007508	-9.307917
0.007516	-9.059753
0.007524	-8.775762
0.007532	-8.457068
0.007540	-8.104932
0.007547	-7.720745
0.007555	-7.306026
0.007563	-6.862416
0.007571	-6.391670
0.007579	-5.895647
0.007587	-5.376311
0.007595	-4.835714
0.007602	-4.275995
0.007610	-3.699367
0.007618	-3.108109
0.007626	-2.504561
0.007634	-1.891109
0.007642	-1.270178
0.007650	-0.644225
0.007657	-0.015724
0.007665	0.612840
0.007673	1.238979
0.007681	1.860220
0.007689	2.474104
0.007697	3.078204
0.007705	3.670132
0.007712	4.247547
0.007720	4.808164
0.007728	5.349769
0.007736	5.870217
0.007744	6.367453
0.007752	6.839508
0.007760	7.284518
0.007768	7.700721
0.007775	8.086471
0.007783	8.440245
0.007791	8.760642
0.007799	9.046395
0.007807	9.296375
0.007815	9.509593
0.007823	9.685206
0.007830	9.822519
0.007838	9.920989
0.007846	9.980228
0.007854	10.000000
