0.000000	10.000000
0.000079	9.980228
0.000157	9.920989
0.000236	9.822519
0.000314	9.685206
0.000393	9.509593
0.000472	9.296375
0.000550	9.046395
0.000629	8.760642
0.000708	8.440245
0.000786	8.086471
0.000865	7.700721
0.000943	7.284518
0.001022	6.839508
0.001101	6.367453
0.001179	5.870217
0.001258	5.349769
0.001337	4.808164
0.001415	4.247547
0.001494	3.670132
0.001572	3.078204
0.001651	2.474104
0.001730	1.860220
0.001808	1.238979
0.001887	0.612840
0.001965	-0.015724
0.002044	-0.644225
0.002123	-1.270178
0.002201	-1.891109
0.002280	-2.504561
0.002359	-3.108109
0.002437	-3.699367
0.002516	-4.275995
0.002594	-4.835714
0.002673	-5.376311
0.002752	-5.895647
0.002830	-6.391670
0.002909	-6.862416
0.002988	-7.306026
0.003066	-7.720745
0.003145	-8.104932
0.003223	-8.457068
0.003302	-8.775762
0.003381	-9.059753
0.003459	-9.307917
0.003538	-9.519273
0.003616	-9.692986
0.003695	-9.828369
0.003774	-9.924886
0.003852	-9.982155
0.003931	-9.999951
0.004010	-9.978202
0.004088	-9.916995
0.004167	-9.816572
0.004245	-9.677329
0.004324	-9.499819
0.004403	-9.284741
0.004481	-9.032948
0.004560	-8.745435
0.004638	-8.423338
0.004717	-8.067931
0.004796	-7.680621
0.004874	-7.262937
0.004953	-6.816533
0.005032	-6.343173
0.005110	-5.844730
0.005189	-5.323173
0.005267	-4.780567
0.005346	-4.219056
0.005425	-3.640861
0.005503	-3.048269
0.005582	-2.443622
0.005661	-1.829312
0.005739	-1.207768
0.005818	-0.581448
0.005896	0.047171
0.005975	0.675604
0.006054	1.301365
0.006132	1.921979
0.006211	2.534994
0.006289	3.137984
0.006368	3.728565
0.006447	4.304401
0.006525	4.863216
0.006604	5.402800
0.006683	5.921019
0.006761	6.415823
0.006840	6.885256
0.006918	7.327462
0.006997	7.740692
0.007076	8.123312
0.007154	8.473808
0.007233	8.790796
0.007312	9.073020
0.007390	9.319366
0.007469	9.528859
0.007547	9.700671
0.007626	9.834121
0.007705	9.928684
0.007783	9.983983
0.007862	9.999802
0.007940	9.976077
0.008019	9.912902
0.008098	9.810528
0.008176	9.669358
0.008255	9.489951
0.008334	9.273016
0.008412	9.019412
0.008491	8.730141
0.008569	8.406347
0.008648	8.049311
0.008727	7.660444
0.008805	7.241285
0.008884	6.793490
0.008963	6.318831
0.009041	5.819184
0.009120	5.296525
0.009198	4.752922
0.009277	4.190524
0.009356	3.611554
0.009434	3.018303
0.009513	2.413116
0.009591	1.798386
0.009670	1.176545
0.009749	0.550051
0.009827	-0.078618
0.009906	-0.706976
0.009985	-1.332538
0.010063	-1.952831
0.010142	-2.565401
0.010220	-3.167827
0.010299	-3.757726
0.010378	-4.332765
0.010456	-4.890670
0.010535	-5.429236
0.010613	-5.946332
0.010692	-6.439913
0.010771	-6.908028
0.010849	-7.348826
0.010928	-7.760563
0.011007	-8.141612
0.011085	-8.490465
0.011164	-8.805742
0.011242	-9.086198
0.011321	-9.330724
0.011400	-9.538351
0.011478	-9.708259
0.011557	-9.839777
0.011636	-9.932384
0.011714	-9.985713
0.011793	-9.999555
0.011871	-9.973854
0.011950	-9.908712
0.012029	-9.804386
0.012107	-9.661290
0.012186	-9.479989
0.012264	-9.261199
0.012343	-9.005787
0.012422	-8.714761
0.012500	-8.389274
0.012579	-8.030612
0.012658	-7.640193
0.012736	-7.219561
0.012815	-6.770380
0.012893	-6.294426
0.012972	-5.793581
0.013051	-5.269825
0.013129	-4.725230
0.013208	-4.161950
0.013287	-3.582212
0.013365	-2.988307
0.013444	-2.382586
0.013522	-1.767443
0.013601	-1.145310
0.013680	-0.518649
0.013758	0.110064
0.013837	0.738341
0.013915	1.363698
0.013994	1.983663
0.014073	2.595784
0.014151	3.197639
0.014230	3.786850
0.014309	4.361086
0.014387	4.918076
0.014466	5.455618
0.014544	5.971586
0.014623	6.463940
0.014702	6.930732
0.014780	7.370117
0.014859	7.780358
0.014938	8.159831
0.015016	8.507037
0.015095	8.820602
0.015173	9.099287
0.015252	9.341989
0.015331	9.547748
0.015409	9.715752
0.015488	9.845335
0.015566	9.935985
0.015645	9.987344
0.015724	9.999209
0.015802	9.971532
0.015881	9.904424
0.015960	9.798148
0.016038	9.653127
0.016117	9.469933
0.016195	9.249290
0.016274	8.992072
0.016353	8.699295
0.016431	8.372117
0.016510	8.011832
0.016588	7.619865
0.016667	7.197766
0.016746	6.747203
0.016824	6.269959
0.016903	5.767920
0.016982	5.243073
0.017060	4.697492
0.017139	4.133335
0.017217	3.552833
0.017296	2.958282
0.017375	2.352032
0.017453	1.736482
0.017532	1.114064
0.017611	0.487241
0.017689	-0.141508
0.017768	-0.769699
0.017846	-1.394845
0.017925	-2.014476
0.018004	-2.626140
0.018082	-3.227420
0.018161	-3.815937
0.018239	-4.389364
0.018318	-4.945433
0.018397	-5.481946
0.018475	-5.996781
0.018554	-6.487902
0.018633	-6.953367
0.018711	-7.391335
0.018790	-7.800075
0.018868	-8.177970
0.018947	-8.523525
0.019026	-8.835374
0.019104	-9.112285
0.019183	-9.353161
0.019262	-9.557051
0.019340	-9.723148
0.019419	-9.850796
0.019497	-9.939489
0.019576	-9.988877
0.019655	-9.998764
0.019733	-9.969112
0.019812	-9.900037
0.019890	-9.791813
0.019969	-9.644869
0.020048	-9.459784
0.020126	-9.237290
0.020205	-8.978269
0.020284	-8.683743
0.020362	-8.354878
0.020441	-7.992974
0.020519	-7.599462
0.020598	-7.175899
0.020677	-6.723959
0.020755	-6.245429
0.020834	-5.742203
0.020913	-5.216269
0.020991	-4.669707
0.021070	-4.104680
0.021148	-3.523420
0.021227	-2.928228
0.021306	-2.321456
0.021384	-1.705504
0.021463	-1.082807
0.021541	-0.455829
0.021620	0.172952
0.021699	0.801049
0.021777	1.425978
0.021856	2.045268
0.021935	2.656471
0.022013	3.257168
0.022092	3.844985
0.022170	4.417598
0.022249	4.972741
0.022328	5.508220
0.022406	6.021917
0.022485	6.511800
0.022563	6.975933
0.022642	7.412480
0.022721	7.819715
0.022799	8.196027
0.022878	8.539929
0.022957	8.850059
0.023035	9.125193
0.023114	9.364242
0.023192	9.566260
0.023271	9.730449
0.023350	9.856159
0.023428	9.942894
0.023507	9.990310
0.023586	9.998220
0.023664	9.966593
0.023743	9.895553
0.023821	9.785382
0.023900	9.636515
0.023979	9.449541
0.024057	9.225199
0.024136	8.964377
0.024214	8.668105
0.024293	8.337556
0.024372	7.974037
0.024450	7.578985
0.024529	7.153962
0.024608	6.700649
0.024686	6.220839
0.024765	5.716428
0.024843	5.189413
0.024922	4.641876
0.025001	4.075983
0.025079	3.493972
0.025158	2.898144
0.025237	2.290856
0.025315	1.674509
0.025394	1.051539
0.025472	0.424412
0.025551	-0.204394
0.025630	-0.832391
0.025708	-1.457097
0.025787	-2.076041
0.025865	-2.686775
0.025944	-3.286885
0.026023	-3.873996
0.026101	-4.445788
0.026180	-5.000000
0.026259	-5.534439
0.026337	-6.046993
0.026416	-6.535634
0.026494	-6.998431
0.026573	-7.433552
0.026652	-7.839278
0.026730	-8.214004
0.026809	-8.556248
0.026888	-8.864657
0.026966	-9.138011
0.027045	-9.375229
0.027123	-9.575374
0.027202	-9.737653
0.027281	-9.861425
0.027359	-9.946201
0.027438	-9.991645
0.027516	-9.997577
0.027595	-9.963975
0.027674	-9.890971
0.027752	-9.778853
0.027831	-9.628065
0.027910	-9.439204
0.027988	-9.213016
0.028067	-8.950396
0.028145	-8.652381
0.028224	-8.320152
0.028303	-7.955021
0.028381	-7.558432
0.028460	-7.131953
0.028538	-6.677272
0.028617	-6.196186
0.028696	-5.690597
0.028774	-5.162506
0.028853	-4.613999
0.028932	-4.047247
0.029010	-3.464490
0.029089	-2.868032
0.029167	-2.260234
0.029246	-1.643497
0.029325	-1.020261
0.029403	-0.392991
0.029482	0.235833
0.029561	0.863725
0.029639	1.488201
0.029718	2.106793
0.029796	2.717053
0.029875	3.316568
0.029954	3.902969
0.030032	4.473935
0.030111	5.027209
0.030189	5.560604
0.030268	6.072009
0.030347	6.559404
0.030425	7.020859
0.030504	7.454550
0.030583	7.858763
0.030661	8.231899
0.030740	8.572483
0.030818	8.879167
0.030897	9.150738
0.030976	9.386124
0.031054	9.584393
0.031133	9.744761
0.031212	9.866593
0.031290	9.949409
0.031369	9.992880
0.031447	9.996836
0.031526	9.961259
0.031605	9.886291
0.031683	9.772228
0.031762	9.619521
0.031840	9.428774
0.031919	9.200742
0.031998	8.936326
0.032076	8.636572
0.032155	8.302665
0.032234	7.935926
0.032312	7.537804
0.032391	7.109875
0.032469	6.653830
0.032548	6.171472
0.032627	5.664710
0.032705	5.135547
0.032784	4.586076
0.032863	4.018470
0.032941	3.434973
0.033020	2.837892
0.033098	2.229589
0.033177	1.612469
0.033256	0.988973
0.033334	0.361566
0.033413	-0.267271
0.033491	-0.895051
0.033570	-1.519291
0.033649	-2.137524
0.033727	-2.747304
0.033806	-3.346219
0.033885	-3.931903
0.033963	-4.502037
0.034042	-5.054369
0.034120	-5.586714
0.034199	-6.096966
0.034278	-6.583108
0.034356	-7.043217
0.034435	-7.475475
0.034513	-7.878171
0.034592	-8.249713
0.034671	-8.588633
0.034749	-8.893589
0.034828	-9.163375
0.034907	-9.396926
0.034985	-9.593317
0.035064	-9.751772
0.035142	-9.871664
0.035221	-9.952519
0.035300	-9.994018
0.035378	-9.995995
0.035457	-9.958444
0.035536	-9.881513
0.035614	-9.765506
0.035693	-9.610881
0.035771	-9.418251
0.035850	-9.188378
0.035929	-8.922169
0.036007	-8.620678
0.036086	-8.285096
0.036164	-7.916752
0.036243	-7.517102
0.036322	-7.087726
0.036400	-6.630321
0.036479	-6.146698
0.036558	-5.638767
0.036636	-5.108538
0.036715	-4.558108
0.036793	-3.989654
0.036872	-3.405422
0.036951	-2.807723
0.037029	-2.198922
0.037108	-1.581425
0.037187	-0.957675
0.037265	-0.330137
0.037344	0.298706
0.037422	0.926367
0.037501	1.550366
0.037580	2.168234
0.037658	2.777527
0.037737	3.375837
0.037815	3.960798
0.037894	4.530095
0.037973	5.081479
0.038051	5.612768
0.038130	6.121862
0.038209	6.606747
0.038287	7.065506
0.038366	7.496326
0.038444	7.897501
0.038523	8.267446
0.038602	8.604698
0.038680	8.907923
0.038759	9.175922
0.038838	9.407635
0.038916	9.602147
0.038995	9.758687
0.039073	9.876637
0.039152	9.955531
0.039231	9.995056
0.039309	9.995056
0.039388	9.955531
0.039466	9.876637
0.039545	9.758687
0.039624	9.602147
0.039702	9.407635
0.039781	9.175922
0.039860	8.907923
0.039938	8.604698
0.040017	8.267446
0.040095	7.897501
0.040174	7.496326
0.040253	7.065506
0.040331	6.606747
0.040410	6.121862
0.040488	5.612768
0.040567	5.081479
0.040646	4.530095
0.040724	3.960798
0.040803	3.375837
0.040882	2.777527
0.040960	2.168234
0.041039	1.550366
0.041117	0.926367
0.041196	0.298706
0.041275	-0.330137
0.041353	-0.957675
0.041432	-1.581425
0.041511	-2.198922
0.041589	-2.807723
0.041668	-3.405422
0.041746	-3.989654
0.041825	-4.558108
0.041904	-5.108538
0.041982	-5.638767
0.042061	-6.146698
0.042139	-6.630321
0.042218	-7.087726
0.042297	-7.517102
0.042375	-7.916752
0.042454	-8.285096
0.042533	-8.620678
0.042611	-8.922169
0.042690	-9.188378
0.042768	-9.418251
0.042847	-9.610881
0.042926	-9.765506
0.043004	-9.881513
0.043083	-9.958444
0.043162	-9.995995
0.043240	-9.994018
0.043319	-9.952519
0.043397	-9.871664
0.043476	-9.751772
0.043555	-9.593317
0.043633	-9.396926
0.043712	-9.163375
0.043790	-8.893589
0.043869	-8.588633
0.043948	-8.249713
0.044026	-7.878171
0.044105	-7.475475
0.044184	-7.043217
0.044262	-6.583108
0.044341	-6.096966
0.044419	-5.586714
0.044498	-5.054369
0.044577	-4.502037
0.044655	-3.931903
0.044734	-3.346219
0.044813	-2.747304
0.044891	-2.137524
0.044970	-1.519291
0.045048	-0.895051
0.045127	-0.267271
0.045206	0.361566
0.045284	0.988973
0.045363	1.612469
0.045441	2.229589
0.045520	2.837892
0.045599	3.434973
0.045677	4.018470
0.045756	4.586076
0.045835	5.135547
0.045913	5.664710
0.045992	6.171472
0.046070	6.653830
0.046149	7.109875
0.046228	7.537804
0.046306	7.935926
0.046385	8.302665
0.046463	8.636572
0.046542	8.936326
0.046621	9.200742
0.046699	9.428774
0.046778	9.619521
0.046857	9.772228
0.046935	9.886291
0.047014	9.961259
0.047092	9.996836
0.047171	9.992880
0.047250	9.949409
0.047328	9.866593
0.047407	9.744761
0.047486	9.584393
0.047564	9.386124
0.047643	9.150738
0.047721	8.879167
0.047800	8.572483
0.047879	8.231899
0.047957	7.858763
0.048036	7.454550
0.048114	7.020859
0.048193	6.559404
0.048272	6.072009
0.048350	5.560604
0.048429	5.027209
0.048508	4.473935
0.048586	3.902969
0.048665	3.316568
0.048743	2.717053
0.048822	2.106793
0.048901	1.488201
0.048979	0.863725
0.049058	0.235833
0.049137	-0.392991
0.049215	-1.020261
0.049294	-1.643497
0.049372	-2.260234
0.049451	-2.868032
0.049530	-3.464490
0.049608	-4.047247
0.049687	-4.613999
0.049765	-5.162506
0.049844	-5.690597
0.049923	-6.196186
0.050001	-6.677272
0.050080	-7.131953
0.050159	-7.558432
0.050237	-7.955021
0.050316	-8.320152
0.050394	-8.652381
0.050473	-8.950396
0.050552	-9.213016
0.050630	-9.439204
0.050709	-9.628065
0.050788	-9.778853
0.050866	-9.890971
0.050945	-9.963975
0.051023	-9.997577
0.051102	-9.991645
0.051181	-9.946201
0.051259	-9.861425
0.051338	-9.737653
0.051416	-9.575374
0.051495	-9.375229
0.051574	-9.138011
0.051652	-8.864657
0.051731	-8.556248
0.051810	-8.214004
0.051888	-7.839278
0.051967	-7.433552
0.052045	-6.998431
0.052124	-6.535634
0.052203	-6.046993
0.052281	-5.534439
0.052360	-5.000000
0.052438	-4.445788
0.052517	-3.873996
0.052596	-3.286885
0.052674	-2.686775
0.052753	-2.076041
0.052832	-1.457097
0.052910	-0.832391
0.052989	-0.204394
0.053067	0.424412
0.053146	1.051539
0.053225	1.674509
0.053303	2.290856
0.053382	2.898144
0.053461	3.493972
0.053539	4.075983
0.053618	4.641876
0.053696	5.189413
0.053775	5.716428
0.053854	6.220839
0.053932	6.700649
0.054011	7.153962
0.054089	7.578985
0.054168	7.974037
0.054247	8.337556
0.054325	8.668105
0.054404	8.964377
0.054483	9.225199
0.054561	9.449541
0.054640	9.636515
0.054718	9.785382
0.054797	9.895553
0.054876	9.966593
0.054954	9.998220
0.055033	9.990310
0.055112	9.942894
0.055190	9.856159
0.055269	9.730449
0.055347	9.566260
0.055426	9.364242
0.055505	9.125193
0.055583	8.850059
0.055662	8.539929
0.055740	8.196027
0.055819	7.819715
0.055898	7.412480
0.055976	6.975933
0.056055	6.511800
0.056134	6.021917
0.056212	5.508220
0.056291	4.972741
0.056369	4.417598
0.056448	3.844985
0.056527	3.257168
0.056605	2.656471
0.056684	2.045268
0.056763	1.425978
0.056841	0.801049
0.056920	0.172952
0.056998	-0.455829
0.057077	-1.082807
0.057156	-1.705504
0.057234	-2.321456
0.057313	-2.928228
0.057391	-3.523420
0.057470	-4.104680
0.057549	-4.669707
0.057627	-5.216269
0.057706	-5.742203
0.057785	-6.245429
0.057863	-6.723959
0.057942	-7.175899
0.058020	-7.599462
0.058099	-7.992974
0.058178	-8.354878
0.058256	-8.683743
0.058335	-8.978269
0.058413	-9.237290
0.058492	-9.459784
0.058571	-9.644869
0.058649	-9.791813
0.058728	-9.900037
0.058807	-9.969112
0.058885	-9.998764
0.058964	-9.988877
0.059042	-9.939489
0.059121	-9.850796
0.059200	-9.723148
0.059278	-9.557051
0.059357	-9.353161
0.059436	-9.112285
0.059514	-8.835374
0.059593	-8.523525
0.059671	-8.177970
0.059750	-7.800075
0.059829	-7.391335
0.059907	-6.953367
0.059986	-6.487902
0.060064	-5.996781
0.060143	-5.481946
0.060222	-4.945433
0.060300	-4.389364
0.060379	-3.815937
0.060458	-3.227420
0.060536	-2.626140
0.060615	-2.014476
0.060693	-1.394845
0.060772	-0.769699
0.060851	-0.141508
0.060929	0.487241
0.061008	1.114064
0.061087	1.736482
0.061165	2.352032
0.061244	2.958282
0.061322	3.552833
0.061401	4.133335
0.061480	4.697492
0.061558	5.243073
0.061637	5.767920
0.061715	6.269959
0.061794	6.747203
0.061873	7.197766
0.061951	7.619865
0.062030	8.011832
0.062109	8.372117
0.062187	8.699295
0.062266	8.992072
0.062344	9.249290
0.062423	9.469933
0.062502	9.653127
0.062580	9.798148
0.062659	9.904424
0.062738	9.971532
0.062816	9.999209
0.062895	9.987344
0.062973	9.935985
0.063052	9.845335
0.063131	9.715752
0.063209	9.547748
0.063288	9.341989
0.063366	9.099287
0.063445	8.820602
0.063524	8.507037
0.063602	8.159831
0.063681	7.780358
0.063760	7.370117
0.063838	6.930732
0.063917	6.463940
0.063995	5.971586
0.064074	5.455618
0.064153	4.918076
0.064231	4.361086
0.064310	3.786850
0.064388	3.197639
0.064467	2.595784
0.064546	1.983663
0.064624	1.363698
0.064703	0.738341
0.064782	0.110064
0.064860	-0.518649
0.064939	-1.145310
0.065017	-1.767443
0.065096	-2.382586
0.065175	-2.988307
0.065253	-3.582212
0.065332	-4.161950
0.065411	-4.725230
0.065489	-5.269825
0.065568	-5.793581
0.065646	-6.294426
0.065725	-6.770380
0.065804	-7.219561
0.065882	-7.640193
0.065961	-8.030612
0.066039	-8.389274
0.066118	-8.714761
0.066197	-9.005787
0.066275	-9.261199
0.066354	-9.479989
0.066433	-9.661290
0.066511	-9.804386
0.066590	-9.908712
0.066668	-9.973854
0.066747	-9.999555
0.066826	-9.985713
0.066904	-9.932384
0.066983	-9.839777
0.067062	-9.708259
0.067140	-9.538351
0.067219	-9.330724
0.067297	-9.086198
0.067376	-8.805742
0.067455	-8.490465
0.067533	-8.141612
0.067612	-7.760563
0.067690	-7.348826
0.067769	-6.908028
0.067848	-6.439913
0.067926	-5.946332
0.068005	-5.429236
0.068084	-4.890670
0.068162	-4.332765
0.068241	-3.757726
0.068319	-3.167827
0.068398	-2.565401
0.068477	-1.952831
0.068555	-1.332538
0.068634	-0.706976
0.068713	-0.078618
0.068791	0.550051
0.068870	1.176545
0.068948	1.798386
0.069027	2.413116
0.069106	3.018303
0.069184	3.611554
0.069263	4.190524
0.069341	4.752922
0.069420	5.296525
0.069499	5.819184
0.069577	6.318831
0.069656	6.793490
0.069735	7.241285
0.069813	7.660444
0.069892	8.049311
0.069970	8.406347
0.070049	8.730141
0.070128	9.019412
0.070206	9.273016
0.070285	9.489951
0.070363	9.669358
0.070442	9.810528
0.070521	9.912902
0.070599	9.976077
0.070678	9.999802
0.070757	9.983983
0.070835	9.928684
0.070914	9.834121
0.070992	9.700671
0.071071	9.528859
0.071150	9.319366
0.071228	9.073020
0.071307	8.790796
0.071386	8.473808
0.071464	8.123312
0.071543	7.740692
0.071621	7.327462
0.071700	6.885256
0.071779	6.415823
0.071857	5.921019
0.071936	5.402800
0.072014	4.863216
0.072093	4.304401
0.072172	3.728565
0.072250	3.137984
0.072329	2.534994
0.072408	1.921979
0.072486	1.301365
0.072565	0.675604
0.072643	0.047171
0.072722	-0.581448
0.072801	-1.207768
0.072879	-1.829312
0.072958	-2.443622
0.073037	-3.048269
0.073115	-3.640861
0.073194	-4.219056
0.073272	-4.780567
0.073351	-5.323173
0.073430	-5.844730
0.073508	-6.343173
0.073587	-6.816533
0.073665	-7.262937
0.073744	-7.680621
0.073823	-8.067931
0.073901	-8.423338
0.073980	-8.745435
0.074059	-9.032948
0.074137	-9.284741
0.074216	-9.499819
0.074294	-9.677329
0.074373	-9.816572
0.074452	-9.916995
0.074530	-9.978202
0.074609	-9.999951
0.074688	-9.982155
0.074766	-9.924886
0.074845	-9.828369
0.074923	-9.692986
0.075002	-9.519273
0.075081	-9.307917
0.075159	-9.059753
0.075238	-8.775762
0.075316	-8.457068
0.075395	-8.104932
0.075474	-7.720745
0.075552	-7.306026
0.075631	-6.862416
0.075710	-6.391670
0.075788	-5.895647
0.075867	-5.376311
0.075945	-4.835714
0.076024	-4.275995
0.076103	-3.699367
0.076181	-3.108109
0.076260	-2.504561
0.076339	-1.891109
0.076417	-1.270178
0.076496	-0.644225
0.076574	-0.015724
0.076653	0.612840
0.076732	1.238979
0.076810	1.860220
0.076889	2.474104
0.076967	3.078204
0.077046	3.670132
0.077125	4.247547
0.077203	4.808164
0.077282	5.349769
0.077361	5.870217
0.077439	6.367453
0.077518	6.839508
0.077596	7.284518
0.077675	7.700721
0.077754	8.086471
0.077832	8.440245
0.077911	8.760642
0.077989	9.046395
0.078068	9.296375
0.078147	9.509593
0.078225	9.685206
0.078304	9.822519
0.078383	9.920989
0.078461	9.980228
0.078540	10.000000
