0.000000	10.000000
0.007862	9.980228
0.015724	9.920989
0.023586	9.822519
0.031447	9.685206
0.039309	9.509593
0.047171	9.296375
0.055033	9.046395
0.062895	8.760642
0.070757	8.440245
0.078618	8.086471
0.086480	7.700721
0.094342	7.284518
0.102204	6.839508
0.110066	6.367453
0.117928	5.870217
0.125789	5.349769
0.133651	4.808164
0.141513	4.247547
0.149375	3.670132
0.157237	3.078204
0.165099	2.474104
0.172961	1.860220
0.180822	1.238979
0.188684	0.612840
0.196546	-0.015724
0.204408	-0.644225
0.212270	-1.270178
0.220132	-1.891109
0.227993	-2.504561
0.235855	-3.108109
0.243717	-3.699367
0.251579	-4.275995
0.259441	-4.835714
0.267303	-5.376311
0.275165	-5.895647
0.283026	-6.391670
0.290888	-6.862416
0.298750	-7.306026
0.306612	-7.720745
0.314474	-8.104932
0.322336	-8.457068
0.330197	-8.775762
0.338059	-9.059753
0.345921	-9.307917
0.353783	-9.519273
0.361645	-9.692986
0.369507	-9.828369
0.377368	-9.924886
0.385230	-9.982155
0.393092	-9.999951
0.400954	-9.978202
0.408816	-9.916995
0.416678	-9.816572
0.424540	-9.677329
0.432401	-9.499819
0.440263	-9.284741
0.448125	-9.032948
0.455987	-8.745435
0.463849	-8.423338
0.471711	-8.067931
0.479572	-7.680621
0.487434	-7.262937
0.495296	-6.816533
0.503158	-6.343173
0.511020	-5.844730
0.518882	-5.323173
0.526744	-4.780567
0.534605	-4.219056
0.542467	-3.640861
0.550329	-3.048269
0.558191	-2.443622
0.566053	-1.829312
0.573915	-1.207768
0.581776	-0.581448
0.589638	0.047171
0.597500	0.675604
0.605362	1.301365
0.613224	1.921979
0.621086	2.534994
0.628947	3.137984
0.636809	3.728565
0.644671	4.304401
0.652533	4.863216
0.660395	5.402800
0.668257	5.921019
0.676119	6.415823
0.683980	6.885256
0.691842	7.327462
0.699704	7.740692
0.707566	8.123312
0.715428	8.473808
0.723290	8.790796
0.731151	9.073020
0.739013	9.319366
0.746875	9.528859
0.754737	9.700671
0.762599	9.834121
0.770461	9.928684
0.778323	9.983983
0.786184	9.999802
0.794046	9.976077
0.801908	9.912902
0.809770	9.810528
0.817632	9.669358
0.825494	9.489951
0.833355	9.273016
0.841217	9.019412
0.849079	8.730141
0.856941	8.406347
0.864803	8.049311
0.872665	7.660444
0.880526	7.241285
0.888388	6.793490
0.896250	6.318831
0.904112	5.819184
0.911974	5.296525
0.919836	4.752922
0.927698	4.190524
0.935559	3.611554
0.943421	3.018303
0.951283	2.413116
0.959145	1.798386
0.967007	1.176545
0.974869	0.550051
0.982730	-0.078618
0.990592	-0.706976
0.998454	-1.332538
1.006316	-1.952831
1.014178	-2.565401
1.022040	-3.167827
1.029901	-3.757726
1.037763	-4.332765
1.045625	-4.890670
1.053487	-5.429236
1.061349	-5.946332
1.069211	-6.439913
1.077073	-6.908028
1.084934	-7.348826
1.092796	-7.760563
1.100658	-8.141612
1.108520	-8.490465
1.116382	-8.805742
1.124244	-9.086198
1.132105	-9.330724
1.139967	-9.538351
1.147829	-9.708259
1.155691	-9.839777
1.163553	-9.932384
1.171415	-9.985713
1.179277	-9.999555
1.187138	-9.973854
1.195000	-9.908712
1.202862	-9.804386
1.210724	-9.661290
1.218586	-9.479989
1.226448	-9.261199
1.234309	-9.005787
1.242171	-8.714761
1.250033	-8.389274
1.257895	-8.030612
1.265757	-7.640193
1.273619	-7.219561
1.281480	-6.770380
1.289342	-6.294426
1.297204	-5.793581
1.305066	-5.269825
1.312928	-4.725230
1.320790	-4.161950
1.328652	-3.582212
1.336513	-2.988307
1.344375	-2.382586
1.352237	-1.767443
1.360099	-1.145310
1.367961	-0.518649
1.375823	0.110064
1.383684	0.738341
1.391546	1.363698
1.399408	1.983663
1.407270	2.595784
1.415132	3.197639
1.422994	3.786850
1.430856	4.361086
1.438717	4.918076
1.446579	5.455618
1.454441	5.971586
1.462303	6.463940
1.470165	6.930732
1.478027	7.370117
1.485888	7.780358
1.493750	8.159831
1.501612	8.507037
1.509474	8.820602
1.517336	9.099287
1.525198	9.341989
1.533059	9.547748
1.540921	9.715752
1.548783	9.845335
1.556645	9.935985
1.564507	9.987344
1.572369	9.999209
1.580231	9.971532
1.588092	9.904424
1.595954	9.798148
1.603816	9.653127
1.611678	9.469933
1.619540	9.249290
1.627402	8.992072
1.635263	8.699295
1.643125	8.372117
1.650987	8.011832
1.658849	7.619865
1.666711	7.197766
1.674573	6.747203
1.682435	6.269959
1.690296	5.767920
1.698158	5.243073
1.706020	4.697492
1.713882	4.133335
1.721744	3.552833
1.729606	2.958282
1.737467	2.352032
1.745329	1.736482
1.753191	1.114064
1.761053	0.487241
1.768915	-0.141508
1.776777	-0.769699
1.784638	-1.394845
1.792500	-2.014476
1.800362	-2.626140
1.808224	-3.227420
1.816086	-3.815937
1.823948	-4.389364
1.831810	-4.945433
1.839671	-5.481946
1.847533	-5.996781
1.855395	-6.487902
1.863257	-6.953367
1.871119	-7.391335
1.878981	-7.800075
1.886842	-8.177970
1.894704	-8.523525
1.902566	-8.835374
1.910428	-9.112285
1.918290	-9.353161
1.926152	-9.557051
1.934013	-9.723148
1.941875	-9.850796
1.949737	-9.939489
1.957599	-9.988877
1.965461	-9.998764
1.973323	-9.969112
1.981185	-9.900037
1.989046	-9.791813
1.996908	-9.644869
2.004770	-9.459784
2.012632	-9.237290
2.020494	-8.978269
2.028356	-8.683743
2.036217	-8.354878
2.044079	-7.992974
2.051941	-7.599462
2.059803	-7.175899
2.067665	-6.723959
2.075527	-6.245429
2.083389	-5.742203
2.091250	-5.216269
2.099112	-4.669707
2.106974	-4.104680
2.114836	-3.523420
2.122698	-2.928228
2.130560	-2.321456
2.138421	-1.705504
2.146283	-1.082807
2.154145	-0.455829
2.162007	0.172952
2.169869	0.801049
2.177731	1.425978
2.185592	2.045268
2.193454	2.656471
2.201316	3.257168
2.209178	3.844985
2.217040	4.417598
2.224902	4.972741
2.232764	5.508220
2.240625	6.021917
2.248487	6.511800
2.256349	6.975933
2.264211	7.412480
2.272073	7.819715
2.279935	8.196027
2.287796	8.539929
2.295658	8.850059
2.303520	9.125193
2.311382	9.364242
2.319244	9.566260
2.327106	9.730449
2.334968	9.856159
2.342829	9.942894
2.350691	9.990310
2.358553	9.998220
2.366415	9.966593
2.374277	9.895553
2.382139	9.785382
2.390000	9.636515
2.397862	9.449541
2.405724	9.225199
2.413586	8.964377
2.421448	8.668105
2.429310	8.337556
2.437171	7.974037
2.445033	7.578985
2.452895	7.153962
2.460757	6.700649
2.468619	6.220839
2.476481	5.716428
2.484343	5.189413
2.492204	4.641876
2.500066	4.075983
2.507928	3.493972
2.515790	2.898144
2.523652	2.290856
2.531514	1.674509
2.539375	1.051539
2.547237	0.424412
2.555099	-0.204394
2.562961	-0.832391
2.570823	-1.457097
2.578685	-2.076041
2.586547	-2.686775
2.594408	-3.286885
2.602270	-3.873996
2.610132	-4.445788
2.617994	-5.000000
2.625856	-5.534439
2.633718	-6.046993
2.641579	-6.535634
2.649441	-6.998431
2.657303	-7.433552
2.665165	-7.839278
2.673027	-8.214004
2.680889	-8.556248
2.688750	-8.864657
2.696612	-9.138011
2.704474	-9.375229
2.712336	-9.575374
2.720198	-9.737653
2.728060	-9.861425
2.735922	-9.946201
2.743783	-9.991645
2.751645	-9.997577
2.759507	-9.963975
2.767369	-9.890971
2.775231	-9.778853
2.783093	-9.628065
2.790954	-9.439204
2.798816	-9.213016
2.806678	-8.950396
2.814540	-8.652381
2.822402	-8.320152
2.830264	-7.955021
2.838125	-7.558432
2.845987	-7.131953
2.853849	-6.677272
2.861711	-6.196186
2.869573	-5.690597
2.877435	-5.162506
2.885297	-4.613999
2.893158	-4.047247
2.901020	-3.464490
2.908882	-2.868032
2.916744	-2.260234
2.924606	-1.643497
2.932468	-1.020261
2.940329	-0.392991
2.948191	0.235833
2.956053	0.863725
2.963915	1.488201
2.971777	2.106793
2.979639	2.717053
2.987501	3.316568
2.995362	3.902969
3.003224	4.473935
3.011086	5.027209
3.018948	5.560604
3.026810	6.072009
3.034672	6.559404
3.042533	7.020859
3.050395	7.454550
3.058257	7.858763
3.066119	8.231899
3.073981	8.572483
3.081843	8.879167
3.089704	9.150738
3.097566	9.386124
3.105428	9.584393
3.113290	9.744761
3.121152	9.866593
3.129014	9.949409
3.136876	9.992880
3.144737	9.996836
3.152599	9.961259
3.160461	9.886291
3.168323	9.772228
3.176185	9.619521
3.184047	9.428774
3.191908	9.200742
3.199770	8.936326
3.207632	8.636572
3.215494	8.302665
3.223356	7.935926
3.231218	7.537804
3.239080	7.109875
3.246941	6.653830
3.254803	6.171472
3.262665	5.664710
3.270527	5.135547
3.278389	4.586076
3.286251	4.018470
3.294112	3.434973
3.301974	2.837892
3.309836	2.229589
3.317698	1.612469
3.325560	0.988973
3.333422	0.361566
3.341283	-0.267271
3.349145	-0.895051
3.357007	-1.519291
3.364869	-2.137524
3.372731	-2.747304
3.380593	-3.346219
3.388455	-3.931903
3.396316	-4.502037
3.404178	-5.054369
3.412040	-5.586714
3.419902	-6.096966
3.427764	-6.583108
3.435626	-7.043217
3.443487	-7.475475
3.451349	-7.878171
3.459211	-8.249713
3.467073	-8.588633
3.474935	-8.893589
3.482797	-9.163375
3.490659	-9.396926
3.498520	-9.593317
3.506382	-9.751772
3.514244	-9.871664
3.522106	-9.952519
3.529968	-9.994018
3.537830	-9.995995
3.545691	-9.958444
3.553553	-9.881513
3.561415	-9.765506
3.569277	-9.610881
3.577139	-9.418251
3.585001	-9.188378
3.592862	-8.922169
3.600724	-8.620678
3.608586	-8.285096
3.616448	-7.916752
3.624310	-7.517102
3.632172	-7.087726
3.640034	-6.630321
3.647895	-6.146698
3.655757	-5.638767
3.663619	-5.108538
3.671481	-4.558108
3.679343	-3.989654
3.687205	-3.405422
3.695066	-2.807723
3.702928	-2.198922
3.710790	-1.581425
3.718652	-0.957675
3.726514	-0.330137
3.734376	0.298706
3.742237	0.926367
3.750099	1.550366
3.757961	2.168234
3.765823	2.777527
3.773685	3.375837
3.781547	3.960798
3.789409	4.530095
3.797270	5.081479
3.805132	5.612768
3.812994	6.121862
3.820856	6.606747
3.828718	7.065506
3.836580	7.496326
3.844441	7.897501
3.852303	8.267446
3.860165	8.604698
3.868027	8.907923
3.875889	9.175922
3.883751	9.407635
3.891613	9.602147
3.899474	9.758687
3.907336	9.876637
3.915198	9.955531
3.923060	9.995056
3.930922	9.995056
3.938784	9.955531
3.946645	9.876637
3.954507	9.758687
3.962369	9.602147
3.970231	9.407635
3.978093	9.175922
3.985955	8.907923
3.993816	8.604698
4.001678	8.267446
4.009540	7.897501
4.017402	7.496326
4.025264	7.065506
4.033126	6.606747
4.040988	6.121862
4.048849	5.612768
4.056711	5.081479
4.064573	4.530095
4.072435	3.960798
4.080297	3.375837
4.088159	2.777527
4.096020	2.168234
4.103882	1.550366
4.111744	0.926367
4.119606	0.298706
4.127468	-0.330137
4.135330	-0.957675
4.143192	-1.581425
4.151053	-2.198922
4.158915	-2.807723
4.166777	-3.405422
4.174639	-3.989654
4.182501	-4.558108
4.190363	-5.108538
4.198224	-5.638767
4.206086	-6.146698
4.213948	-6.630321
4.221810	-7.087726
4.229672	-7.517102
4.237534	-7.916752
4.245395	-8.285096
4.253257	-8.620678
4.261119	-8.922169
4.268981	-9.188378
4.276843	-9.418251
4.284705	-9.610881
4.292567	-9.765506
4.300428	-9.881513
4.308290	-9.958444
4.316152	-9.995995
4.324014	-9.994018
4.331876	-9.952519
4.339738	-9.871664
4.347599	-9.751772
4.355461	-9.593317
4.363323	-9.396926
4.371185	-9.163375
4.379047	-8.893589
4.386909	-8.588633
4.394771	-8.249713
4.402632	-7.878171
4.410494	-7.475475
4.418356	-7.043217
4.426218	-6.583108
4.434080	-6.096966
4.441942	-5.586714
4.449803	-5.054369
4.457665	-4.502037
4.465527	-3.931903
4.473389	-3.346219
4.481251	-2.747304
4.489113	-2.137524
4.496974	-1.519291
4.504836	-0.895051
4.512698	-0.267271
4.520560	0.361566
4.528422	0.988973
4.536284	1.612469
4.544146	2.229589
4.552007	2.837892
4.559869	3.434973
4.567731	4.018470
4.575593	4.586076
4.583455	5.135547
4.591317	5.664710
4.599178	6.171472
4.607040	6.653830
4.614902	7.109875
4.622764	7.537804
4.630626	7.935926
4.638488	8.302665
4.646349	8.636572
4.654211	8.936326
4.662073	9.200742
4.669935	9.428774
4.677797	9.619521
4.685659	9.772228
4.693521	9.886291
4.701382	9.961259
4.709244	9.996836
4.717106	9.992880
4.724968	9.949409
4.732830	9.866593
4.740692	9.744761
4.748553	9.584393
4.756415	9.386124
4.764277	9.150738
4.772139	8.879167
4.780001	8.572483
4.787863	8.231899
4.795725	7.858763
4.803586	7.454550
4.811448	7.020859
4.819310	6.559404
4.827172	6.072009
4.835034	5.560604
4.842896	5.027209
4.850757	4.473935
4.858619	3.902969
4.866481	3.316568
4.874343	2.717053
4.882205	2.106793
4.890067	1.488201
4.897928	0.863725
4.905790	0.235833
4.913652	-0.392991
4.921514	-1.020261
4.929376	-1.643497
4.937238	-2.260234
4.945100	-2.868032
4.952961	-3.464490
4.960823	-4.047247
4.968685	-4.613999
4.976547	-5.162506
4.984409	-5.690597
4.992271	-6.196186
5.000132	-6.677272
5.007994	-7.131953
5.015856	-7.558432
5.023718	-7.955021
5.031580	-8.320152
5.039442	-8.652381
5.047304	-8.950396
5.055165	-9.213016
5.063027	-9.439204
5.070889	-9.628065
5.078751	-9.778853
5.086613	-9.890971
5.094475	-9.963975
5.102336	-9.997577
5.110198	-9.991645
5.118060	-9.946201
5.125922	-9.861425
5.133784	-9.737653
5.141646	-9.575374
5.149507	-9.375229
5.157369	-9.138011
5.165231	-8.864657
5.173093	-8.556248
5.180955	-8.214004
5.188817	-7.839278
5.196679	-7.433552
5.204540	-6.998431
5.212402	-6.535634
5.220264	-6.046993
5.228126	-5.534439
5.235988	-5.000000
5.243850	-4.445788
5.251711	-3.873996
5.259573	-3.286885
5.267435	-2.686775
5.275297	-2.076041
5.283159	-1.457097
5.291021	-0.832391
5.298883	-0.204394
5.306744	0.424412
5.314606	1.051539
5.322468	1.674509
5.330330	2.290856
5.338192	2.898144
5.346054	3.493972
5.353915	4.075983
5.361777	4.641876
5.369639	5.189413
5.377501	5.716428
5.385363	6.220839
5.393225	6.700649
5.401086	7.153962
5.408948	7.578985
5.416810	7.974037
5.424672	8.337556
5.432534	8.668105
5.440396	8.964377
5.448258	9.225199
5.456119	9.449541
5.463981	9.636515
5.471843	9.785382
5.479705	9.895553
5.487567	9.966593
5.495429	9.998220
5.503290	9.990310
5.511152	9.942894
5.519014	9.856159
5.526876	9.730449
5.534738	9.566260
5.542600	9.364242
5.550461	9.125193
5.558323	8.850059
5.566185	8.539929
5.574047	8.196027
5.581909	7.819715
5.589771	7.412480
5.597633	6.975933
5.605494	6.511800
5.613356	6.021917
5.621218	5.508220
5.629080	4.972741
5.636942	4.417598
5.644804	3.844985
5.652665	3.257168
5.660527	2.656471
5.668389	2.045268
5.676251	1.425978
5.684113	0.801049
5.691975	0.172952
5.699837	-0.455829
5.707698	-1.082807
5.715560	-1.705504
5.723422	-2.321456
5.731284	-2.928228
5.739146	-3.523420
5.747008	-4.104680
5.754869	-4.669707
5.762731	-5.216269
5.770593	-5.742203
5.778455	-6.245429
5.786317	-6.723959
5.794179	-7.175899
5.802040	-7.599462
5.809902	-7.992974
5.817764	-8.354878
5.825626	-8.683743
5.833488	-8.978269
5.841350	-9.237290
5.849212	-9.459784
5.857073	-9.644869
5.864935	-9.791813
5.872797	-9.900037
5.880659	-9.969112
5.888521	-9.998764
5.896383	-9.988877
5.904244	-9.939489
5.912106	-9.850796
5.919968	-9.723148
5.927830	-9.557051
5.935692	-9.353161
5.943554	-9.112285
5.951416	-8.835374
5.959277	-8.523525
5.967139	-8.177970
5.975001	-7.800075
5.982863	-7.391335
5.990725	-6.953367
5.998587	-6.487902
6.006448	-5.996781
6.014310	-5.481946
6.022172	-4.945433
6.030034	-4.389364
6.037896	-3.815937
6.045758	-3.227420
6.053619	-2.626140
6.061481	-2.014476
6.069343	-1.394845
6.077205	-0.769699
6.085067	-0.141508
6.092929	0.487241
6.100791	1.114064
6.108652	1.736482
6.116514	2.352032
6.124376	2.958282
6.132238	3.552833
6.140100	4.133335
6.147962	4.697492
6.155823	5.243073
6.163685	5.767920
6.171547	6.269959
6.179409	6.747203
6.187271	7.197766
6.195133	7.619865
6.202995	8.011832
6.210856	8.372117
6.218718	8.699295
6.226580	8.992072
6.234442	9.249290
6.242304	9.469933
6.250166	9.653127
6.258027	9.798148
6.265889	9.904424
6.273751	9.971532
6.281613	9.999209
6.289475	9.987344
6.297337	9.935985
6.305198	9.845335
6.313060	9.715752
6.320922	9.547748
6.328784	9.341989
6.336646	9.099287
6.344508	8.820602
6.352370	8.507037
6.360231	8.159831
6.368093	7.780358
6.375955	7.370117
6.383817	6.930732
6.391679	6.463940
6.399541	5.971586
6.407402	5.455618
6.415264	4.918076
6.423126	4.361086
6.430988	3.786850
6.438850	3.197639
6.446712	2.595784
6.454573	1.983663
6.462435	1.363698
6.470297	0.738341
6.478159	0.110064
6.486021	-0.518649
6.493883	-1.145310
6.501745	-1.767443
6.509606	-2.382586
6.517468	-2.988307
6.525330	-3.582212
6.533192	-4.161950
6.541054	-4.725230
6.548916	-5.269825
6.556777	-5.793581
6.564639	-6.294426
6.572501	-6.770380
6.580363	-7.219561
6.588225	-7.640193
6.596087	-8.030612
6.603949	-8.389274
6.611810	-8.714761
6.619672	-9.005787
6.627534	-9.261199
6.635396	-9.479989
6.643258	-9.661290
6.651120	-9.804386
6.658981	-9.908712
6.666843	-9.973854
6.674705	-9.999555
6.682567	-9.985713
6.690429	-9.932384
6.698291	-9.839777
6.706152	-9.708259
6.714014	-9.538351
6.721876	-9.330724
6.729738	-9.086198
6.737600	-8.805742
6.745462	-8.490465
6.753324	-8.141612
6.761185	-7.760563
6.769047	-7.348826
6.776909	-6.908028
6.784771	-6.439913
6.792633	-5.946332
6.800495	-5.429236
6.808356	-4.890670
6.816218	-4.332765
6.824080	-3.757726
6.831942	-3.167827
6.839804	-2.565401
6.847666	-1.952831
6.855528	-1.332538
6.863389	-0.706976
6.871251	-0.078618
6.879113	0.550051
6.886975	1.176545
6.894837	1.798386
6.902699	2.413116
6.910560	3.018303
6.918422	3.611554
6.926284	4.190524
6.934146	4.752922
6.942008	5.296525
6.949870	5.819184
6.957731	6.318831
6.965593	6.793490
6.973455	7.241285
6.981317	7.660444
6.989179	8.049311
6.997041	8.406347
7.004903	8.730141
7.012764	9.019412
7.020626	9.273016
7.028488	9.489951
7.036350	9.669358
7.044212	9.810528
7.052074	9.912902
7.059935	9.976077
7.067797	9.999802
7.075659	9.983983
7.083521	9.928684
7.091383	9.834121
7.099245	9.700671
7.107107	9.528859
7.114968	9.319366
7.122830	9.073020
7.130692	8.790796
7.138554	8.473808
7.146416	8.123312
7.154278	7.740692
7.162139	7.327462
7.170001	6.885256
7.177863	6.415823
7.185725	5.921019
7.193587	5.402800
7.201449	4.863216
7.209310	4.304401
7.217172	3.728565
7.225034	3.137984
7.232896	2.534994
7.240758	1.921979
7.248620	1.301365
7.256482	0.675604
7.264343	0.047171
7.272205	-0.581448
7.280067	-1.207768
7.287929	-1.829312
7.295791	-2.443622
7.303653	-3.048269
7.311514	-3.640861
7.319376	-4.219056
7.327238	-4.780567
7.335100	-5.323173
7.342962	-5.844730
7.350824	-6.343173
7.358685	-6.816533
7.366547	-7.262937
7.374409	-7.680621
7.382271	-8.067931
7.390133	-8.423338
7.397995	-8.745435
7.405857	-9.032948
7.413718	-9.284741
7.421580	-9.499819
7.429442	-9.677329
7.437304	-9.816572
7.445166	-9.916995
7.453028	-9.978202
7.460889	-9.999951
7.468751	-9.982155
7.476613	-9.924886
7.484475	-9.828369
7.492337	-9.692986
7.500199	-9.519273
7.508061	-9.307917
7.515922	-9.059753
7.523784	-8.775762
7.531646	-8.457068
7.539508	-8.104932
7.547370	-7.720745
7.555232	-7.306026
7.563093	-6.862416
7.570955	-6.391670
7.578817	-5.895647
7.586679	-5.376311
7.594541	-4.835714
7.602403	-4.275995
7.610264	-3.699367
7.618126	-3.108109
7.625988	-2.504561
7.633850	-1.891109
7.641712	-1.270178
7.649574	-0.644225
7.657436	-0.015724
7.665297	0.612840
7.673159	1.238979
7.681021	1.860220
7.688883	2.474104
7.696745	3.078204
7.704607	3.670132
7.712468	4.247547
7.720330	4.808164
7.728192	5.349769
7.736054	5.870217
7.743916	6.367453
7.751778	6.839508
7.759640	7.284518
7.767501	7.700721
7.775363	8.086471
7.783225	8.440245
7.791087	8.760642
7.798949	9.046395
7.806811	9.296375
7.814672	9.509593
7.822534	9.685206
7.830396	9.822519
7.838258	9.920989
7.846120	9.980228
7.853982	10.000000
