0.000000	10.000000
0.000007	9.980228
0.000014	9.920989
0.000021	9.822519
0.000028	9.685206
0.000035	9.509593
0.000042	9.296375
0.000049	9.046395
0.000056	8.760642
0.000063	8.440245
0.000070	8.086471
0.000077	7.700721
0.000084	7.284518
0.000091	6.839508
0.000098	6.367453
0.000105	5.870217
0.000112	5.349769
0.000119	4.808164
0.000126	4.247547
0.000133	3.670132
0.000140	3.078204
0.000147	2.474104
0.000154	1.860220
0.000161	1.238979
0.000168	0.612840
0.000175	-0.015724
0.000182	-0.644225
0.000189	-1.270178
0.000196	-1.891109
0.000203	-2.504561
0.000210	-3.108109
0.000217	-3.699367
0.000224	-4.275995
0.000231	-4.835714
0.000238	-5.376311
0.000245	-5.895647
0.000252	-6.391670
0.000259	-6.862416
0.000266	-7.306026
0.000273	-7.720745
0.000280	-8.104932
0.000287	-8.457068
0.000294	-8.775762
0.000300	-9.059753
0.000307	-9.307917
0.000314	-9.519273
0.000321	-9.692986
0.000328	-9.828369
0.000335	-9.924886
0.000342	-9.982155
0.000349	-9.999951
0.000356	-9.978202
0.000363	-9.916995
0.000370	-9.816572
0.000377	-9.677329
0.000384	-9.499819
0.000391	-9.284741
0.000398	-9.032948
0.000405	-8.745435
0.000412	-8.423338
0.000419	-8.067931
0.000426	-7.680621
0.000433	-7.262937
0.000440	-6.816533
0.000447	-6.343173
0.000454	-5.844730
0.000461	-5.323173
0.000468	-4.780567
0.000475	-4.219056
0.000482	-3.640861
0.000489	-3.048269
0.000496	-2.443622
0.000503	-1.829312
0.000510	-1.207768
0.000517	-0.581448
0.000524	0.047171
0.000531	0.675604
0.000538	1.301365
0.000545	1.921979
0.000552	2.534994
0.000559	3.137984
0.000566	3.728565
0.000573	4.304401
0.000580	4.863216
0.000587	5.402800
0.000594	5.921019
0.000601	6.415823
0.000608	6.885256
0.000615	7.327462
0.000622	7.740692
0.000629	8.123312
0.000636	8.473808
0.000643	8.790796
0.000650	9.073020
0.000657	9.319366
0.000664	9.528859
0.000671	9.700671
0.000678	9.834121
0.000685	9.928684
0.000692	9.983983
0.000699	9.999802
0.000706	9.976077
0.000713	9.912902
0.000720	9.810528
0.000727	9.669358
0.000734	9.489951
0.000741	9.273016
0.000748	9.019412
0.000755	8.730141
0.000762	8.406347
0.000769	8.049311
0.000776	7.660444
0.000783	7.241285
0.000790	6.793490
0.000797	6.318831
0.000804	5.819184
0.000811	5.296525
0.000818	4.752922
0.000825	4.190524
0.000832	3.611554
0.000839	3.018303
0.000846	2.413116
0.000853	1.798386
0.000860	1.176545
0.000867	0.550051
0.000874	-0.078618
0.000881	-0.706976
0.000888	-1.332538
0.000895	-1.952831
0.000901	-2.565401
0.000908	-3.167827
0.000915	-3.757726
0.000922	-4.332765
0.000929	-4.890670
0.000936	-5.429236
0.000943	-5.946332
0.000950	-6.439913
0.000957	-6.908028
0.000964	-7.348826
0.000971	-7.760563
0.000978	-8.141612
0.000985	-8.490465
0.000992	-8.805742
0.000999	-9.086198
0.001006	-9.330724
0.001013	-9.538351
0.001020	-9.708259
0.001027	-9.839777
0.001034	-9.932384
0.001041	-9.985713
0.001048	-9.999555
0.001055	-9.973854
0.001062	-9.908712
0.001069	-9.804386
0.001076	-9.661290
0.001083	-9.479989
0.001090	-9.261199
0.001097	-9.005787
0.001104	-8.714761
0.001111	-8.389274
0.001118	-8.030612
0.001125	-7.640193
0.001132	-7.219561
0.001139	-6.770380
0.001146	-6.294426
0.001153	-5.793581
0.001160	-5.269825
0.001167	-4.725230
0.001174	-4.161950
0.001181	-3.582212
0.001188	-2.988307
0.001195	-2.382586
0.001202	-1.767443
0.001209	-1.145310
0.001216	-0.518649
0.001223	0.110064
0.001230	0.738341
0.001237	1.363698
0.001244	1.983663
0.001251	2.595784
0.001258	3.197639
0.001265	3.786850
0.001272	4.361086
0.001279	4.918076
0.001286	5.455618
0.001293	5.971586
0.001300	6.463940
0.001307	6.930732
0.001314	7.370117
0.001321	7.780358
0.001328	8.159831
0.001335	8.507037
0.001342	8.820602
0.001349	9.099287
0.001356	9.341989
0.001363	9.547748
0.001370	9.715752
0.001377	9.845335
0.001384	9.935985
0.001391	9.987344
0.001398	9.999209
0.001405	9.971532
0.001412	9.904424
0.001419	9.798148
0.001426	9.653127
0.001433	9.469933
0.001440	9.249290
0.001447	8.992072
0.001454	8.699295
0.001461	8.372117
0.001468	8.011832
0.001475	7.619865
0.001482	7.197766
0.001489	6.747203
0.001495	6.269959
0.001502	5.767920
0.001509	5.243073
0.001516	4.697492
0.001523	4.133335
0.001530	3.552833
0.001537	2.958282
0.001544	2.352032
0.001551	1.736482
0.001558	1.114064
0.001565	0.487241
0.001572	-0.141508
0.001579	-0.769699
0.001586	-1.394845
0.001593	-2.014476
0.001600	-2.626140
0.001607	-3.227420
0.001614	-3.815937
0.001621	-4.389364
0.001628	-4.945433
0.001635	-5.481946
0.001642	-5.996781
0.001649	-6.487902
0.001656	-6.953367
0.001663	-7.391335
0.001670	-7.800075
0.001677	-8.177970
0.001684	-8.523525
0.001691	-8.835374
0.001698	-9.112285
0.001705	-9.353161
0.001712	-9.557051
0.001719	-9.723148
0.001726	-9.850796
0.001733	-9.939489
0.001740	-9.988877
0.001747	-9.998764
0.001754	-9.969112
0.001761	-9.900037
0.001768	-9.791813
0.001775	-9.644869
0.001782	-9.459784
0.001789	-9.237290
0.001796	-8.978269
0.001803	-8.683743
0.001810	-8.354878
0.001817	-7.992974
0.001824	-7.599462
0.001831	-7.175899
0.001838	-6.723959
0.001845	-6.245429
0.001852	-5.742203
0.001859	-5.216269
0.001866	-4.669707
0.001873	-4.104680
0.001880	-3.523420
0.001887	-2.928228
0.001894	-2.321456
0.001901	-1.705504
0.001908	-1.082807
0.001915	-0.455829
0.001922	0.172952
0.001929	0.801049
0.001936	1.425978
0.001943	2.045268
0.001950	2.656471
0.001957	3.257168
0.001964	3.844985
0.001971	4.417598
0.001978	4.972741
0.001985	5.508220
0.001992	6.021917
0.001999	6.511800
0.002006	6.975933
0.002013	7.412480
0.002020	7.819715
0.002027	8.196027
0.002034	8.539929
0.002041	8.850059
0.002048	9.125193
0.002055	9.364242
0.002062	9.566260
0.002069	9.730449
0.002076	9.856159
0.002083	9.942894
0.002090	9.990310
0.002096	9.998220
0.002103	9.966593
0.002110	9.895553
0.002117	9.785382
0.002124	9.636515
0.002131	9.449541
0.002138	9.225199
0.002145	8.964377
0.002152	8.668105
0.002159	8.337556
0.002166	7.974037
0.002173	7.578985
0.002180	7.153962
0.002187	6.700649
0.002194	6.220839
0.002201	5.716428
0.002208	5.189413
0.002215	4.641876
0.002222	4.075983
0.002229	3.493972
0.002236	2.898144
0.002243	2.290856
0.002250	1.674509
0.002257	1.051539
0.002264	0.424412
0.002271	-0.204394
0.002278	-0.832391
0.002285	-1.457097
0.002292	-2.076041
0.002299	-2.686775
0.002306	-3.286885
0.002313	-3.873996
0.002320	-4.445788
0.002327	-5.000000
0.002334	-5.534439
0.002341	-6.046993
0.002348	-6.535634
0.002355	-6.998431
0.002362	-7.433552
0.002369	-7.839278
0.002376	-8.214004
0.002383	-8.556248
0.002390	-8.864657
0.002397	-9.138011
0.002404	-9.375229
0.002411	-9.575374
0.002418	-9.737653
0.002425	-9.861425
0.002432	-9.946201
0.002439	-9.991645
0.002446	-9.997577
0.002453	-9.963975
0.002460	-9.890971
0.002467	-9.778853
0.002474	-9.628065
0.002481	-9.439204
0.002488	-9.213016
0.002495	-8.950396
0.002502	-8.652381
0.002509	-8.320152
0.002516	-7.955021
0.002523	-7.558432
0.002530	-7.131953
0.002537	-6.677272
0.002544	-6.196186
0.002551	-5.690597
0.002558	-5.162506
0.002565	-4.613999
0.002572	-4.047247
0.002579	-3.464490
0.002586	-2.868032
0.002593	-2.260234
0.002600	-1.643497
0.002607	-1.020261
0.002614	-0.392991
0.002621	0.235833
0.002628	0.863725
0.002635	1.488201
0.002642	2.106793
0.002649	2.717053
0.002656	3.316568
0.002663	3.902969
0.002670	4.473935
0.002677	5.027209
0.002684	5.560604
0.002690	6.072009
0.002697	6.559404
0.002704	7.020859
0.002711	7.454550
0.002718	7.858763
0.002725	8.231899
0.002732	8.572483
0.002739	8.879167
0.002746	9.150738
0.002753	9.386124
0.002760	9.584393
0.002767	9.744761
0.002774	9.866593
0.002781	9.949409
0.002788	9.992880
0.002795	9.996836
0.002802	9.961259
0.002809	9.886291
0.002816	9.772228
0.002823	9.619521
0.002830	9.428774
0.002837	9.200742
0.002844	8.936326
0.002851	8.636572
0.002858	8.302665
0.002865	7.935926
0.002872	7.537804
0.002879	7.109875
0.002886	6.653830
0.002893	6.171472
0.002900	5.664710
0.002907	5.135547
0.002914	4.586076
0.002921	4.018470
0.002928	3.434973
0.002935	2.837892
0.002942	2.229589
0.002949	1.612469
0.002956	0.988973
0.002963	0.361566
0.002970	-0.267271
0.002977	-0.895051
0.002984	-1.519291
0.002991	-2.137524
0.002998	-2.747304
0.003005	-3.346219
0.003012	-3.931903
0.003019	-4.502037
0.003026	-5.054369
0.003033	-5.586714
0.003040	-6.096966
0.003047	-6.583108
0.003054	-7.043217
0.003061	-7.475475
0.003068	-7.878171
0.003075	-8.249713
0.003082	-8.588633
0.003089	-8.893589
0.003096	-9.163375
0.003103	-9.396926
0.003110	-9.593317
0.003117	-9.751772
0.003124	-9.871664
0.003131	-9.952519
0.003138	-9.994018
0.003145	-9.995995
0.003152	-9.958444
0.003159	-9.881513
0.003166	-9.765506
0.003173	-9.610881
0.003180	-9.418251
0.003187	-9.188378
0.003194	-8.922169
0.003201	-8.620678
0.003208	-8.285096
0.003215	-7.916752
0.003222	-7.517102
0.003229	-7.087726
0.003236	-6.630321
0.003243	-6.146698
0.003250	-5.638767
0.003257	-5.108538
0.003264	-4.558108
0.003271	-3.989654
0.003278	-3.405422
0.003285	-2.807723
0.003291	-2.198922
0.003298	-1.581425
0.003305	-0.957675
0.003312	-0.330137
0.003319	0.298706
0.003326	0.926367
0.003333	1.550366
0.003340	2.168234
0.003347	2.777527
0.003354	3.375837
0.003361	3.960798
0.003368	4.530095
0.003375	5.081479
0.003382	5.612768
0.003389	6.121862
0.003396	6.606747
0.003403	7.065506
0.003410	7.496326
0.003417	7.897501
0.003424	8.267446
0.003431	8.604698
0.003438	8.907923
0.003445	9.175922
0.003452	9.407635
0.003459	9.602147
0.003466	9.758687
0.003473	9.876637
0.003480	9.955531
0.003487	9.995056
0.003494	9.995056
0.003501	9.955531
0.003508	9.876637
0.003515	9.758687
0.003522	9.602147
0.003529	9.407635
0.003536	9.175922
0.003543	8.907923
0.003550	8.604698
0.003557	8.267446
0.003564	7.897501
0.003571	7.496326
0.003578	7.065506
0.003585	6.606747
0.003592	6.121862
0.003599	5.612768
0.003606	5.081479
0.003613	4.530095
0.003620	3.960798
0.003627	3.375837
0.003634	2.777527
0.003641	2.168234
0.003648	1.550366
0.003655	0.926367
0.003662	0.298706
0.003669	-0.330137
0.003676	-0.957675
0.003683	-1.581425
0.003690	-2.198922
0.003697	-2.807723
0.003704	-3.405422
0.003711	-3.989654
0.003718	-4.558108
0.003725	-5.108538
0.003732	-5.638767
0.003739	-6.146698
0.003746	-6.630321
0.003753	-7.087726
0.003760	-7.517102
0.003767	-7.916752
0.003774	-8.285096
0.003781	-8.620678
0.003788	-8.922169
0.003795	-9.188378
0.003802	-9.418251
0.003809	-9.610881
0.003816	-9.765506
0.003823	-9.881513
0.003830	-9.958444
0.003837	-9.995995
0.003844	-9.994018
0.003851	-9.952519
0.003858	-9.871664
0.003865	-9.751772
0.003872	-9.593317
0.003879	-9.396926
0.003885	-9.163375
0.003892	-8.893589
0.003899	-8.588633
0.003906	-8.249713
0.003913	-7.878171
0.003920	-7.475475
0.003927	-7.043217
0.003934	-6.583108
0.003941	-6.096966
0.003948	-5.586714
0.003955	-5.054369
0.003962	-4.502037
0.003969	-3.931903
0.003976	-3.346219
0.003983	-2.747304
0.003990	-2.137524
0.003997	-1.519291
0.004004	-0.895051
0.004011	-0.267271
0.004018	0.361566
0.004025	0.988973
0.004032	1.612469
0.004039	2.229589
0.004046	2.837892
0.004053	3.434973
0.004060	4.018470
0.004067	4.586076
0.004074	5.135547
0.004081	5.664710
0.004088	6.171472
0.004095	6.653830
0.004102	7.109875
0.004109	7.537804
0.004116	7.935926
0.004123	8.302665
0.004130	8.636572
0.004137	8.936326
0.004144	9.200742
0.004151	9.428774
0.004158	9.619521
0.004165	9.772228
0.004172	9.886291
0.004179	9.961259
0.004186	9.996836
0.004193	9.992880
0.004200	9.949409
0.004207	9.866593
0.004214	9.744761
0.004221	9.584393
0.004228	9.386124
0.004235	9.150738
0.004242	8.879167
0.004249	8.572483
0.004256	8.231899
0.004263	7.858763
0.004270	7.454550
0.004277	7.020859
0.004284	6.559404
0.004291	6.072009
0.004298	5.560604
0.004305	5.027209
0.004312	4.473935
0.004319	3.902969
0.004326	3.316568
0.004333	2.717053
0.004340	2.106793
0.004347	1.488201
0.004354	0.863725
0.004361	0.235833
0.004368	-0.392991
0.004375	-1.020261
0.004382	-1.643497
0.004389	-2.260234
0.004396	-2.868032
0.004403	-3.464490
0.004410	-4.047247
0.004417	-4.613999
0.004424	-5.162506
0.004431	-5.690597
0.004438	-6.196186
0.004445	-6.677272
0.004452	-7.131953
0.004459	-7.558432
0.004466	-7.955021
0.004473	-8.320152
0.004480	-8.652381
0.004486	-8.950396
0.004493	-9.213016
0.004500	-9.439204
0.004507	-9.628065
0.004514	-9.778853
0.004521	-9.890971
0.004528	-9.963975
0.004535	-9.997577
0.004542	-9.991645
0.004549	-9.946201
0.004556	-9.861425
0.004563	-9.737653
0.004570	-9.575374
0.004577	-9.375229
0.004584	-9.138011
0.004591	-8.864657
0.004598	-8.556248
0.004605	-8.214004
0.004612	-7.839278
0.004619	-7.433552
0.004626	-6.998431
0.004633	-6.535634
0.004640	-6.046993
0.004647	-5.534439
0.004654	-5.000000
0.004661	-4.445788
0.004668	-3.873996
0.004675	-3.286885
0.004682	-2.686775
0.004689	-2.076041
0.004696	-1.457097
0.004703	-0.832391
0.004710	-0.204394
0.004717	0.424412
0.004724	1.051539
0.004731	1.674509
0.004738	2.290856
0.004745	2.898144
0.004752	3.493972
0.004759	4.075983
0.004766	4.641876
0.004773	5.189413
0.004780	5.716428
0.004787	6.220839
0.004794	6.700649
0.004801	7.153962
0.004808	7.578985
0.004815	7.974037
0.004822	8.337556
0.004829	8.668105
0.004836	8.964377
0.004843	9.225199
0.004850	9.449541
0.004857	9.636515
0.004864	9.785382
0.004871	9.895553
0.004878	9.966593
0.004885	9.998220
0.004892	9.990310
0.004899	9.942894
0.004906	9.856159
0.004913	9.730449
0.004920	9.566260
0.004927	9.364242
0.004934	9.125193
0.004941	8.850059
0.004948	8.539929
0.004955	8.196027
0.004962	7.819715
0.004969	7.412480
0.004976	6.975933
0.004983	6.511800
0.004990	6.021917
0.004997	5.508220
0.005004	4.972741
0.005011	4.417598
0.005018	3.844985
0.005025	3.257168
0.005032	2.656471
0.005039	2.045268
0.005046	1.425978
0.005053	0.801049
0.005060	0.172952
0.005067	-0.455829
0.005074	-1.082807
0.005080	-1.705504
0.005087	-2.321456
0.005094	-2.928228
0.005101	-3.523420
0.005108	-4.104680
0.005115	-4.669707
0.005122	-5.216269
0.005129	-5.742203
0.005136	-6.245429
0.005143	-6.723959
0.005150	-7.175899
0.005157	-7.599462
0.005164	-7.992974
0.005171	-8.354878
0.005178	-8.683743
0.005185	-8.978269
0.005192	-9.237290
0.005199	-9.459784
0.005206	-9.644869
0.005213	-9.791813
0.005220	-9.900037
0.005227	-9.969112
0.005234	-9.998764
0.005241	-9.988877
0.005248	-9.939489
0.005255	-9.850796
0.005262	-9.723148
0.005269	-9.557051
0.005276	-9.353161
0.005283	-9.112285
0.005290	-8.835374
0.005297	-8.523525
0.005304	-8.177970
0.005311	-7.800075
0.005318	-7.391335
0.005325	-6.953367
0.005332	-6.487902
0.005339	-5.996781
0.005346	-5.481946
0.005353	-4.945433
0.005360	-4.389364
0.005367	-3.815937
0.005374	-3.227420
0.005381	-2.626140
0.005388	-2.014476
0.005395	-1.394845
0.005402	-0.769699
0.005409	-0.141508
0.005416	0.487241
0.005423	1.114064
0.005430	1.736482
0.005437	2.352032
0.005444	2.958282
0.005451	3.552833
0.005458	4.133335
0.005465	4.697492
0.005472	5.243073
0.005479	5.767920
0.005486	6.269959
0.005493	6.747203
0.005500	7.197766
0.005507	7.619865
0.005514	8.011832
0.005521	8.372117
0.005528	8.699295
0.005535	8.992072
0.005542	9.249290
0.005549	9.469933
0.005556	9.653127
0.005563	9.798148
0.005570	9.904424
0.005577	9.971532
0.005584	9.999209
0.005591	9.987344
0.005598	9.935985
0.005605	9.845335
0.005612	9.715752
0.005619	9.547748
0.005626	9.341989
0.005633	9.099287
0.005640	8.820602
0.005647	8.507037
0.005654	8.159831
0.005661	7.780358
0.005668	7.370117
0.005675	6.930732
0.005681	6.463940
0.005688	5.971586
0.005695	5.455618
0.005702	4.918076
0.005709	4.361086
0.005716	3.786850
0.005723	3.197639
0.005730	2.595784
0.005737	1.983663
0.005744	1.363698
0.005751	0.738341
0.005758	0.110064
0.005765	-0.518649
0.005772	-1.145310
0.005779	-1.767443
0.005786	-2.382586
0.005793	-2.988307
0.005800	-3.582212
0.005807	-4.161950
0.005814	-4.725230
0.005821	-5.269825
0.005828	-5.793581
0.005835	-6.294426
0.005842	-6.770380
0.005849	-7.219561
0.005856	-7.640193
0.005863	-8.030612
0.005870	-8.389274
0.005877	-8.714761
0.005884	-9.005787
0.005891	-9.261199
0.005898	-9.479989
0.005905	-9.661290
0.005912	-9.804386
0.005919	-9.908712
0.005926	-9.973854
0.005933	-9.999555
0.005940	-9.985713
0.005947	-9.932384
0.005954	-9.839777
0.005961	-9.708259
0.005968	-9.538351
0.005975	-9.330724
0.005982	-9.086198
0.005989	-8.805742
0.005996	-8.490465
0.006003	-8.141612
0.006010	-7.760563
0.006017	-7.348826
0.006024	-6.908028
0.006031	-6.439913
0.006038	-5.946332
0.006045	-5.429236
0.006052	-4.890670
0.006059	-4.332765
0.006066	-3.757726
0.006073	-3.167827
0.006080	-2.565401
0.006087	-1.952831
0.006094	-1.332538
0.006101	-0.706976
0.006108	-0.078618
0.006115	0.550051
0.006122	1.176545
0.006129	1.798386
0.006136	2.413116
0.006143	3.018303
0.006150	3.611554
0.006157	4.190524
0.006164	4.752922
0.006171	5.296525
0.006178	5.819184
0.006185	6.318831
0.006192	6.793490
0.006199	7.241285
0.006206	7.660444
0.006213	8.049311
0.006220	8.406347
0.006227	8.730141
0.006234	9.019412
0.006241	9.273016
0.006248	9.489951
0.006255	9.669358
0.006262	9.810528
0.006269	9.912902
0.006275	9.976077
0.006282	9.999802
0.006289	9.983983
0.006296	9.928684
0.006303	9.834121
0.006310	9.700671
0.006317	9.528859
0.006324	9.319366
0.006331	9.073020
0.006338	8.790796
0.006345	8.473808
0.006352	8.123312
0.006359	7.740692
0.006366	7.327462
0.006373	6.885256
0.006380	6.415823
0.006387	5.921019
0.006394	5.402800
0.006401	4.863216
0.006408	4.304401
0.006415	3.728565
0.006422	3.137984
0.006429	2.534994
0.006436	1.921979
0.006443	1.301365
0.006450	0.675604
0.006457	0.047171
0.006464	-0.581448
0.006471	-1.207768
0.006478	-1.829312
0.006485	-2.443622
0.006492	-3.048269
0.006499	-3.640861
0.006506	-4.219056
0.006513	-4.780567
0.006520	-5.323173
0.006527	-5.844730
0.006534	-6.343173
0.006541	-6.816533
0.006548	-7.262937
0.006555	-7.680621
0.006562	-8.067931
0.006569	-8.423338
0.006576	-8.745435
0.006583	-9.032948
0.006590	-9.284741
0.006597	-9.499819
0.006604	-9.677329
0.006611	-9.816572
0.006618	-9.916995
0.006625	-9.978202
0.006632	-9.999951
0.006639	-9.982155
0.006646	-9.924886
0.006653	-9.828369
0.006660	-9.692986
0.006667	-9.519273
0.006674	-9.307917
0.006681	-9.059753
0.006688	-8.775762
0.006695	-8.457068
0.006702	-8.104932
0.006709	-7.720745
0.006716	-7.306026
0.006723	-6.862416
0.006730	-6.391670
0.006737	-5.895647
0.006744	-5.376311
0.006751	-4.835714
0.006758	-4.275995
0.006765	-3.699367
0.006772	-3.108109
0.006779	-2.504561
0.006786	-1.891109
0.006793	-1.270178
0.006800	-0.644225
0.006807	-0.015724
0.006814	0.612840
0.006821	1.238979
0.006828	1.860220
0.006835	2.474104
0.006842	3.078204
0.006849	3.670132
0.006856	4.247547
0.006863	4.808164
0.006870	5.349769
0.006876	5.870217
0.006883	6.367453
0.006890	6.839508
0.006897	7.284518
0.006904	7.700721
0.006911	8.086471
0.006918	8.440245
0.006925	8.760642
0.006932	9.046395
0.006939	9.296375
0.006946	9.509593
0.006953	9.685206
0.006960	9.822519
0.006967	9.920989
0.006974	9.980228
0.006981	10.000000
