0.000000	10.000000
0.000699	9.980228
0.001398	9.920989
0.002096	9.822519
0.002795	9.685206
0.003494	9.509593
0.004193	9.296375
0.004892	9.046395
0.005591	8.760642
0.006289	8.440245
0.006988	8.086471
0.007687	7.700721
0.008386	7.284518
0.009085	6.839508
0.009784	6.367453
0.010482	5.870217
0.011181	5.349769
0.011880	4.808164
0.012579	4.247547
0.013278	3.670132
0.013977	3.078204
0.014675	2.474104
0.015374	1.860220
0.016073	1.238979
0.016772	0.612840
0.017471	-0.015724
0.018170	-0.644225
0.018868	-1.270178
0.019567	-1.891109
0.020266	-2.504561
0.020965	-3.108109
0.021664	-3.699367
0.022363	-4.275995
0.023061	-4.835714
0.023760	-5.376311
0.024459	-5.895647
0.025158	-6.391670
0.025857	-6.862416
0.026556	-7.306026
0.027254	-7.720745
0.027953	-8.104932
0.028652	-8.457068
0.029351	-8.775762
0.030050	-9.059753
0.030749	-9.307917
0.031447	-9.519273
0.032146	-9.692986
0.032845	-9.828369
0.033544	-9.924886
0.034243	-9.982155
0.034942	-9.999951
0.035640	-9.978202
0.036339	-9.916995
0.037038	-9.816572
0.037737	-9.677329
0.038436	-9.499819
0.039135	-9.284741
0.039833	-9.032948
0.040532	-8.745435
0.041231	-8.423338
0.041930	-8.067931
0.042629	-7.680621
0.043327	-7.262937
0.044026	-6.816533
0.044725	-6.343173
0.045424	-5.844730
0.046123	-5.323173
0.046822	-4.780567
0.047520	-4.219056
0.048219	-3.640861
0.048918	-3.048269
0.049617	-2.443622
0.050316	-1.829312
0.051015	-1.207768
0.051713	-0.581448
0.052412	0.047171
0.053111	0.675604
0.053810	1.301365
0.054509	1.921979
0.055208	2.534994
0.055906	3.137984
0.056605	3.728565
0.057304	4.304401
0.058003	4.863216
0.058702	5.402800
0.059401	5.921019
0.060099	6.415823
0.060798	6.885256
0.061497	7.327462
0.062196	7.740692
0.062895	8.123312
0.063594	8.473808
0.064292	8.790796
0.064991	9.073020
0.065690	9.319366
0.066389	9.528859
0.067088	9.700671
0.067787	9.834121
0.068485	9.928684
0.069184	9.983983
0.069883	9.999802
0.070582	9.976077
0.071281	9.912902
0.071980	9.810528
0.072678	9.669358
0.073377	9.489951
0.074076	9.273016
0.074775	9.019412
0.075474	8.730141
0.076173	8.406347
0.076871	8.049311
0.077570	7.660444
0.078269	7.241285
0.078968	6.793490
0.079667	6.318831
0.080366	5.819184
0.081064	5.296525
0.081763	4.752922
0.082462	4.190524
0.083161	3.611554
0.083860	3.018303
0.084558	2.413116
0.085257	1.798386
0.085956	1.176545
0.086655	0.550051
0.087354	-0.078618
0.088053	-0.706976
0.088751	-1.332538
0.089450	-1.952831
0.090149	-2.565401
0.090848	-3.167827
0.091547	-3.757726
0.092246	-4.332765
0.092944	-4.890670
0.093643	-5.429236
0.094342	-5.946332
0.095041	-6.439913
0.095740	-6.908028
0.096439	-7.348826
0.097137	-7.760563
0.097836	-8.141612
0.098535	-8.490465
0.099234	-8.805742
0.099933	-9.086198
0.100632	-9.330724
0.101330	-9.538351
0.102029	-9.708259
0.102728	-9.839777
0.103427	-9.932384
0.104126	-9.985713
0.104825	-9.999555
0.105523	-9.973854
0.106222	-9.908712
0.106921	-9.804386
0.107620	-9.661290
0.108319	-9.479989
0.109018	-9.261199
0.109716	-9.005787
0.110415	-8.714761
0.111114	-8.389274
0.111813	-8.030612
0.112512	-7.640193
0.113211	-7.219561
0.113909	-6.770380
0.114608	-6.294426
0.115307	-5.793581
0.116006	-5.269825
0.116705	-4.725230
0.117404	-4.161950
0.118102	-3.582212
0.118801	-2.988307
0.119500	-2.382586
0.120199	-1.767443
0.120898	-1.145310
0.121597	-0.518649
0.122295	0.110064
0.122994	0.738341
0.123693	1.363698
0.124392	1.983663
0.125091	2.595784
0.125789	3.197639
0.126488	3.786850
0.127187	4.361086
0.127886	4.918076
0.128585	5.455618
0.129284	5.971586
0.129982	6.463940
0.130681	6.930732
0.131380	7.370117
0.132079	7.780358
0.132778	8.159831
0.133477	8.507037
0.134175	8.820602
0.134874	9.099287
0.135573	9.341989
0.136272	9.547748
0.136971	9.715752
0.137670	9.845335
0.138368	9.935985
0.139067	9.987344
0.139766	9.999209
0.140465	9.971532
0.141164	9.904424
0.141863	9.798148
0.142561	9.653127
0.143260	9.469933
0.143959	9.249290
0.144658	8.992072
0.145357	8.699295
0.146056	8.372117
0.146754	8.011832
0.147453	7.619865
0.148152	7.197766
0.148851	6.747203
0.149550	6.269959
0.150249	5.767920
0.150947	5.243073
0.151646	4.697492
0.152345	4.133335
0.153044	3.552833
0.153743	2.958282
0.154442	2.352032
0.155140	1.736482
0.155839	1.114064
0.156538	0.487241
0.157237	-0.141508
0.157936	-0.769699
0.158635	-1.394845
0.159333	-2.014476
0.160032	-2.626140
0.160731	-3.227420
0.161430	-3.815937
0.162129	-4.389364
0.162828	-4.945433
0.163526	-5.481946
0.164225	-5.996781
0.164924	-6.487902
0.165623	-6.953367
0.166322	-7.391335
0.167020	-7.800075
0.167719	-8.177970
0.168418	-8.523525
0.169117	-8.835374
0.169816	-9.112285
0.170515	-9.353161
0.171213	-9.557051
0.171912	-9.723148
0.172611	-9.850796
0.173310	-9.939489
0.174009	-9.988877
0.174708	-9.998764
0.175406	-9.969112
0.176105	-9.900037
0.176804	-9.791813
0.177503	-9.644869
0.178202	-9.459784
0.178901	-9.237290
0.179599	-8.978269
0.180298	-8.683743
0.180997	-8.354878
0.181696	-7.992974
0.182395	-7.599462
0.183094	-7.175899
0.183792	-6.723959
0.184491	-6.245429
0.185190	-5.742203
0.185889	-5.216269
0.186588	-4.669707
0.187287	-4.104680
0.187985	-3.523420
0.188684	-2.928228
0.189383	-2.321456
0.190082	-1.705504
0.190781	-1.082807
0.191480	-0.455829
0.192178	0.172952
0.192877	0.801049
0.193576	1.425978
0.194275	2.045268
0.194974	2.656471
0.195673	3.257168
0.196371	3.844985
0.197070	4.417598
0.197769	4.972741
0.198468	5.508220
0.199167	6.021917
0.199866	6.511800
0.200564	6.975933
0.201263	7.412480
0.201962	7.819715
0.202661	8.196027
0.203360	8.539929
0.204059	8.850059
0.204757	9.125193
0.205456	9.364242
0.206155	9.566260
0.206854	9.730449
0.207553	9.856159
0.208251	9.942894
0.208950	9.990310
0.209649	9.998220
0.210348	9.966593
0.211047	9.895553
0.211746	9.785382
0.212444	9.636515
0.213143	9.449541
0.213842	9.225199
0.214541	8.964377
0.215240	8.668105
0.215939	8.337556
0.216637	7.974037
0.217336	7.578985
0.218035	7.153962
0.218734	6.700649
0.219433	6.220839
0.220132	5.716428
0.220830	5.189413
0.221529	4.641876
0.222228	4.075983
0.222927	3.493972
0.223626	2.898144
0.224325	2.290856
0.225023	1.674509
0.225722	1.051539
0.226421	0.424412
0.227120	-0.204394
0.227819	-0.832391
0.228518	-1.457097
0.229216	-2.076041
0.229915	-2.686775
0.230614	-3.286885
0.231313	-3.873996
0.232012	-4.445788
0.232711	-5.000000
0.233409	-5.534439
0.234108	-6.046993
0.234807	-6.535634
0.235506	-6.998431
0.236205	-7.433552
0.236904	-7.839278
0.237602	-8.214004
0.238301	-8.556248
0.239000	-8.864657
0.239699	-9.138011
0.240398	-9.375229
0.241097	-9.575374
0.241795	-9.737653
0.242494	-9.861425
0.243193	-9.946201
0.243892	-9.991645
0.244591	-9.997577
0.245290	-9.963975
0.245988	-9.890971
0.246687	-9.778853
0.247386	-9.628065
0.248085	-9.439204
0.248784	-9.213016
0.249482	-8.950396
0.250181	-8.652381
0.250880	-8.320152
0.251579	-7.955021
0.252278	-7.558432
0.252977	-7.131953
0.253675	-6.677272
0.254374	-6.196186
0.255073	-5.690597
0.255772	-5.162506
0.256471	-4.613999
0.257170	-4.047247
0.257868	-3.464490
0.258567	-2.868032
0.259266	-2.260234
0.259965	-1.643497
0.260664	-1.020261
0.261363	-0.392991
0.262061	0.235833
0.262760	0.863725
0.263459	1.488201
0.264158	2.106793
0.264857	2.717053
0.265556	3.316568
0.266254	3.902969
0.266953	4.473935
0.267652	5.027209
0.268351	5.560604
0.269050	6.072009
0.269749	6.559404
0.270447	7.020859
0.271146	7.454550
0.271845	7.858763
0.272544	8.231899
0.273243	8.572483
0.273942	8.879167
0.274640	9.150738
0.275339	9.386124
0.276038	9.584393
0.276737	9.744761
0.277436	9.866593
0.278135	9.949409
0.278833	9.992880
0.279532	9.996836
0.280231	9.961259
0.280930	9.886291
0.281629	9.772228
0.282328	9.619521
0.283026	9.428774
0.283725	9.200742
0.284424	8.936326
0.285123	8.636572
0.285822	8.302665
0.286521	7.935926
0.287219	7.537804
0.287918	7.109875
0.288617	6.653830
0.289316	6.171472
0.290015	5.664710
0.290714	5.135547
0.291412	4.586076
0.292111	4.018470
0.292810	3.434973
0.293509	2.837892
0.294208	2.229589
0.294906	1.612469
0.295605	0.988973
0.296304	0.361566
0.297003	-0.267271
0.297702	-0.895051
0.298401	-1.519291
0.299099	-2.137524
0.299798	-2.747304
0.300497	-3.346219
0.301196	-3.931903
0.301895	-4.502037
0.302594	-5.054369
0.303292	-5.586714
0.303991	-6.096966
0.304690	-6.583108
0.305389	-7.043217
0.306088	-7.475475
0.306787	-7.878171
0.307485	-8.249713
0.308184	-8.588633
0.308883	-8.893589
0.309582	-9.163375
0.310281	-9.396926
0.310980	-9.593317
0.311678	-9.751772
0.312377	-9.871664
0.313076	-9.952519
0.313775	-9.994018
0.314474	-9.995995
0.315173	-9.958444
0.315871	-9.881513
0.316570	-9.765506
0.317269	-9.610881
0.317968	-9.418251
0.318667	-9.188378
0.319366	-8.922169
0.320064	-8.620678
0.320763	-8.285096
0.321462	-7.916752
0.322161	-7.517102
0.322860	-7.087726
0.323559	-6.630321
0.324257	-6.146698
0.324956	-5.638767
0.325655	-5.108538
0.326354	-4.558108
0.327053	-3.989654
0.327752	-3.405422
0.328450	-2.807723
0.329149	-2.198922
0.329848	-1.581425
0.330547	-0.957675
0.331246	-0.330137
0.331945	0.298706
0.332643	0.926367
0.333342	1.550366
0.334041	2.168234
0.334740	2.777527
0.335439	3.375837
0.336137	3.960798
0.336836	4.530095
0.337535	5.081479
0.338234	5.612768
0.338933	6.121862
0.339632	6.606747
0.340330	7.065506
0.341029	7.496326
0.341728	7.897501
0.342427	8.267446
0.343126	8.604698
0.343825	8.907923
0.344523	9.175922
0.345222	9.407635
0.345921	9.602147
0.346620	9.758687
0.347319	9.876637
0.348018	9.955531
0.348716	9.995056
0.349415	9.995056
0.350114	9.955531
0.350813	9.876637
0.351512	9.758687
0.352211	9.602147
0.352909	9.407635
0.353608	9.175922
0.354307	8.907923
0.355006	8.604698
0.355705	8.267446
0.356404	7.897501
0.357102	7.496326
0.357801	7.065506
0.358500	6.606747
0.359199	6.121862
0.359898	5.612768
0.360597	5.081479
0.361295	4.530095
0.361994	3.960798
0.362693	3.375837
0.363392	2.777527
0.364091	2.168234
0.364790	1.550366
0.365488	0.926367
0.366187	0.298706
0.366886	-0.330137
0.367585	-0.957675
0.368284	-1.581425
0.368983	-2.198922
0.369681	-2.807723
0.370380	-3.405422
0.371079	-3.989654
0.371778	-4.558108
0.372477	-5.108538
0.373176	-5.638767
0.373874	-6.146698
0.374573	-6.630321
0.375272	-7.087726
0.375971	-7.517102
0.376670	-7.916752
0.377368	-8.285096
0.378067	-8.620678
0.378766	-8.922169
0.379465	-9.188378
0.380164	-9.418251
0.380863	-9.610881
0.381561	-9.765506
0.382260	-9.881513
0.382959	-9.958444
0.383658	-9.995995
0.384357	-9.994018
0.385056	-9.952519
0.385754	-9.871664
0.386453	-9.751772
0.387152	-9.593317
0.387851	-9.396926
0.388550	-9.163375
0.389249	-8.893589
0.389947	-8.588633
0.390646	-8.249713
0.391345	-7.878171
0.392044	-7.475475
0.392743	-7.043217
0.393442	-6.583108
0.394140	-6.096966
0.394839	-5.586714
0.395538	-5.054369
0.396237	-4.502037
0.396936	-3.931903
0.397635	-3.346219
0.398333	-2.747304
0.399032	-2.137524
0.399731	-1.519291
0.400430	-0.895051
0.401129	-0.267271
0.401828	0.361566
0.402526	0.988973
0.403225	1.612469
0.403924	2.229589
0.404623	2.837892
0.405322	3.434973
0.406021	4.018470
0.406719	4.586076
0.407418	5.135547
0.408117	5.664710
0.408816	6.171472
0.409515	6.653830
0.410214	7.109875
0.410912	7.537804
0.411611	7.935926
0.412310	8.302665
0.413009	8.636572
0.413708	8.936326
0.414407	9.200742
0.415105	9.428774
0.415804	9.619521
0.416503	9.772228
0.417202	9.886291
0.417901	9.961259
0.418599	9.996836
0.419298	9.992880
0.419997	9.949409
0.420696	9.866593
0.421395	9.744761
0.422094	9.584393
0.422792	9.386124
0.423491	9.150738
0.424190	8.879167
0.424889	8.572483
0.425588	8.231899
0.426287	7.858763
0.426985	7.454550
0.427684	7.020859
0.428383	6.559404
0.429082	6.072009
0.429781	5.560604
0.430480	5.027209
0.431178	4.473935
0.431877	3.902969
0.432576	3.316568
0.433275	2.717053
0.433974	2.106793
0.434673	1.488201
0.435371	0.863725
0.436070	0.235833
0.436769	-0.392991
0.437468	-1.020261
0.438167	-1.643497
0.438866	-2.260234
0.439564	-2.868032
0.440263	-3.464490
0.440962	-4.047247
0.441661	-4.613999
0.442360	-5.162506
0.443059	-5.690597
0.443757	-6.196186
0.444456	-6.677272
0.445155	-7.131953
0.445854	-7.558432
0.446553	-7.955021
0.447252	-8.320152
0.447950	-8.652381
0.448649	-8.950396
0.449348	-9.213016
0.450047	-9.439204
0.450746	-9.628065
0.451445	-9.778853
0.452143	-9.890971
0.452842	-9.963975
0.453541	-9.997577
0.454240	-9.991645
0.454939	-9.946201
0.455638	-9.861425
0.456336	-9.737653
0.457035	-9.575374
0.457734	-9.375229
0.458433	-9.138011
0.459132	-8.864657
0.459830	-8.556248
0.460529	-8.214004
0.461228	-7.839278
0.461927	-7.433552
0.462626	-6.998431
0.463325	-6.535634
0.464023	-6.046993
0.464722	-5.534439
0.465421	-5.000000
0.466120	-4.445788
0.466819	-3.873996
0.467518	-3.286885
0.468216	-2.686775
0.468915	-2.076041
0.469614	-1.457097
0.470313	-0.832391
0.471012	-0.204394
0.471711	0.424412
0.472409	1.051539
0.473108	1.674509
0.473807	2.290856
0.474506	2.898144
0.475205	3.493972
0.475904	4.075983
0.476602	4.641876
0.477301	5.189413
0.478000	5.716428
0.478699	6.220839
0.479398	6.700649
0.480097	7.153962
0.480795	7.578985
0.481494	7.974037
0.482193	8.337556
0.482892	8.668105
0.483591	8.964377
0.484290	9.225199
0.484988	9.449541
0.485687	9.636515
0.486386	9.785382
0.487085	9.895553
0.487784	9.966593
0.488483	9.998220
0.489181	9.990310
0.489880	9.942894
0.490579	9.856159
0.491278	9.730449
0.491977	9.566260
0.492676	9.364242
0.493374	9.125193
0.494073	8.850059
0.494772	8.539929
0.495471	8.196027
0.496170	7.819715
0.496869	7.412480
0.497567	6.975933
0.498266	6.511800
0.498965	6.021917
0.499664	5.508220
0.500363	4.972741
0.501061	4.417598
0.501760	3.844985
0.502459	3.257168
0.503158	2.656471
0.503857	2.045268
0.504556	1.425978
0.505254	0.801049
0.505953	0.172952
0.506652	-0.455829
0.507351	-1.082807
0.508050	-1.705504
0.508749	-2.321456
0.509447	-2.928228
0.510146	-3.523420
0.510845	-4.104680
0.511544	-4.669707
0.512243	-5.216269
0.512942	-5.742203
0.513640	-6.245429
0.514339	-6.723959
0.515038	-7.175899
0.515737	-7.599462
0.516436	-7.992974
0.517135	-8.354878
0.517833	-8.683743
0.518532	-8.978269
0.519231	-9.237290
0.519930	-9.459784
0.520629	-9.644869
0.521328	-9.791813
0.522026	-9.900037
0.522725	-9.969112
0.523424	-9.998764
0.524123	-9.988877
0.524822	-9.939489
0.525521	-9.850796
0.526219	-9.723148
0.526918	-9.557051
0.527617	-9.353161
0.528316	-9.112285
0.529015	-8.835374
0.529714	-8.523525
0.530412	-8.177970
0.531111	-7.800075
0.531810	-7.391335
0.532509	-6.953367
0.533208	-6.487902
0.533907	-5.996781
0.534605	-5.481946
0.535304	-4.945433
0.536003	-4.389364
0.536702	-3.815937
0.537401	-3.227420
0.538100	-2.626140
0.538798	-2.014476
0.539497	-1.394845
0.540196	-0.769699
0.540895	-0.141508
0.541594	0.487241
0.542292	1.114064
0.542991	1.736482
0.543690	2.352032
0.544389	2.958282
0.545088	3.552833
0.545787	4.133335
0.546485	4.697492
0.547184	5.243073
0.547883	5.767920
0.548582	6.269959
0.549281	6.747203
0.549980	7.197766
0.550678	7.619865
0.551377	8.011832
0.552076	8.372117
0.552775	8.699295
0.553474	8.992072
0.554173	9.249290
0.554871	9.469933
0.555570	9.653127
0.556269	9.798148
0.556968	9.904424
0.557667	9.971532
0.558366	9.999209
0.559064	9.987344
0.559763	9.935985
0.560462	9.845335
0.561161	9.715752
0.561860	9.547748
0.562559	9.341989
0.563257	9.099287
0.563956	8.820602
0.564655	8.507037
0.565354	8.159831
0.566053	7.780358
0.566752	7.370117
0.567450	6.930732
0.568149	6.463940
0.568848	5.971586
0.569547	5.455618
0.570246	4.918076
0.570945	4.361086
0.571643	3.786850
0.572342	3.197639
0.573041	2.595784
0.573740	1.983663
0.574439	1.363698
0.575138	0.738341
0.575836	0.110064
0.576535	-0.518649
0.577234	-1.145310
0.577933	-1.767443
0.578632	-2.382586
0.579331	-2.988307
0.580029	-3.582212
0.580728	-4.161950
0.581427	-4.725230
0.582126	-5.269825
0.582825	-5.793581
0.583523	-6.294426
0.584222	-6.770380
0.584921	-7.219561
0.585620	-7.640193
0.586319	-8.030612
0.587018	-8.389274
0.587716	-8.714761
0.588415	-9.005787
0.589114	-9.261199
0.589813	-9.479989
0.590512	-9.661290
0.591211	-9.804386
0.591909	-9.908712
0.592608	-9.973854
0.593307	-9.999555
0.594006	-9.985713
0.594705	-9.932384
0.595404	-9.839777
0.596102	-9.708259
0.596801	-9.538351
0.597500	-9.330724
0.598199	-9.086198
0.598898	-8.805742
0.599597	-8.490465
0.600295	-8.141612
0.600994	-7.760563
0.601693	-7.348826
0.602392	-6.908028
0.603091	-6.439913
0.603790	-5.946332
0.604488	-5.429236
0.605187	-4.890670
0.605886	-4.332765
0.606585	-3.757726
0.607284	-3.167827
0.607983	-2.565401
0.608681	-1.952831
0.609380	-1.332538
0.610079	-0.706976
0.610778	-0.078618
0.611477	0.550051
0.612176	1.176545
0.612874	1.798386
0.613573	2.413116
0.614272	3.018303
0.614971	3.611554
0.615670	4.190524
0.616369	4.752922
0.617067	5.296525
0.617766	5.819184
0.618465	6.318831
0.619164	6.793490
0.619863	7.241285
0.620562	7.660444
0.621260	8.049311
0.621959	8.406347
0.622658	8.730141
0.623357	9.019412
0.624056	9.273016
0.624754	9.489951
0.625453	9.669358
0.626152	9.810528
0.626851	9.912902
0.627550	9.976077
0.628249	9.999802
0.628947	9.983983
0.629646	9.928684
0.630345	9.834121
0.631044	9.700671
0.631743	9.528859
0.632442	9.319366
0.633140	9.073020
0.633839	8.790796
0.634538	8.473808
0.635237	8.123312
0.635936	7.740692
0.636635	7.327462
0.637333	6.885256
0.638032	6.415823
0.638731	5.921019
0.639430	5.402800
0.640129	4.863216
0.640828	4.304401
0.641526	3.728565
0.642225	3.137984
0.642924	2.534994
0.643623	1.921979
0.644322	1.301365
0.645021	0.675604
0.645719	0.047171
0.646418	-0.581448
0.647117	-1.207768
0.647816	-1.829312
0.648515	-2.443622
0.649214	-3.048269
0.649912	-3.640861
0.650611	-4.219056
0.651310	-4.780567
0.652009	-5.323173
0.652708	-5.844730
0.653407	-6.343173
0.654105	-6.816533
0.654804	-7.262937
0.655503	-7.680621
0.656202	-8.067931
0.656901	-8.423338
0.657600	-8.745435
0.658298	-9.032948
0.658997	-9.284741
0.659696	-9.499819
0.660395	-9.677329
0.661094	-9.816572
0.661793	-9.916995
0.662491	-9.978202
0.663190	-9.999951
0.663889	-9.982155
0.664588	-9.924886
0.665287	-9.828369
0.665985	-9.692986
0.666684	-9.519273
0.667383	-9.307917
0.668082	-9.059753
0.668781	-8.775762
0.669480	-8.457068
0.670178	-8.104932
0.670877	-7.720745
0.671576	-7.306026
0.672275	-6.862416
0.672974	-6.391670
0.673673	-5.895647
0.674371	-5.376311
0.675070	-4.835714
0.675769	-4.275995
0.676468	-3.699367
0.677167	-3.108109
0.677866	-2.504561
0.678564	-1.891109
0.679263	-1.270178
0.679962	-0.644225
0.680661	-0.015724
0.681360	0.612840
0.682059	1.238979
0.682757	1.860220
0.683456	2.474104
0.684155	3.078204
0.684854	3.670132
0.685553	4.247547
0.686252	4.808164
0.686950	5.349769
0.687649	5.870217
0.688348	6.367453
0.689047	6.839508
0.689746	7.284518
0.690445	7.700721
0.691143	8.086471
0.691842	8.440245
0.692541	8.760642
0.693240	9.046395
0.693939	9.296375
0.694638	9.509593
0.695336	9.685206
0.696035	9.822519
0.696734	9.920989
0.697433	9.980228
0.698132	10.000000
