0.000000	10.000000
0.006988	9.980228
0.013977	9.920989
0.020965	9.822519
0.027953	9.685206
0.034942	9.509593
0.041930	9.296375
0.048918	9.046395
0.055906	8.760642
0.062895	8.440245
0.069883	8.086471
0.076871	7.700721
0.083860	7.284518
0.090848	6.839508
0.097836	6.367453
0.104825	5.870217
0.111813	5.349769
0.118801	4.808164
0.125789	4.247547
0.132778	3.670132
0.139766	3.078204
0.146754	2.474104
0.153743	1.860220
0.160731	1.238979
0.167719	0.612840
0.174708	-0.015724
0.181696	-0.644225
0.188684	-1.270178
0.195673	-1.891109
0.202661	-2.504561
0.209649	-3.108109
0.216637	-3.699367
0.223626	-4.275995
0.230614	-4.835714
0.237602	-5.376311
0.244591	-5.895647
0.251579	-6.391670
0.258567	-6.862416
0.265556	-7.306026
0.272544	-7.720745
0.279532	-8.104932
0.286521	-8.457068
0.293509	-8.775762
0.300497	-9.059753
0.307485	-9.307917
0.314474	-9.519273
0.321462	-9.692986
0.328450	-9.828369
0.335439	-9.924886
0.342427	-9.982155
0.349415	-9.999951
0.356404	-9.978202
0.363392	-9.916995
0.370380	-9.816572
0.377368	-9.677329
0.384357	-9.499819
0.391345	-9.284741
0.398333	-9.032948
0.405322	-8.745435
0.412310	-8.423338
0.419298	-8.067931
0.426287	-7.680621
0.433275	-7.262937
0.440263	-6.816533
0.447252	-6.343173
0.454240	-5.844730
0.461228	-5.323173
0.468216	-4.780567
0.475205	-4.219056
0.482193	-3.640861
0.489181	-3.048269
0.496170	-2.443622
0.503158	-1.829312
0.510146	-1.207768
0.517135	-0.581448
0.524123	0.047171
0.531111	0.675604
0.538100	1.301365
0.545088	1.921979
0.552076	2.534994
0.559064	3.137984
0.566053	3.728565
0.573041	4.304401
0.580029	4.863216
0.587018	5.402800
0.594006	5.921019
0.600994	6.415823
0.607983	6.885256
0.614971	7.327462
0.621959	7.740692
0.628947	8.123312
0.635936	8.473808
0.642924	8.790796
0.649912	9.073020
0.656901	9.319366
0.663889	9.528859
0.670877	9.700671
0.677866	9.834121
0.684854	9.928684
0.691842	9.983983
0.698831	9.999802
0.705819	9.976077
0.712807	9.912902
0.719795	9.810528
0.726784	9.669358
0.733772	9.489951
0.740760	9.273016
0.747749	9.019412
0.754737	8.730141
0.761725	8.406347
0.768714	8.049311
0.775702	7.660444
0.782690	7.241285
0.789679	6.793490
0.796667	6.318831
0.803655	5.819184
0.810643	5.296525
0.817632	4.752922
0.824620	4.190524
0.831608	3.611554
0.838597	3.018303
0.845585	2.413116
0.852573	1.798386
0.859562	1.176545
0.866550	0.550051
0.873538	-0.078618
0.880526	-0.706976
0.887515	-1.332538
0.894503	-1.952831
0.901491	-2.565401
0.908480	-3.167827
0.915468	-3.757726
0.922456	-4.332765
0.929445	-4.890670
0.936433	-5.429236
0.943421	-5.946332
0.950410	-6.439913
0.957398	-6.908028
0.964386	-7.348826
0.971374	-7.760563
0.978363	-8.141612
0.985351	-8.490465
0.992339	-8.805742
0.999328	-9.086198
1.006316	-9.330724
1.013304	-9.538351
1.020293	-9.708259
1.027281	-9.839777
1.034269	-9.932384
1.041257	-9.985713
1.048246	-9.999555
1.055234	-9.973854
1.062222	-9.908712
1.069211	-9.804386
1.076199	-9.661290
1.083187	-9.479989
1.090176	-9.261199
1.097164	-9.005787
1.104152	-8.714761
1.111141	-8.389274
1.118129	-8.030612
1.125117	-7.640193
1.132105	-7.219561
1.139094	-6.770380
1.146082	-6.294426
1.153070	-5.793581
1.160059	-5.269825
1.167047	-4.725230
1.174035	-4.161950
1.181024	-3.582212
1.188012	-2.988307
1.195000	-2.382586
1.201989	-1.767443
1.208977	-1.145310
1.215965	-0.518649
1.222953	0.110064
1.229942	0.738341
1.236930	1.363698
1.243918	1.983663
1.250907	2.595784
1.257895	3.197639
1.264883	3.786850
1.271872	4.361086
1.278860	4.918076
1.285848	5.455618
1.292836	5.971586
1.299825	6.463940
1.306813	6.930732
1.313801	7.370117
1.320790	7.780358
1.327778	8.159831
1.334766	8.507037
1.341755	8.820602
1.348743	9.099287
1.355731	9.341989
1.362720	9.547748
1.369708	9.715752
1.376696	9.845335
1.383684	9.935985
1.390673	9.987344
1.397661	9.999209
1.404649	9.971532
1.411638	9.904424
1.418626	9.798148
1.425614	9.653127
1.432603	9.469933
1.439591	9.249290
1.446579	8.992072
1.453568	8.699295
1.460556	8.372117
1.467544	8.011832
1.474532	7.619865
1.481521	7.197766
1.488509	6.747203
1.495497	6.269959
1.502486	5.767920
1.509474	5.243073
1.516462	4.697492
1.523451	4.133335
1.530439	3.552833
1.537427	2.958282
1.544415	2.352032
1.551404	1.736482
1.558392	1.114064
1.565380	0.487241
1.572369	-0.141508
1.579357	-0.769699
1.586345	-1.394845
1.593334	-2.014476
1.600322	-2.626140
1.607310	-3.227420
1.614299	-3.815937
1.621287	-4.389364
1.628275	-4.945433
1.635263	-5.481946
1.642252	-5.996781
1.649240	-6.487902
1.656228	-6.953367
1.663217	-7.391335
1.670205	-7.800075
1.677193	-8.177970
1.684182	-8.523525
1.691170	-8.835374
1.698158	-9.112285
1.705146	-9.353161
1.712135	-9.557051
1.719123	-9.723148
1.726111	-9.850796
1.733100	-9.939489
1.740088	-9.988877
1.747076	-9.998764
1.754065	-9.969112
1.761053	-9.900037
1.768041	-9.791813
1.775030	-9.644869
1.782018	-9.459784
1.789006	-9.237290
1.795994	-8.978269
1.802983	-8.683743
1.809971	-8.354878
1.816959	-7.992974
1.823948	-7.599462
1.830936	-7.175899
1.837924	-6.723959
1.844913	-6.245429
1.851901	-5.742203
1.858889	-5.216269
1.865878	-4.669707
1.872866	-4.104680
1.879854	-3.523420
1.886842	-2.928228
1.893831	-2.321456
1.900819	-1.705504
1.907807	-1.082807
1.914796	-0.455829
1.921784	0.172952
1.928772	0.801049
1.935761	1.425978
1.942749	2.045268
1.949737	2.656471
1.956725	3.257168
1.963714	3.844985
1.970702	4.417598
1.977690	4.972741
1.984679	5.508220
1.991667	6.021917
1.998655	6.511800
2.005644	6.975933
2.012632	7.412480
2.019620	7.819715
2.026609	8.196027
2.033597	8.539929
2.040585	8.850059
2.047573	9.125193
2.054562	9.364242
2.061550	9.566260
2.068538	9.730449
2.075527	9.856159
2.082515	9.942894
2.089503	9.990310
2.096492	9.998220
2.103480	9.966593
2.110468	9.895553
2.117457	9.785382
2.124445	9.636515
2.131433	9.449541
2.138421	9.225199
2.145410	8.964377
2.152398	8.668105
2.159386	8.337556
2.166375	7.974037
2.173363	7.578985
2.180351	7.153962
2.187340	6.700649
2.194328	6.220839
2.201316	5.716428
2.208304	5.189413
2.215293	4.641876
2.222281	4.075983
2.229269	3.493972
2.236258	2.898144
2.243246	2.290856
2.250234	1.674509
2.257223	1.051539
2.264211	0.424412
2.271199	-0.204394
2.278188	-0.832391
2.285176	-1.457097
2.292164	-2.076041
2.299152	-2.686775
2.306141	-3.286885
2.313129	-3.873996
2.320117	-4.445788
2.327106	-5.000000
2.334094	-5.534439
2.341082	-6.046993
2.348071	-6.535634
2.355059	-6.998431
2.362047	-7.433552
2.369036	-7.839278
2.376024	-8.214004
2.383012	-8.556248
2.390000	-8.864657
2.396989	-9.138011
2.403977	-9.375229
2.410965	-9.575374
2.417954	-9.737653
2.424942	-9.861425
2.431930	-9.946201
2.438919	-9.991645
2.445907	-9.997577
2.452895	-9.963975
2.459883	-9.890971
2.466872	-9.778853
2.473860	-9.628065
2.480848	-9.439204
2.487837	-9.213016
2.494825	-8.950396
2.501813	-8.652381
2.508802	-8.320152
2.515790	-7.955021
2.522778	-7.558432
2.529767	-7.131953
2.536755	-6.677272
2.543743	-6.196186
2.550731	-5.690597
2.557720	-5.162506
2.564708	-4.613999
2.571696	-4.047247
2.578685	-3.464490
2.585673	-2.868032
2.592661	-2.260234
2.599650	-1.643497
2.606638	-1.020261
2.613626	-0.392991
2.620614	0.235833
2.627603	0.863725
2.634591	1.488201
2.641579	2.106793
2.648568	2.717053
2.655556	3.316568
2.662544	3.902969
2.669533	4.473935
2.676521	5.027209
2.683509	5.560604
2.690498	6.072009
2.697486	6.559404
2.704474	7.020859
2.711462	7.454550
2.718451	7.858763
2.725439	8.231899
2.732427	8.572483
2.739416	8.879167
2.746404	9.150738
2.753392	9.386124
2.760381	9.584393
2.767369	9.744761
2.774357	9.866593
2.781346	9.949409
2.788334	9.992880
2.795322	9.996836
2.802310	9.961259
2.809299	9.886291
2.816287	9.772228
2.823275	9.619521
2.830264	9.428774
2.837252	9.200742
2.844240	8.936326
2.851229	8.636572
2.858217	8.302665
2.865205	7.935926
2.872193	7.537804
2.879182	7.109875
2.886170	6.653830
2.893158	6.171472
2.900147	5.664710
2.907135	5.135547
2.914123	4.586076
2.921112	4.018470
2.928100	3.434973
2.935088	2.837892
2.942077	2.229589
2.949065	1.612469
2.956053	0.988973
2.963041	0.361566
2.970030	-0.267271
2.977018	-0.895051
2.984006	-1.519291
2.990995	-2.137524
2.997983	-2.747304
3.004971	-3.346219
3.011960	-3.931903
3.018948	-4.502037
3.025936	-5.054369
3.032925	-5.586714
3.039913	-6.096966
3.046901	-6.583108
3.053889	-7.043217
3.060878	-7.475475
3.067866	-7.878171
3.074854	-8.249713
3.081843	-8.588633
3.088831	-8.893589
3.095819	-9.163375
3.102808	-9.396926
3.109796	-9.593317
3.116784	-9.751772
3.123772	-9.871664
3.130761	-9.952519
3.137749	-9.994018
3.144737	-9.995995
3.151726	-9.958444
3.158714	-9.881513
3.165702	-9.765506
3.172691	-9.610881
3.179679	-9.418251
3.186667	-9.188378
3.193656	-8.922169
3.200644	-8.620678
3.207632	-8.285096
3.214620	-7.916752
3.221609	-7.517102
3.228597	-7.087726
3.235585	-6.630321
3.242574	-6.146698
3.249562	-5.638767
3.256550	-5.108538
3.263539	-4.558108
3.270527	-3.989654
3.277515	-3.405422
3.284503	-2.807723
3.291492	-2.198922
3.298480	-1.581425
3.305468	-0.957675
3.312457	-0.330137
3.319445	0.298706
3.326433	0.926367
3.333422	1.550366
3.340410	2.168234
3.347398	2.777527
3.354387	3.375837
3.361375	3.960798
3.368363	4.530095
3.375351	5.081479
3.382340	5.612768
3.389328	6.121862
3.396316	6.606747
3.403305	7.065506
3.410293	7.496326
3.417281	7.897501
3.424270	8.267446
3.431258	8.604698
3.438246	8.907923
3.445235	9.175922
3.452223	9.407635
3.459211	9.602147
3.466199	9.758687
3.473188	9.876637
3.480176	9.955531
3.487164	9.995056
3.494153	9.995056
3.501141	9.955531
3.508129	9.876637
3.515118	9.758687
3.522106	9.602147
3.529094	9.407635
3.536082	9.175922
3.543071	8.907923
3.550059	8.604698
3.557047	8.267446
3.564036	7.897501
3.571024	7.496326
3.578012	7.065506
3.585001	6.606747
3.591989	6.121862
3.598977	5.612768
3.605966	5.081479
3.612954	4.530095
3.619942	3.960798
3.626930	3.375837
3.633919	2.777527
3.640907	2.168234
3.647895	1.550366
3.654884	0.926367
3.661872	0.298706
3.668860	-0.330137
3.675849	-0.957675
3.682837	-1.581425
3.689825	-2.198922
3.696814	-2.807723
3.703802	-3.405422
3.710790	-3.989654
3.717778	-4.558108
3.724767	-5.108538
3.731755	-5.638767
3.738743	-6.146698
3.745732	-6.630321
3.752720	-7.087726
3.759708	-7.517102
3.766697	-7.916752
3.773685	-8.285096
3.780673	-8.620678
3.787661	-8.922169
3.794650	-9.188378
3.801638	-9.418251
3.808626	-9.610881
3.815615	-9.765506
3.822603	-9.881513
3.829591	-9.958444
3.836580	-9.995995
3.843568	-9.994018
3.850556	-9.952519
3.857545	-9.871664
3.864533	-9.751772
3.871521	-9.593317
3.878509	-9.396926
3.885498	-9.163375
3.892486	-8.893589
3.899474	-8.588633
3.906463	-8.249713
3.913451	-7.878171
3.920439	-7.475475
3.927428	-7.043217
3.934416	-6.583108
3.941404	-6.096966
3.948393	-5.586714
3.955381	-5.054369
3.962369	-4.502037
3.969357	-3.931903
3.976346	-3.346219
3.983334	-2.747304
3.990322	-2.137524
3.997311	-1.519291
4.004299	-0.895051
4.011287	-0.267271
4.018276	0.361566
4.025264	0.988973
4.032252	1.612469
4.039240	2.229589
4.046229	2.837892
4.053217	3.434973
4.060205	4.018470
4.067194	4.586076
4.074182	5.135547
4.081170	5.664710
4.088159	6.171472
4.095147	6.653830
4.102135	7.109875
4.109124	7.537804
4.116112	7.935926
4.123100	8.302665
4.130088	8.636572
4.137077	8.936326
4.144065	9.200742
4.151053	9.428774
4.158042	9.619521
4.165030	9.772228
4.172018	9.886291
4.179007	9.961259
4.185995	9.996836
4.192983	9.992880
4.199971	9.949409
4.206960	9.866593
4.213948	9.744761
4.220936	9.584393
4.227925	9.386124
4.234913	9.150738
4.241901	8.879167
4.248890	8.572483
4.255878	8.231899
4.262866	7.858763
4.269855	7.454550
4.276843	7.020859
4.283831	6.559404
4.290819	6.072009
4.297808	5.560604
4.304796	5.027209
4.311784	4.473935
4.318773	3.902969
4.325761	3.316568
4.332749	2.717053
4.339738	2.106793
4.346726	1.488201
4.353714	0.863725
4.360703	0.235833
4.367691	-0.392991
4.374679	-1.020261
4.381667	-1.643497
4.388656	-2.260234
4.395644	-2.868032
4.402632	-3.464490
4.409621	-4.047247
4.416609	-4.613999
4.423597	-5.162506
4.430586	-5.690597
4.437574	-6.196186
4.444562	-6.677272
4.451550	-7.131953
4.458539	-7.558432
4.465527	-7.955021
4.472515	-8.320152
4.479504	-8.652381
4.486492	-8.950396
4.493480	-9.213016
4.500469	-9.439204
4.507457	-9.628065
4.514445	-9.778853
4.521434	-9.890971
4.528422	-9.963975
4.535410	-9.997577
4.542398	-9.991645
4.549387	-9.946201
4.556375	-9.861425
4.563363	-9.737653
4.570352	-9.575374
4.577340	-9.375229
4.584328	-9.138011
4.591317	-8.864657
4.598305	-8.556248
4.605293	-8.214004
4.612282	-7.839278
4.619270	-7.433552
4.626258	-6.998431
4.633246	-6.535634
4.640235	-6.046993
4.647223	-5.534439
4.654211	-5.000000
4.661200	-4.445788
4.668188	-3.873996
4.675176	-3.286885
4.682165	-2.686775
4.689153	-2.076041
4.696141	-1.457097
4.703129	-0.832391
4.710118	-0.204394
4.717106	0.424412
4.724094	1.051539
4.731083	1.674509
4.738071	2.290856
4.745059	2.898144
4.752048	3.493972
4.759036	4.075983
4.766024	4.641876
4.773013	5.189413
4.780001	5.716428
4.786989	6.220839
4.793977	6.700649
4.800966	7.153962
4.807954	7.578985
4.814942	7.974037
4.821931	8.337556
4.828919	8.668105
4.835907	8.964377
4.842896	9.225199
4.849884	9.449541
4.856872	9.636515
4.863860	9.785382
4.870849	9.895553
4.877837	9.966593
4.884825	9.998220
4.891814	9.990310
4.898802	9.942894
4.905790	9.856159
4.912779	9.730449
4.919767	9.566260
4.926755	9.364242
4.933744	9.125193
4.940732	8.850059
4.947720	8.539929
4.954708	8.196027
4.961697	7.819715
4.968685	7.412480
4.975673	6.975933
4.982662	6.511800
4.989650	6.021917
4.996638	5.508220
5.003627	4.972741
5.010615	4.417598
5.017603	3.844985
5.024592	3.257168
5.031580	2.656471
5.038568	2.045268
5.045556	1.425978
5.052545	0.801049
5.059533	0.172952
5.066521	-0.455829
5.073510	-1.082807
5.080498	-1.705504
5.087486	-2.321456
5.094475	-2.928228
5.101463	-3.523420
5.108451	-4.104680
5.115439	-4.669707
5.122428	-5.216269
5.129416	-5.742203
5.136404	-6.245429
5.143393	-6.723959
5.150381	-7.175899
5.157369	-7.599462
5.164358	-7.992974
5.171346	-8.354878
5.178334	-8.683743
5.185323	-8.978269
5.192311	-9.237290
5.199299	-9.459784
5.206287	-9.644869
5.213276	-9.791813
5.220264	-9.900037
5.227252	-9.969112
5.234241	-9.998764
5.241229	-9.988877
5.248217	-9.939489
5.255206	-9.850796
5.262194	-9.723148
5.269182	-9.557051
5.276171	-9.353161
5.283159	-9.112285
5.290147	-8.835374
5.297135	-8.523525
5.304124	-8.177970
5.311112	-7.800075
5.318100	-7.391335
5.325089	-6.953367
5.332077	-6.487902
5.339065	-5.996781
5.346054	-5.481946
5.353042	-4.945433
5.360030	-4.389364
5.367018	-3.815937
5.374007	-3.227420
5.380995	-2.626140
5.387983	-2.014476
5.394972	-1.394845
5.401960	-0.769699
5.408948	-0.141508
5.415937	0.487241
5.422925	1.114064
5.429913	1.736482
5.436902	2.352032
5.443890	2.958282
5.450878	3.552833
5.457866	4.133335
5.464855	4.697492
5.471843	5.243073
5.478831	5.767920
5.485820	6.269959
5.492808	6.747203
5.499796	7.197766
5.506785	7.619865
5.513773	8.011832
5.520761	8.372117
5.527750	8.699295
5.534738	8.992072
5.541726	9.249290
5.548714	9.469933
5.555703	9.653127
5.562691	9.798148
5.569679	9.904424
5.576668	9.971532
5.583656	9.999209
5.590644	9.987344
5.597633	9.935985
5.604621	9.845335
5.611609	9.715752
5.618597	9.547748
5.625586	9.341989
5.632574	9.099287
5.639562	8.820602
5.646551	8.507037
5.653539	8.159831
5.660527	7.780358
5.667516	7.370117
5.674504	6.930732
5.681492	6.463940
5.688481	5.971586
5.695469	5.455618
5.702457	4.918076
5.709445	4.361086
5.716434	3.786850
5.723422	3.197639
5.730410	2.595784
5.737399	1.983663
5.744387	1.363698
5.751375	0.738341
5.758364	0.110064
5.765352	-0.518649
5.772340	-1.145310
5.779328	-1.767443
5.786317	-2.382586
5.793305	-2.988307
5.800293	-3.582212
5.807282	-4.161950
5.814270	-4.725230
5.821258	-5.269825
5.828247	-5.793581
5.835235	-6.294426
5.842223	-6.770380
5.849212	-7.219561
5.856200	-7.640193
5.863188	-8.030612
5.870176	-8.389274
5.877165	-8.714761
5.884153	-9.005787
5.891141	-9.261199
5.898130	-9.479989
5.905118	-9.661290
5.912106	-9.804386
5.919095	-9.908712
5.926083	-9.973854
5.933071	-9.999555
5.940060	-9.985713
5.947048	-9.932384
5.954036	-9.839777
5.961024	-9.708259
5.968013	-9.538351
5.975001	-9.330724
5.981989	-9.086198
5.988978	-8.805742
5.995966	-8.490465
6.002954	-8.141612
6.009943	-7.760563
6.016931	-7.348826
6.023919	-6.908028
6.030907	-6.439913
6.037896	-5.946332
6.044884	-5.429236
6.051872	-4.890670
6.058861	-4.332765
6.065849	-3.757726
6.072837	-3.167827
6.079826	-2.565401
6.086814	-1.952831
6.093802	-1.332538
6.100791	-0.706976
6.107779	-0.078618
6.114767	0.550051
6.121755	1.176545
6.128744	1.798386
6.135732	2.413116
6.142720	3.018303
6.149709	3.611554
6.156697	4.190524
6.163685	4.752922
6.170674	5.296525
6.177662	5.819184
6.184650	6.318831
6.191639	6.793490
6.198627	7.241285
6.205615	7.660444
6.212603	8.049311
6.219592	8.406347
6.226580	8.730141
6.233568	9.019412
6.240557	9.273016
6.247545	9.489951
6.254533	9.669358
6.261522	9.810528
6.268510	9.912902
6.275498	9.976077
6.282486	9.999802
6.289475	9.983983
6.296463	9.928684
6.303451	9.834121
6.310440	9.700671
6.317428	9.528859
6.324416	9.319366
6.331405	9.073020
6.338393	8.790796
6.345381	8.473808
6.352370	8.123312
6.359358	7.740692
6.366346	7.327462
6.373334	6.885256
6.380323	6.415823
6.387311	5.921019
6.394299	5.402800
6.401288	4.863216
6.408276	4.304401
6.415264	3.728565
6.422253	3.137984
6.429241	2.534994
6.436229	1.921979
6.443217	1.301365
6.450206	0.675604
6.457194	0.047171
6.464182	-0.581448
6.471171	-1.207768
6.478159	-1.829312
6.485147	-2.443622
6.492136	-3.048269
6.499124	-3.640861
6.506112	-4.219056
6.513101	-4.780567
6.520089	-5.323173
6.527077	-5.844730
6.534065	-6.343173
6.541054	-6.816533
6.548042	-7.262937
6.555030	-7.680621
6.562019	-8.067931
6.569007	-8.423338
6.575995	-8.745435
6.582984	-9.032948
6.589972	-9.284741
6.596960	-9.499819
6.603949	-9.677329
6.610937	-9.816572
6.617925	-9.916995
6.624913	-9.978202
6.631902	-9.999951
6.638890	-9.982155
6.645878	-9.924886
6.652867	-9.828369
6.659855	-9.692986
6.666843	-9.519273
6.673832	-9.307917
6.680820	-9.059753
6.687808	-8.775762
6.694796	-8.457068
6.701785	-8.104932
6.708773	-7.720745
6.715761	-7.306026
6.722750	-6.862416
6.729738	-6.391670
6.736726	-5.895647
6.743715	-5.376311
6.750703	-4.835714
6.757691	-4.275995
6.764680	-3.699367
6.771668	-3.108109
6.778656	-2.504561
6.785644	-1.891109
6.792633	-1.270178
6.799621	-0.644225
6.806609	-0.015724
6.813598	0.612840
6.820586	1.238979
6.827574	1.860220
6.834563	2.474104
6.841551	3.078204
6.848539	3.670132
6.855528	4.247547
6.862516	4.808164
6.869504	5.349769
6.876492	5.870217
6.883481	6.367453
6.890469	6.839508
6.897457	7.284518
6.904446	7.700721
6.911434	8.086471
6.918422	8.440245
6.925411	8.760642
6.932399	9.046395
6.939387	9.296375
6.946375	9.509593
6.953364	9.685206
6.960352	9.822519
6.967340	9.920989
6.974329	9.980228
6.981317	10.000000
