0.000000	0.000000
0.000031	1.973843
0.000063	3.549732
0.000094	4.798524
0.000126	5.777136
0.000157	6.531334
0.000189	7.097962
0.000220	7.506738
0.000252	7.781688
0.000283	7.942303
0.000314	8.004458
0.000346	7.981156
0.000377	7.883120
0.000409	7.719269
0.000440	7.497094
0.000472	7.222967
0.000503	6.902380
0.000535	6.540136
0.000566	6.140506
0.000598	5.707346
0.000629	5.244197
0.000660	4.754356
0.000692	4.240937
0.000723	3.706915
0.000755	3.155157
0.000786	2.588454
0.000818	2.009535
0.000849	1.421080
0.000881	0.825730
0.000912	0.226092
0.000943	-0.375262
0.000975	-0.975790
0.001006	-1.572988
0.001038	-2.164391
0.001069	-2.747574
0.001101	-3.320166
0.001132	-3.879847
0.001164	-4.424362
0.001195	-4.951522
0.001226	-5.459214
0.001258	-5.945409
0.001289	-6.408167
0.001321	-6.845642
0.001352	-7.256093
0.001384	-7.637888
0.001415	-7.989510
0.001447	-8.309562
0.001478	-8.596773
0.001509	-8.850005
0.001541	-9.068253
0.001572	-9.250650
0.001604	-9.396475
0.001635	-9.505148
0.001667	-9.576238
0.001698	-9.609465
0.001730	-9.604694
0.001761	-9.561945
0.001793	-9.481386
0.001824	-9.363335
0.001855	-9.208258
0.001887	-9.016769
0.001918	-8.789625
0.001950	-8.527723
0.001981	-8.232100
0.002013	-7.903923
0.002044	-7.544491
0.002076	-7.155226
0.002107	-6.737665
0.002138	-6.293461
0.002170	-5.824370
0.002201	-5.332247
0.002233	-4.819038
0.002264	-4.286773
0.002296	-3.737555
0.002327	-3.173558
0.002359	-2.597011
0.002390	-2.010195
0.002421	-1.415429
0.002453	-0.815066
0.002484	-0.211480
0.002516	0.392942
0.002547	0.995811
0.002579	1.594741
0.002610	2.187365
0.002642	2.771340
0.002673	3.344355
0.002704	3.904145
0.002736	4.448497
0.002767	4.975257
0.002799	5.482343
0.002830	5.967749
0.002862	6.429556
0.002893	6.865937
0.002925	7.275168
0.002956	7.655630
0.002988	8.005817
0.003019	8.324346
0.003050	8.609957
0.003082	8.861521
0.003113	9.078041
0.003145	9.258664
0.003176	9.402673
0.003208	9.509500
0.003239	9.578722
0.003271	9.610066
0.003302	9.603407
0.003333	9.558772
0.003365	9.476338
0.003396	9.356430
0.003428	9.199522
0.003459	9.006235
0.003491	8.777334
0.003522	8.513723
0.003554	8.216445
0.003585	7.886676
0.003616	7.525719
0.003648	7.135002
0.003679	6.716070
0.003711	6.270580
0.003742	5.800293
0.003774	5.307069
0.003805	4.792859
0.003837	4.259695
0.003868	3.709687
0.003899	3.145009
0.003931	2.567895
0.003962	1.980625
0.003994	1.385524
0.004025	0.784943
0.004057	0.181259
0.004088	-0.423143
0.004120	-1.025871
0.004151	-1.624542
0.004183	-2.216789
0.004214	-2.800270
0.004245	-3.372677
0.004277	-3.931748
0.004308	-4.475270
0.004340	-5.001096
0.004371	-5.507144
0.004403	-5.991415
0.004434	-6.451994
0.004466	-6.887058
0.004497	-7.294887
0.004528	-7.673870
0.004560	-8.022507
0.004591	-8.339419
0.004623	-8.623353
0.004654	-8.873187
0.004686	-9.087932
0.004717	-9.266739
0.004749	-9.408902
0.004780	-9.513857
0.004811	-9.581191
0.004843	-9.610636
0.004874	-9.602077
0.004906	-9.555546
0.004937	-9.471229
0.004969	-9.349458
0.005000	-9.190716
0.005032	-8.995629
0.005063	-8.764969
0.005094	-8.499649
0.005126	-8.200718
0.005157	-7.869357
0.005189	-7.506877
0.005220	-7.114712
0.005252	-6.694412
0.005283	-6.247639
0.005315	-5.776161
0.005346	-5.281840
0.005378	-4.766634
0.005409	-4.232577
0.005440	-3.681783
0.005472	-3.116430
0.005503	-2.538753
0.005535	-1.951037
0.005566	-1.355605
0.005598	-0.754813
0.005629	-0.151036
0.005661	0.453339
0.005692	1.055920
0.005723	1.654326
0.005755	2.246191
0.005786	2.829172
0.005818	3.400966
0.005849	3.959311
0.005881	4.501999
0.005912	5.026885
0.005944	5.531891
0.005975	6.015022
0.006006	6.474367
0.006038	6.908110
0.006069	7.314535
0.006101	7.692034
0.006132	8.039117
0.006164	8.354408
0.006195	8.636663
0.006227	8.884765
0.006258	9.097732
0.006289	9.274723
0.006321	9.415037
0.006352	9.518120
0.006384	9.583565
0.006415	9.611111
0.006447	9.600651
0.006478	9.552226
0.006510	9.466027
0.006541	9.342395
0.006573	9.181819
0.006604	8.984934
0.006635	8.752519
0.006667	8.485492
0.006698	8.184910
0.006730	7.851961
0.006761	7.487962
0.006793	7.094352
0.006824	6.672688
0.006856	6.224637
0.006887	5.751971
0.006918	5.256560
0.006950	4.740361
0.006981	4.205417
0.007013	3.653843
0.007044	3.087820
0.007076	2.509587
0.007107	1.921429
0.007139	1.325673
0.007170	0.724675
0.007201	0.120811
0.007233	-0.483530
0.007264	-1.085960
0.007296	-1.684095
0.007327	-2.275570
0.007359	-2.858047
0.007390	-3.429222
0.007422	-3.986836
0.007453	-4.528684
0.007484	-5.052624
0.007516	-5.556584
0.007547	-6.038570
0.007579	-6.496677
0.007610	-6.929094
0.007642	-7.334109
0.007673	-7.710123
0.007705	-8.055647
0.007736	-8.369316
0.007768	-8.649888
0.007799	-8.896255
0.007830	-9.107442
0.007862	-9.282615
0.007893	-9.421080
0.007925	-9.522289
0.007956	-9.585843
0.007988	-9.611491
0.008019	-9.599130
0.008051	-9.548811
0.008082	-9.460731
0.008113	-9.335239
0.008145	-9.172831
0.008176	-8.974150
0.008208	-8.739981
0.008239	-8.471250
0.008271	-8.169020
0.008302	-7.834487
0.008334	-7.468972
0.008365	-7.073922
0.008396	-6.650898
0.008428	-6.201573
0.008459	-5.727725
0.008491	-5.231227
0.008522	-4.714042
0.008554	-4.178216
0.008585	-3.625867
0.008617	-3.059180
0.008648	-2.480395
0.008679	-1.891802
0.008711	-1.295728
0.008742	-0.694530
0.008774	-0.090586
0.008805	0.513717
0.008837	1.115988
0.008868	1.713846
0.008900	2.304927
0.008931	2.886893
0.008963	3.457443
0.008994	4.014321
0.009025	4.555324
0.009057	5.078313
0.009088	5.581221
0.009120	6.062058
0.009151	6.518923
0.009183	6.950009
0.009214	7.353612
0.009246	7.728135
0.009277	8.072098
0.009308	8.384140
0.009340	8.663027
0.009371	8.907658
0.009403	9.117063
0.009434	9.290415
0.009466	9.427029
0.009497	9.526364
0.009529	9.588028
0.009560	9.611776
0.009591	9.597515
0.009623	9.545301
0.009654	9.455341
0.009686	9.327990
0.009717	9.163752
0.009749	8.963277
0.009780	8.727357
0.009812	8.456925
0.009843	8.153051
0.009874	7.816935
0.009906	7.449908
0.009937	7.053421
0.009969	6.629042
0.010000	6.178448
0.010032	5.703422
0.010063	5.205842
0.010095	4.687676
0.010126	4.150973
0.010158	3.597855
0.010189	3.030509
0.010220	2.451179
0.010252	1.862157
0.010283	1.265770
0.010315	0.664378
0.010346	0.060359
0.010378	-0.543899
0.010409	-1.146005
0.010441	-1.743581
0.010472	-2.334261
0.010503	-2.915710
0.010535	-3.485630
0.010566	-4.041766
0.010598	-4.581919
0.010629	-5.103953
0.010661	-5.605803
0.010692	-6.085486
0.010724	-6.541104
0.010755	-6.970856
0.010786	-7.373041
0.010818	-7.746071
0.010849	-8.088469
0.010881	-8.398881
0.010912	-8.676081
0.010944	-8.918972
0.010975	-9.126593
0.011007	-9.298123
0.011038	-9.432885
0.011069	-9.530344
0.011101	-9.590117
0.011132	-9.611966
0.011164	-9.595805
0.011195	-9.541697
0.011227	-9.449858
0.011258	-9.320650
0.011290	-9.154583
0.011321	-8.952316
0.011353	-8.714647
0.011384	-8.442516
0.011415	-8.137000
0.011447	-7.799306
0.011478	-7.430771
0.011510	-7.032851
0.011541	-6.607120
0.011573	-6.155262
0.011604	-5.679063
0.011636	-5.180406
0.011667	-4.661264
0.011698	-4.123689
0.011730	-3.569807
0.011761	-3.001808
0.011793	-2.421939
0.011824	-1.832493
0.011856	-1.235800
0.011887	-0.634220
0.011919	-0.030132
0.011950	0.574075
0.011981	1.176012
0.012013	1.773298
0.012044	2.363572
0.012076	2.944499
0.012107	3.513783
0.012139	4.069171
0.012170	4.608468
0.012202	5.129541
0.012233	5.630330
0.012264	6.108854
0.012296	6.563220
0.012327	6.991633
0.012359	7.392398
0.012390	7.763930
0.012422	8.104760
0.012453	8.413540
0.012485	8.689049
0.012516	8.930198
0.012548	9.136033
0.012579	9.305740
0.012610	9.438647
0.012642	9.534231
0.012673	9.592111
0.012705	9.612060
0.012736	9.593999
0.012768	9.537999
0.012799	9.444281
0.012831	9.313217
0.012862	9.145324
0.012893	8.941266
0.012925	8.701850
0.012956	8.428024
0.012988	8.120869
0.013019	7.781601
0.013051	7.411560
0.013082	7.012212
0.013114	6.585133
0.013145	6.132015
0.013176	5.654647
0.013208	5.154919
0.013239	4.634805
0.013271	4.096364
0.013302	3.541724
0.013334	2.973078
0.013365	2.392675
0.013397	1.802811
0.013428	1.205817
0.013459	0.604055
0.013491	-0.000095
0.013522	-0.604245
0.013554	-1.206006
0.013585	-1.802998
0.013617	-2.392860
0.013648	-2.973259
0.013680	-3.541901
0.013711	-4.096536
0.013743	-4.634972
0.013774	-5.155079
0.013805	-5.654801
0.013837	-6.132161
0.013868	-6.585272
0.013900	-7.012342
0.013931	-7.411682
0.013963	-7.781712
0.013994	-8.120971
0.014026	-8.428115
0.014057	-8.701931
0.014088	-8.941336
0.014120	-9.145382
0.014151	-9.313264
0.014183	-9.444317
0.014214	-9.538023
0.014246	-9.594011
0.014277	-9.612060
0.014309	-9.592099
0.014340	-9.534207
0.014371	-9.438611
0.014403	-9.305692
0.014434	-9.135974
0.014466	-8.930127
0.014497	-8.688968
0.014529	-8.413448
0.014560	-8.104658
0.014592	-7.763818
0.014623	-7.392276
0.014654	-6.991503
0.014686	-6.563081
0.014717	-6.108707
0.014749	-5.630176
0.014780	-5.129380
0.014812	-4.608301
0.014843	-4.068999
0.014875	-3.513605
0.014906	-2.944318
0.014938	-2.363387
0.014969	-1.773111
0.015000	-1.175823
0.015032	-0.573885
0.015063	0.030323
0.015095	0.634410
0.015126	1.235989
0.015158	1.832680
0.015189	2.422123
0.015221	3.001989
0.015252	3.569983
0.015283	4.123861
0.015315	4.661430
0.015346	5.180566
0.015378	5.679216
0.015409	6.155408
0.015441	6.607258
0.015472	7.032981
0.015504	7.430892
0.015535	7.799418
0.015566	8.137101
0.015598	8.442607
0.015629	8.714727
0.015661	8.952385
0.015692	9.154641
0.015724	9.320696
0.015755	9.449893
0.015787	9.541720
0.015818	9.595816
0.015849	9.611965
0.015881	9.590104
0.015912	9.530320
0.015944	9.432848
0.015975	9.298075
0.016007	9.126533
0.016038	8.918901
0.016070	8.675999
0.016101	8.398789
0.016133	8.088366
0.016164	7.745958
0.016195	7.372919
0.016227	6.970725
0.016258	6.540965
0.016290	6.085339
0.016321	5.605649
0.016353	5.103791
0.016384	4.581751
0.016416	4.041593
0.016447	3.485453
0.016478	2.915529
0.016510	2.334076
0.016541	1.743393
0.016573	1.145816
0.016604	0.543708
0.016636	-0.060550
0.016667	-0.664568
0.016699	-1.265959
0.016730	-1.862343
0.016761	-2.451363
0.016793	-3.030690
0.016824	-3.598031
0.016856	-4.151144
0.016887	-4.687842
0.016919	-5.206002
0.016950	-5.703575
0.016982	-6.178594
0.017013	-6.629180
0.017044	-7.053551
0.017076	-7.450029
0.017107	-7.817046
0.017139	-8.153151
0.017170	-8.457015
0.017202	-8.727437
0.017233	-8.963346
0.017265	-9.163810
0.017296	-9.328036
0.017328	-9.455375
0.017359	-9.545324
0.017390	-9.597525
0.017422	-9.611774
0.017453	-9.588014
0.017485	-9.526339
0.017516	-9.426992
0.017548	-9.290366
0.017579	-9.117002
0.017611	-8.907586
0.017642	-8.662945
0.017673	-8.384047
0.017705	-8.071994
0.017736	-7.728022
0.017768	-7.353489
0.017799	-6.949878
0.017831	-6.518783
0.017862	-6.061910
0.017894	-5.581066
0.017925	-5.078152
0.017956	-4.555156
0.017988	-4.014148
0.018019	-3.457265
0.018051	-2.886711
0.018082	-2.304742
0.018114	-1.713659
0.018145	-1.115799
0.018177	-0.513527
0.018208	0.090776
0.018239	0.694720
0.018271	1.295917
0.018302	1.891989
0.018334	2.480579
0.018365	3.059360
0.018397	3.626043
0.018428	4.178387
0.018460	4.714208
0.018491	5.231386
0.018523	5.727878
0.018554	6.201719
0.018585	6.651035
0.018617	7.074050
0.018648	7.469092
0.018680	7.834597
0.018711	8.169121
0.018743	8.471340
0.018774	8.740060
0.018806	8.974218
0.018837	9.172888
0.018868	9.335284
0.018900	9.460764
0.018931	9.548833
0.018963	9.599140
0.018994	9.611489
0.019026	9.585829
0.019057	9.522263
0.019089	9.421042
0.019120	9.282565
0.019151	9.107382
0.019183	8.896183
0.019214	8.649805
0.019246	8.369222
0.019277	8.055543
0.019309	7.710009
0.019340	7.333986
0.019372	6.928962
0.019403	6.496537
0.019434	6.038422
0.019466	5.556428
0.019497	5.052462
0.019529	4.528516
0.019560	3.986662
0.019592	3.429044
0.019623	2.857865
0.019655	2.275385
0.019686	1.683907
0.019718	1.085770
0.019749	0.483340
0.019780	-0.121002
0.019812	-0.724865
0.019843	-1.325862
0.019875	-1.921616
0.019906	-2.509770
0.019938	-3.088000
0.019969	-3.654019
0.020001	-4.205588
0.020032	-4.740527
0.020063	-5.256719
0.020095	-5.752124
0.020126	-6.224782
0.020158	-6.672825
0.020189	-7.094480
0.020221	-7.488081
0.020252	-7.852071
0.020284	-8.185009
0.020315	-8.485581
0.020346	-8.752597
0.020378	-8.985002
0.020409	-9.181875
0.020441	-9.342440
0.020472	-9.466060
0.020504	-9.552247
0.020535	-9.600660
0.020567	-9.611108
0.020598	-9.583550
0.020629	-9.518094
0.020661	-9.414999
0.020692	-9.274673
0.020724	-9.097671
0.020755	-8.884692
0.020787	-8.636580
0.020818	-8.354314
0.020850	-8.039012
0.020881	-7.691920
0.020913	-7.314411
0.020944	-6.907978
0.020975	-6.474227
0.021007	-6.014874
0.021038	-5.531736
0.021070	-5.026722
0.021101	-4.501831
0.021133	-3.959138
0.021164	-3.400788
0.021196	-2.828990
0.021227	-2.246005
0.021258	-1.654139
0.021290	-1.055731
0.021321	-0.453148
0.021353	0.151226
0.021384	0.755003
0.021416	1.355794
0.021447	1.951223
0.021479	2.538937
0.021510	3.116610
0.021541	3.681959
0.021573	4.232748
0.021604	4.766799
0.021636	5.282000
0.021667	5.776313
0.021699	6.247784
0.021730	6.694549
0.021762	7.114840
0.021793	7.506996
0.021824	7.869466
0.021856	8.200817
0.021887	8.499738
0.021919	8.765048
0.021950	8.995696
0.021982	9.190772
0.022013	9.349503
0.022045	9.471262
0.022076	9.555567
0.022108	9.602085
0.022139	9.610633
0.022170	9.581176
0.022202	9.513830
0.022233	9.408863
0.022265	9.266688
0.022296	9.087870
0.022328	8.873113
0.022359	8.623269
0.022391	8.339324
0.022422	8.022402
0.022453	7.673755
0.022485	7.294763
0.022516	6.886925
0.022548	6.451852
0.022579	5.991266
0.022611	5.506988
0.022642	5.000933
0.022674	4.475102
0.022705	3.931574
0.022736	3.372499
0.022768	2.800088
0.022799	2.216604
0.022831	1.624354
0.022862	1.025681
0.022894	0.422952
0.022925	-0.181449
0.022957	-0.785133
0.022988	-1.385712
0.023019	-1.980812
0.023051	-2.568078
0.023082	-3.145189
0.023114	-3.709863
0.023145	-4.259866
0.023177	-4.793024
0.023208	-5.307228
0.023240	-5.800445
0.023271	-6.270724
0.023303	-6.716206
0.023334	-7.135129
0.023365	-7.525837
0.023397	-7.886784
0.023428	-8.216544
0.023460	-8.513811
0.023491	-8.777411
0.023523	-9.006302
0.023554	-9.199577
0.023586	-9.356473
0.023617	-9.476370
0.023648	-9.558792
0.023680	-9.603415
0.023711	-9.610062
0.023743	-9.578707
0.023774	-9.509472
0.023806	-9.402634
0.023837	-9.258613
0.023869	-9.077979
0.023900	-8.861447
0.023931	-8.609873
0.023963	-8.324251
0.023994	-8.005712
0.024026	-7.655514
0.024057	-7.275044
0.024089	-6.865804
0.024120	-6.429414
0.024152	-5.967600
0.024183	-5.482186
0.024214	-4.975094
0.024246	-4.448328
0.024277	-3.903971
0.024309	-3.344177
0.024340	-2.771158
0.024372	-2.187180
0.024403	-1.594554
0.024435	-0.995621
0.024466	-0.392752
0.024498	0.211670
0.024529	0.815256
0.024560	1.415617
0.024592	2.010380
0.024623	2.597194
0.024655	3.173737
0.024686	3.737730
0.024718	4.286942
0.024749	4.819201
0.024781	5.332404
0.024812	5.824519
0.024843	6.293602
0.024875	6.737797
0.024906	7.155348
0.024938	7.544604
0.024969	7.904024
0.025001	8.232189
0.025032	8.527800
0.025064	8.789688
0.025095	9.016818
0.025126	9.208292
0.025158	9.363351
0.025189	9.481384
0.025221	9.561923
0.025252	9.604651
0.025284	9.609397
0.025315	9.576143
0.025347	9.505021
0.025378	9.396311
0.025409	9.250445
0.025441	9.067998
0.025472	8.849693
0.025504	8.596391
0.025535	8.309096
0.025567	7.988943
0.025598	7.637198
0.025630	7.255252
0.025661	6.844616
0.025693	6.406913
0.025724	5.943874
0.025755	5.457330
0.025787	4.949206
0.025818	4.421510
0.025850	3.876330
0.025881	3.315821
0.025913	2.742200
0.025944	2.157735
0.025976	1.564737
0.026007	0.965552
0.026038	0.362548
0.026070	-0.241889
0.026101	-0.845370
0.026133	-1.445508
0.026164	-2.039929
0.026196	-2.626284
0.026227	-3.202254
0.026259	-3.765560
0.026290	-4.313975
0.026321	-4.845331
0.026353	-5.357527
0.026384	-5.848536
0.026416	-6.316418
0.026447	-6.759322
0.026479	-7.175496
0.026510	-7.563296
0.026542	-7.921186
0.026573	-8.247753
0.026604	-8.541705
0.026636	-8.801878
0.026667	-9.027246
0.026699	-9.216915
0.026730	-9.370137
0.026762	-9.486305
0.026793	-9.564960
0.026825	-9.605791
0.026856	-9.608636
0.026888	-9.573484
0.026919	-9.500475
0.026950	-9.389896
0.026982	-9.242186
0.027013	-9.057928
0.027045	-8.837851
0.027076	-8.582825
0.027108	-8.293859
0.027139	-7.972095
0.027171	-7.618806
0.027202	-7.235389
0.027233	-6.823359
0.027265	-6.384348
0.027296	-5.920089
0.027328	-5.432420
0.027359	-4.923269
0.027391	-4.394649
0.027422	-3.848651
0.027454	-3.287433
0.027485	-2.713215
0.027516	-2.128268
0.027548	-1.534905
0.027579	-0.935472
0.027611	-0.332340
0.027642	0.272106
0.027674	0.875476
0.027705	1.475384
0.027737	2.069458
0.027768	2.655348
0.027799	3.230738
0.027831	3.793352
0.027862	4.340966
0.027894	4.871413
0.027925	5.382597
0.027957	5.872495
0.027988	6.339171
0.028020	6.780779
0.028051	7.195573
0.028083	7.581913
0.028114	7.938270
0.028145	8.263235
0.028177	8.555525
0.028208	8.813981
0.028240	9.037584
0.028271	9.225448
0.028303	9.376830
0.028334	9.491132
0.028366	9.567902
0.028397	9.606836
0.028428	9.607780
0.028460	9.570731
0.028491	9.495835
0.028523	9.383389
0.028554	9.233836
0.028586	9.047768
0.028617	8.825922
0.028649	8.569174
0.028680	8.278539
0.028711	7.955168
0.028743	7.600338
0.028774	7.215454
0.028806	6.802036
0.028837	6.361719
0.028869	5.896246
0.028900	5.407456
0.028932	4.897283
0.028963	4.367744
0.028994	3.820933
0.029026	3.259012
0.029057	2.684204
0.029089	2.098781
0.029120	1.505058
0.029152	0.905384
0.029183	0.302129
0.029215	-0.302320
0.029246	-0.905573
0.029278	-1.505246
0.029309	-2.098966
0.029340	-2.684386
0.029372	-3.259191
0.029403	-3.821108
0.029435	-4.367914
0.029466	-4.897447
0.029498	-5.407614
0.029529	-5.896396
0.029561	-6.361862
0.029592	-6.802170
0.029623	-7.215579
0.029655	-7.600455
0.029686	-7.955275
0.029718	-8.278636
0.029749	-8.569260
0.029781	-8.825997
0.029812	-9.047833
0.029844	-9.233889
0.029875	-9.383430
0.029906	-9.495865
0.029938	-9.570749
0.029969	-9.607786
0.030001	-9.606829
0.030032	-9.567883
0.030064	-9.491102
0.030095	-9.376788
0.030127	-9.225394
0.030158	-9.037519
0.030189	-8.813905
0.030221	-8.555438
0.030252	-8.263138
0.030284	-7.938162
0.030315	-7.581796
0.030347	-7.195447
0.030378	-6.780645
0.030410	-6.339028
0.030441	-5.872345
0.030473	-5.382439
0.030504	-4.871249
0.030535	-4.340796
0.030567	-3.793177
0.030598	-3.230559
0.030630	-2.655165
0.030661	-2.069272
0.030693	-1.475196
0.030724	-0.875286
0.030756	-0.271916
0.030787	0.332531
0.030818	0.935662
0.030850	1.535093
0.030881	2.128454
0.030913	2.713398
0.030944	3.287612
0.030976	3.848825
0.031007	4.394818
0.031039	4.923433
0.031070	5.432577
0.031101	5.920239
0.031133	6.384490
0.031164	6.823493
0.031196	7.235514
0.031227	7.618922
0.031259	7.972201
0.031290	8.293955
0.031322	8.582911
0.031353	8.837926
0.031384	9.057992
0.031416	9.242238
