0.000000	0.000000
0.031447	9.980318
0.062895	9.921258
0.094342	9.822966
0.125789	9.685829
0.157237	9.510391
0.188684	9.297344
0.220132	9.047531
0.251579	8.761940
0.283026	8.441700
0.314474	8.088079
0.345921	7.702473
0.377368	7.286408
0.408816	6.841530
0.440263	6.369597
0.471711	5.872476
0.503158	5.352133
0.534605	4.810625
0.566053	4.250093
0.597500	3.672755
0.628947	3.080893
0.660395	2.476848
0.691842	1.863008
0.723290	1.241801
0.754737	0.615684
0.786184	-0.012868
0.817632	-0.641370
0.849079	-1.267335
0.880526	-1.888288
0.911974	-2.501774
0.943421	-3.105368
0.974869	-3.696681
1.006316	-4.273376
1.037763	-4.833172
1.069211	-5.373855
1.100658	-5.893288
1.132105	-6.389416
1.163553	-6.860278
1.195000	-7.304011
1.226448	-7.718861
1.257895	-8.103187
1.289342	-8.455469
1.320790	-8.774314
1.352237	-9.058462
1.383684	-9.306789
1.415132	-9.518313
1.446579	-9.692197
1.478027	-9.827754
1.509474	-9.924447
1.540921	-9.981895
1.572369	-9.999870
1.603816	-9.978301
1.635263	-9.917273
1.666711	-9.817028
1.698158	-9.677962
1.729606	-9.500625
1.761053	-9.285719
1.792500	-9.034092
1.823948	-8.746741
1.855395	-8.424801
1.886842	-8.069546
1.918290	-7.682380
1.949737	-7.264835
1.981185	-6.818561
2.012632	-6.345323
2.044079	-5.846994
2.075527	-5.325543
2.106974	-4.783032
2.138421	-4.221607
2.169869	-3.643488
2.201316	-3.050961
2.232764	-2.446369
2.264211	-1.832103
2.295658	-1.210592
2.327106	-0.584293
2.358553	0.044315
2.390000	0.672749
2.421448	1.298522
2.452895	1.919160
2.484343	2.532209
2.515790	3.135245
2.547237	3.725882
2.578685	4.301785
2.610132	4.860678
2.641579	5.400349
2.673027	5.918665
2.704474	6.413575
2.735922	6.883124
2.767369	7.325453
2.798816	7.738815
2.830264	8.121574
2.861711	8.472216
2.893158	8.789356
2.924606	9.071738
2.956053	9.318247
2.987501	9.527907
3.018948	9.699890
3.050395	9.833515
3.081843	9.928254
3.113290	9.983732
3.144737	9.999730
3.176185	9.976185
3.207632	9.913189
3.239080	9.810993
3.270527	9.669999
3.301974	9.490766
3.333422	9.274002
3.364869	9.020564
3.396316	8.731455
3.427764	8.407818
3.459211	8.050933
3.490659	7.662211
3.522106	7.243189
3.553553	6.795524
3.585001	6.320987
3.616448	5.821454
3.647895	5.298900
3.679343	4.755392
3.710790	4.193079
3.742237	3.614184
3.773685	3.020998
3.805132	2.415865
3.836580	1.801179
3.868027	1.179370
3.899474	0.552897
3.930922	-0.075762
3.962369	-0.704121
3.993816	-1.329696
4.025264	-1.950013
4.056711	-2.562619
4.088159	-3.165091
4.119606	-3.755046
4.151053	-4.330153
4.182501	-4.888136
4.213948	-5.426789
4.245395	-5.943983
4.276843	-6.437671
4.308290	-6.905902
4.339738	-7.346824
4.371185	-7.758693
4.402632	-8.139881
4.434080	-8.488880
4.465527	-8.804310
4.496974	-9.084924
4.528422	-9.329613
4.559869	-9.537408
4.591317	-9.707487
4.622764	-9.839179
4.654211	-9.931963
4.685659	-9.985471
4.717106	-9.999492
4.748553	-9.973971
4.780001	-9.909008
4.811448	-9.804860
4.842896	-9.661940
4.874343	-9.480812
4.905790	-9.262193
4.937238	-9.006947
4.968685	-8.716083
5.000132	-8.390752
5.031580	-8.032241
5.063027	-7.641966
5.094475	-7.221472
5.125922	-6.772420
5.157369	-6.296588
5.188817	-5.795856
5.220264	-5.272205
5.251711	-4.727704
5.283159	-4.164509
5.314606	-3.584845
5.346054	-2.991005
5.377501	-2.385338
5.408948	-1.770237
5.440396	-1.148137
5.471843	-0.521496
5.503290	0.107208
5.534738	0.735487
5.566185	1.360857
5.597633	1.980847
5.629080	2.593003
5.660527	3.194905
5.691975	3.784173
5.723422	4.358477
5.754869	4.915546
5.786317	5.453176
5.817764	5.969242
5.849212	6.461703
5.880659	6.928611
5.912106	7.368121
5.943554	7.778494
5.975001	8.158107
6.006448	8.505460
6.037896	8.819178
6.069343	9.098021
6.100791	9.340886
6.132238	9.546814
6.163685	9.714989
6.195133	9.844746
6.226580	9.935573
6.258027	9.987111
6.289475	9.999155
6.320922	9.971658
6.352370	9.904728
6.383817	9.798631
6.415264	9.653786
6.446712	9.470765
6.478159	9.250293
6.509606	8.993241
6.541054	8.700625
6.572501	8.373604
6.603949	8.013469
6.635396	7.621646
6.666843	7.199683
6.698291	6.749250
6.729738	6.272127
6.761185	5.770201
6.792633	5.245457
6.824080	4.699970
6.855528	4.135898
6.886975	3.555470
6.918422	2.960983
6.949870	2.354786
6.981317	1.739278
7.012764	1.116892
7.044212	0.490089
7.075659	-0.138652
7.107107	-0.766845
7.138554	-1.392005
7.170001	-2.011661
7.201449	-2.623362
7.232896	-3.224688
7.264343	-3.813263
7.295791	-4.386759
7.327238	-4.942907
7.358685	-5.479509
7.390133	-5.994442
7.421580	-6.485671
7.453028	-6.951253
7.484475	-7.389346
7.515922	-7.798218
7.547370	-8.176253
7.578817	-8.521955
7.610264	-8.833958
7.641712	-9.111027
7.673159	-9.352067
7.704607	-9.556125
7.736054	-9.722394
7.767501	-9.850216
7.798949	-9.939086
7.830396	-9.988652
7.861843	-9.998719
7.893291	-9.969246
7.924738	-9.900351
7.956186	-9.792305
7.987633	-9.645536
8.019080	-9.460624
8.050528	-9.238301
8.081975	-8.979445
8.113422	-8.685081
8.144870	-8.356372
8.176317	-7.994618
8.207765	-7.601250
8.239212	-7.177823
8.270659	-6.726012
8.302107	-6.247603
8.333554	-5.744489
8.365001	-5.218658
8.396449	-4.672190
8.427896	-4.107246
8.459344	-3.526061
8.490791	-2.930932
8.522238	-2.324212
8.553686	-1.708302
8.585133	-1.085636
8.616580	-0.458677
8.648028	0.170096
8.679475	0.798196
8.710923	1.423139
8.742370	2.042455
8.773817	2.653694
8.805265	3.254439
8.836712	3.842315
8.868159	4.414997
8.899607	4.970219
8.931054	5.505787
8.962502	6.019583
8.993949	6.509575
9.025396	6.973825
9.056844	7.410497
9.088291	7.817865
9.119738	8.194318
9.151186	8.538366
9.182633	8.848651
9.214081	9.123943
9.245528	9.363156
9.276975	9.565342
9.308423	9.729703
9.339870	9.855588
9.371317	9.942500
9.402765	9.990095
9.434212	9.998184
9.465660	9.966736
9.497107	9.895875
9.528554	9.785882
9.560002	9.637191
9.591449	9.450390
9.622896	9.226218
9.654344	8.965561
9.685791	8.669451
9.717239	8.339058
9.748686	7.975688
9.780133	7.580779
9.811581	7.155892
9.843028	6.702708
9.874475	6.223018
9.905923	5.718720
9.937370	5.191807
9.968818	4.644363
10.000265	4.078554
10.031712	3.496616
10.063160	2.900851
10.094607	2.293615
10.126054	1.677309
10.157502	1.054369
10.188949	0.427261
10.220397	-0.201537
10.251844	-0.829538
10.283291	-1.454259
10.314739	-2.073229
10.346186	-2.684001
10.377633	-3.284158
10.409081	-3.871329
10.440528	-4.443191
10.471976	-4.997482
10.503423	-5.532012
10.534870	-6.044665
10.566318	-6.533414
10.597765	-6.996328
10.629212	-7.431575
10.660660	-7.837435
10.692107	-8.212302
10.723555	-8.554693
10.755002	-8.863256
10.786449	-9.136769
10.817897	-9.374152
10.849344	-9.574464
10.880791	-9.736916
10.912239	-9.860863
10.943686	-9.945816
10.975133	-9.991438
11.006581	-9.997550
11.038028	-9.964128
11.069476	-9.891302
11.100923	-9.779362
11.132370	-9.628750
11.163818	-9.440062
11.195265	-9.214044
11.226712	-8.951589
11.258160	-8.653735
11.289607	-8.321661
11.321055	-7.956679
11.352502	-7.560233
11.383949	-7.133891
11.415397	-6.679338
11.446844	-6.198371
11.478291	-5.692894
11.509739	-5.164905
11.541186	-4.616491
11.572634	-4.049821
11.604081	-3.467137
11.635528	-2.870742
11.666976	-2.262995
11.698423	-1.646299
11.729870	-1.023092
11.761318	-0.395840
11.792765	0.232977
11.824213	0.860873
11.855660	1.485365
11.887107	2.103983
11.918555	2.714280
11.950002	3.313845
11.981449	3.900305
12.012897	4.471341
12.044344	5.024696
12.075792	5.558181
12.107239	6.069686
12.138686	6.557189
12.170134	7.018762
12.201581	7.452580
12.233028	7.856927
12.264476	8.230204
12.295923	8.570936
12.327371	8.877773
12.358818	9.149505
12.390265	9.385055
12.421713	9.583492
12.453160	9.744032
12.484607	9.866040
12.516055	9.949033
12.547502	9.992683
12.578950	9.996818
12.610397	9.961420
12.641844	9.886631
12.673292	9.772746
12.704739	9.620215
12.736186	9.429641
12.767634	9.201778
12.799081	8.937528
12.830529	8.637934
12.861976	8.304182
12.893423	7.937592
12.924871	7.539613
12.956318	7.111819
12.987765	6.655901
13.019213	6.173664
13.050660	5.667012
13.082108	5.137951
13.113555	4.588572
13.145002	4.021048
13.176450	3.437623
13.207897	2.840604
13.239344	2.232352
13.270792	1.615273
13.302239	0.991805
13.333687	0.364416
13.365134	-0.264414
13.396581	-0.892199
13.428029	-1.516455
13.459476	-2.134715
13.490923	-2.744534
13.522371	-3.343499
13.553818	-3.929242
13.585266	-4.499447
13.616713	-5.051860
13.648160	-5.584295
13.679608	-6.094648
13.711055	-6.580900
13.742502	-7.041127
13.773950	-7.473511
13.805397	-7.876342
13.836845	-8.248026
13.868292	-8.587093
13.899739	-8.892203
13.931187	-9.162150
13.962634	-9.395865
13.994081	-9.592425
14.025529	-9.751052
14.056976	-9.871120
14.088424	-9.952152
14.119871	-9.993829
14.151318	-9.995986
14.182766	-9.958615
14.214213	-9.881862
14.245660	-9.766033
14.277108	-9.611584
14.308555	-9.419127
14.340003	-9.189422
14.371450	-8.923378
14.402897	-8.622047
14.434345	-8.286621
14.465792	-7.918426
14.497239	-7.518918
14.528687	-7.089676
14.560134	-6.632399
14.591581	-6.148895
14.623029	-5.641074
14.654476	-5.110947
14.685924	-4.560609
14.717371	-3.992236
14.748818	-3.408076
14.780266	-2.810439
14.811713	-2.201688
14.843160	-1.584231
14.874608	-0.960508
14.906055	-0.332988
14.937503	0.295849
14.968950	0.923516
15.000397	1.547531
15.031845	2.165427
15.063292	2.774759
15.094739	3.373119
15.126187	3.958140
15.157634	4.527509
15.189082	5.078974
15.220529	5.610355
15.251976	6.119549
15.283424	6.604545
15.314871	7.063422
15.346318	7.494368
15.377766	7.895678
15.409213	8.265765
15.440661	8.603166
15.472108	8.906545
15.503555	9.174704
15.535003	9.406583
15.566450	9.601263
15.597897	9.757976
15.629345	9.876101
15.660792	9.955172
15.692240	9.994876
15.723687	9.995056
15.755134	9.955710
15.786582	9.876996
15.818029	9.759223
15.849476	9.602858
15.880924	9.408519
15.912371	9.176974
15.943819	8.909140
15.975266	8.606075
16.006713	8.268978
16.038161	7.899181
16.069608	7.498148
16.101055	7.067464
16.132503	6.608831
16.163950	6.124065
16.195398	5.615081
16.226845	5.083892
16.258292	4.532600
16.289740	3.963384
16.321187	3.378495
16.352634	2.780245
16.384082	2.171002
16.415529	1.553173
16.446977	0.929202
16.478424	0.301557
16.509871	-0.327281
16.541319	-0.954824
16.572766	-1.578592
16.604213	-2.196117
16.635661	-2.804958
16.667108	-3.402707
16.698556	-3.987000
16.730003	-4.555526
16.761450	-5.106038
16.792898	-5.636358
16.824345	-6.144390
16.855792	-6.628124
16.887240	-7.085648
16.918687	-7.515151
16.950135	-7.914937
16.981582	-8.283423
17.013029	-8.619153
17.044477	-8.920799
17.075924	-9.187168
17.107371	-9.417207
17.138819	-9.610006
17.170266	-9.764803
17.201714	-9.880986
17.233161	-9.958095
17.264608	-9.995824
17.296056	-9.994027
17.327503	-9.952708
17.358950	-9.872031
17.390398	-9.752317
17.421845	-9.594037
17.453293	-9.397818
17.484740	-9.164436
17.516187	-8.894814
17.547635	-8.590018
17.579082	-8.251253
17.610529	-7.879859
17.641977	-7.477304
17.673424	-7.045181
17.704872	-6.585198
17.736319	-6.099174
17.767766	-5.589032
17.799214	-5.056787
17.830661	-4.504547
17.862108	-3.934493
17.893556	-3.348880
17.925003	-2.750024
17.956451	-2.140294
17.987898	-1.522100
18.019345	-0.897887
18.050793	-0.270123
18.082240	0.358709
18.113687	0.986123
18.145135	1.609637
18.176582	2.226786
18.208029	2.835129
18.239477	3.432260
18.270924	4.015819
18.302372	4.583498
18.333819	5.133051
18.365266	5.662306
18.396714	6.169170
18.428161	6.651638
18.459608	7.107803
18.491056	7.535860
18.522503	7.934117
18.553951	8.300999
18.585398	8.635055
18.616845	8.934965
18.648293	9.199541
18.679740	9.427739
18.711187	9.618654
18.742635	9.771534
18.774082	9.885772
18.805530	9.960918
18.836977	9.996674
18.868424	9.992898
18.899872	9.949607
18.931319	9.866970
18.962766	9.745314
18.994214	9.585121
19.025661	9.387025
19.057109	9.151808
19.088556	8.880400
19.120003	8.573876
19.151451	8.233447
19.182898	7.860458
19.214345	7.456387
19.245793	7.022829
19.277240	6.561500
19.308688	6.074224
19.340135	5.562927
19.371582	5.029633
19.403030	4.476448
19.434477	3.905562
19.465924	3.319232
19.497372	2.719776
19.528819	2.109565
19.560267	1.491012
19.591714	0.866562
19.623161	0.238686
19.654609	-0.390134
19.686056	-1.017412
19.717503	-1.640666
19.748951	-2.257432
19.780398	-2.865271
19.811846	-3.461780
19.843293	-4.044599
19.874740	-4.611424
19.906188	-5.160014
19.937635	-5.688198
19.969082	-6.193889
20.000530	-6.675087
20.031977	-7.129888
20.063425	-7.556494
20.094872	-7.953219
20.126319	-8.318493
20.157767	-8.650872
20.189214	-8.949042
20.220661	-9.211823
20.252109	-9.438177
20.283556	-9.627207
20.315004	-9.778168
20.346451	-9.890461
20.377898	-9.963643
20.409346	-9.997425
20.440793	-9.991672
20.472240	-9.946407
20.503688	-9.861810
20.535135	-9.738215
20.566583	-9.576111
20.598030	-9.376138
20.629477	-9.139089
20.660925	-8.865899
20.692372	-8.557649
20.723819	-8.215559
20.755267	-7.840980
20.786714	-7.435395
20.818162	-7.000407
20.849609	-6.537737
20.881056	-6.049213
20.912504	-5.536768
20.943951	-5.002428
20.975398	-4.448306
21.006846	-3.876594
21.038293	-3.289552
21.069741	-2.689501
21.101188	-2.078815
21.132635	-1.459909
21.164083	-0.835229
21.195530	-0.207247
21.226977	0.421556
21.258425	1.048691
21.289872	1.671679
21.321320	2.288056
21.352767	2.895386
21.384214	3.491265
21.415662	4.073339
21.447109	4.639305
21.478556	5.186925
21.510004	5.714034
21.541451	6.218547
21.572899	6.698469
21.604346	7.151902
21.635793	7.577054
21.667241	7.972242
21.698688	8.335905
21.730135	8.666604
21.761583	8.963031
21.793030	9.224014
21.824477	9.448521
21.855925	9.635665
21.887372	9.784705
21.918820	9.895052
21.950267	9.966270
21.981714	9.998076
22.013162	9.990346
22.044609	9.943109
22.076056	9.856553
22.107504	9.731020
22.138951	9.567006
22.170399	9.365159
22.201846	9.126279
22.233293	8.851309
22.264741	8.541338
22.296188	8.197590
22.327635	7.821425
22.359083	7.414330
22.390530	6.977916
22.421978	6.513909
22.453425	6.024142
22.484872	5.510554
22.516320	4.975174
22.547767	4.420120
22.579214	3.847587
22.610662	3.259839
22.642109	2.659200
22.673557	2.048045
22.705004	1.428791
22.736451	0.803888
22.767899	0.175805
22.799346	-0.452973
22.830793	-1.079959
22.862241	-1.702675
22.893688	-2.318658
22.925136	-2.925471
22.956583	-3.520716
22.988030	-4.102039
23.019478	-4.667140
23.050925	-5.213786
23.082372	-5.739813
23.113820	-6.243143
23.145267	-6.721785
23.176715	-7.173846
23.208162	-7.597538
23.239609	-7.991187
23.271057	-8.353234
23.302504	-8.682249
23.333951	-8.976931
23.365399	-9.236114
23.396846	-9.458773
23.428294	-9.644028
23.459741	-9.791146
23.491188	-9.899545
23.522636	-9.968798
23.554083	-9.998629
23.585530	-9.988921
23.616978	-9.939713
23.648425	-9.851199
23.679873	-9.723728
23.711320	-9.557806
23.742767	-9.354088
23.774215	-9.113379
23.805662	-8.836632
23.837109	-8.524942
23.868557	-8.179539
23.900004	-7.801792
23.931452	-7.393192
23.962899	-6.955357
23.994346	-6.490017
24.025794	-5.999012
24.057241	-5.484285
24.088688	-4.947870
24.120136	-4.391890
24.151583	-3.818541
24.183031	-3.230093
24.214478	-2.628872
24.245925	-2.017254
24.277373	-1.397660
24.308820	-0.772539
24.340267	-0.144362
24.371715	0.484385
24.403162	1.111217
24.434610	1.733654
24.466057	2.349236
24.497504	2.955528
24.528952	3.550133
24.560399	4.130698
24.591846	4.694929
24.623294	5.240594
24.654741	5.765536
24.686189	6.267678
24.717636	6.745035
24.749083	7.195719
24.780531	7.617948
24.811978	8.010052
24.843425	8.370481
24.874873	8.697809
24.906320	8.990742
24.937768	9.248122
24.969215	9.468931
25.000662	9.652295
25.032110	9.797490
25.063557	9.903941
25.095004	9.971227
25.126452	9.999083
25.157899	9.987398
25.189347	9.936219
25.220794	9.845747
25.252241	9.716340
25.283689	9.548511
25.315136	9.342923
25.346583	9.100389
25.378031	8.821868
25.409478	8.508461
25.440925	8.161408
25.472373	7.782081
25.503820	7.371981
25.535268	6.932728
25.566715	6.466060
25.598162	5.973823
25.629610	5.457962
25.661057	4.920518
25.692504	4.363616
25.723952	3.789459
25.755399	3.200316
25.786847	2.598518
25.818294	1.986444
25.849741	1.366515
25.881189	0.741182
25.912636	0.112918
25.944083	-0.515793
25.975531	-1.142464
26.006978	-1.764617
26.038426	-2.379791
26.069873	-2.985556
26.101320	-3.579514
26.132768	-4.159317
26.164215	-4.722672
26.195662	-5.267351
26.227110	-5.791201
26.258557	-6.292151
26.290005	-6.768218
26.321452	-7.217520
26.352899	-7.638282
26.384347	-8.028838
26.415794	-8.387645
26.447241	-8.713283
26.478689	-9.004465
26.510136	-9.260039
26.541584	-9.478995
26.573031	-9.660466
26.604478	-9.803736
26.635926	-9.908238
26.667373	-9.973558
26.698820	-9.999438
26.730268	-9.985776
26.761715	-9.932626
26.793163	-9.840198
26.824610	-9.708857
26.856057	-9.539123
26.887505	-9.331667
26.918952	-9.087309
26.950399	-8.807016
26.981847	-8.491897
27.013294	-8.143196
27.044742	-7.762294
27.076189	-7.350696
27.107636	-6.910031
27.139084	-6.442040
27.170531	-5.948574
27.201978	-5.431585
27.233426	-4.893117
27.264873	-4.335299
27.296321	-3.760338
27.327768	-3.170507
27.359215	-2.568138
27.390663	-1.955614
27.422110	-1.335356
27.453557	-0.709817
27.485005	-0.081472
27.516452	0.547195
27.547900	1.173699
27.579347	1.795561
27.610794	2.410323
27.642242	3.015554
27.673689	3.608859
27.705136	4.187894
27.736584	4.750367
27.768031	5.294056
27.799479	5.816810
27.830926	6.316561
27.862373	6.791334
27.893821	7.239251
27.925268	7.658540
27.956715	8.047545
27.988163	8.404725
28.019610	8.728670
28.051058	9.018098
28.082505	9.271864
28.113952	9.488965
28.145400	9.668543
28.176847	9.809886
28.208294	9.912437
28.239742	9.975790
28.271189	9.999694
28.302637	9.984055
28.334084	9.928935
28.365531	9.834551
28.396979	9.701277
28.428426	9.529640
28.459873	9.320318
28.491321	9.074139
28.522768	8.792078
28.554216	8.475248
28.585663	8.124904
28.617110	7.742430
28.648558	7.329340
28.680005	6.887265
28.711452	6.417956
28.742900	5.923267
28.774347	5.405154
28.805795	4.865668
28.837242	4.306940
28.868689	3.731181
28.900137	3.140667
28.931584	2.537733
28.963031	1.924764
28.994479	1.304184
29.025926	0.678446
29.057373	0.050026
29.088821	-0.578593
29.120268	-1.204923
29.151716	-1.826488
29.183163	-2.440831
29.214610	-3.045522
29.246058	-3.638169
29.277505	-4.216429
29.308952	-4.778016
29.340400	-5.320708
29.371847	-5.842360
29.403295	-6.340909
29.434742	-6.814383
29.466189	-7.260909
29.497637	-7.678723
29.529084	-8.066172
29.560531	-8.421723
29.591979	-8.743971
29.623426	-9.031642
29.654874	-9.283598
29.686321	-9.498842
29.717768	-9.676523
29.749216	-9.815939
29.780663	-9.916539
29.812110	-9.977924
29.843558	-9.999852
29.875005	-9.982236
29.906453	-9.925146
29.937900	-9.828807
29.969347	-9.693601
30.000795	-9.520062
30.032242	-9.308877
30.063689	-9.060880
30.095137	-8.777052
30.126584	-8.458516
30.158032	-8.106531
30.189479	-7.722490
30.220926	-7.307910
30.252374	-6.864432
30.283821	-6.393808
30.315268	-5.897901
30.346716	-5.378670
30.378163	-4.838170
30.409611	-4.278538
30.441058	-3.701986
30.472505	-3.110795
30.503953	-2.507303
30.535400	-1.893896
30.566847	-1.272999
30.598295	-0.647068
30.629742	-0.018579
30.661190	0.609984
30.692637	1.236135
30.724084	1.857397
30.755532	2.471315
30.786979	3.075460
30.818426	3.667443
30.849874	4.244924
30.881321	4.805618
30.912769	5.347308
30.944216	5.867853
30.975663	6.365194
31.007111	6.837364
31.038558	7.282496
31.070005	7.698830
31.101453	8.084719
31.132900	8.438638
31.164348	8.759186
31.195795	9.045097
31.227242	9.295239
31.258690	9.508624
31.290137	9.684408
31.321584	9.821895
31.353032	9.920542
31.384479	9.979959
31.415927	9.999910
