0.000000	0.000000
0.000021	1.363557
0.000042	2.535539
0.000063	3.536724
0.000084	4.385097
0.000105	5.096252
0.000126	5.683739
0.000147	6.159365
0.000168	6.533448
0.000189	6.815046
0.000210	7.012142
0.000231	7.131811
0.000252	7.180365
0.000273	7.163468
0.000294	7.086245
0.000314	6.953370
0.000335	6.769139
0.000356	6.537537
0.000377	6.262292
0.000398	5.946921
0.000419	5.594768
0.000440	5.209036
0.000461	4.792814
0.000482	4.349098
0.000503	3.880809
0.000524	3.390804
0.000545	2.881892
0.000566	2.356834
0.000587	1.818356
0.000608	1.269146
0.000629	0.711861
0.000650	0.149119
0.000671	-0.416491
0.000692	-0.982423
0.000713	-1.546170
0.000734	-2.105271
0.000755	-2.657315
0.000776	-3.199944
0.000797	-3.730865
0.000818	-4.247848
0.000839	-4.748738
0.000860	-5.231458
0.000881	-5.694016
0.000901	-6.134512
0.000922	-6.551140
0.000943	-6.942200
0.000964	-7.306101
0.000985	-7.641361
0.001006	-7.946623
0.001027	-8.220648
0.001048	-8.462327
0.001069	-8.670683
0.001090	-8.844872
0.001111	-8.984189
0.001132	-9.088069
0.001153	-9.156089
0.001174	-9.187969
0.001195	-9.183573
0.001216	-9.142912
0.001237	-9.066139
0.001258	-8.953552
0.001279	-8.805591
0.001300	-8.622837
0.001321	-8.406008
0.001342	-8.155959
0.001363	-7.873676
0.001384	-7.560272
0.001405	-7.216985
0.001426	-6.845170
0.001447	-6.446296
0.001468	-6.021940
0.001489	-5.573777
0.001509	-5.103580
0.001530	-4.613207
0.001551	-4.104595
0.001572	-3.579756
0.001593	-3.040765
0.001614	-2.489753
0.001635	-1.928898
0.001656	-1.360417
0.001677	-0.786558
0.001698	-0.209591
0.001719	0.368204
0.001740	0.944541
0.001761	1.517142
0.001782	2.083742
0.001803	2.642102
0.001824	3.190013
0.001845	3.725309
0.001866	4.245872
0.001887	4.749645
0.001908	5.234636
0.001929	5.698926
0.001950	6.140679
0.001971	6.558149
0.001992	6.949686
0.002013	7.313740
0.002034	7.648872
0.002055	7.953757
0.002076	8.227189
0.002096	8.468086
0.002117	8.675498
0.002138	8.848602
0.002159	8.986715
0.002180	9.089291
0.002201	9.155923
0.002222	9.186348
0.002243	9.180447
0.002264	9.138242
0.002285	9.059901
0.002306	8.945732
0.002327	8.796188
0.002348	8.611860
0.002369	8.393477
0.002390	8.141902
0.002411	7.858131
0.002432	7.543285
0.002453	7.198609
0.002474	6.825467
0.002495	6.425334
0.002516	5.999793
0.002537	5.550525
0.002558	5.079309
0.002579	4.588006
0.002600	4.078560
0.002621	3.552986
0.002642	3.013362
0.002663	2.461822
0.002684	1.900546
0.002704	1.331755
0.002725	0.757698
0.002746	0.180644
0.002767	-0.397124
0.002788	-0.973322
0.002809	-1.545670
0.002830	-2.111907
0.002851	-2.669792
0.002872	-3.217119
0.002893	-3.751725
0.002914	-4.271494
0.002935	-4.774372
0.002956	-5.258371
0.002977	-5.721575
0.002998	-6.162153
0.003019	-6.578364
0.003040	-6.968561
0.003061	-7.331201
0.003082	-7.664850
0.003103	-7.968189
0.003124	-8.240019
0.003145	-8.479263
0.003166	-8.684977
0.003187	-8.856346
0.003208	-8.992694
0.003229	-9.093481
0.003250	-9.158307
0.003271	-9.186918
0.003291	-9.179200
0.003312	-9.135183
0.003333	-9.055041
0.003354	-8.939092
0.003375	-8.787793
0.003396	-8.601744
0.003417	-8.381679
0.003438	-8.128470
0.003459	-7.843117
0.003480	-7.526749
0.003501	-7.180617
0.003522	-6.806089
0.003543	-6.404647
0.003564	-5.977879
0.003585	-5.527471
0.003606	-5.055205
0.003627	-4.562948
0.003648	-4.052648
0.003669	-3.526321
0.003690	-2.986050
0.003711	-2.433971
0.003732	-1.872267
0.003753	-1.303159
0.003774	-0.728897
0.003795	-0.151754
0.003816	0.425990
0.003837	1.002049
0.003858	1.574146
0.003879	2.140018
0.003899	2.697427
0.003920	3.244169
0.003941	3.778083
0.003962	4.297056
0.003983	4.799037
0.004004	5.282040
0.004025	5.744156
0.004046	6.183557
0.004067	6.598505
0.004088	6.987360
0.004109	7.348584
0.004130	7.680748
0.004151	7.982539
0.004172	8.252763
0.004193	8.490353
0.004214	8.694367
0.004235	8.864001
0.004256	8.998582
0.004277	9.097579
0.004298	9.160599
0.004319	9.187395
0.004340	9.177860
0.004361	9.132031
0.004382	9.050091
0.004403	8.932362
0.004424	8.779310
0.004445	8.591542
0.004466	8.369798
0.004486	8.114957
0.004507	7.828025
0.004528	7.510138
0.004549	7.162553
0.004570	6.786644
0.004591	6.383897
0.004612	5.955905
0.004633	5.504361
0.004654	5.031051
0.004675	4.537845
0.004696	4.026695
0.004717	3.499621
0.004738	2.958709
0.004759	2.406096
0.004780	1.843969
0.004801	1.274549
0.004822	0.700090
0.004843	0.122862
0.004864	-0.454852
0.004885	-1.030767
0.004906	-1.602606
0.004927	-2.168108
0.004948	-2.725036
0.004969	-3.271187
0.004990	-3.804404
0.005011	-4.322576
0.005032	-4.823654
0.005053	-5.305658
0.005074	-5.766680
0.005094	-6.204899
0.005115	-6.618581
0.005136	-7.006090
0.005157	-7.365893
0.005178	-7.696569
0.005199	-7.996809
0.005220	-8.265426
0.005241	-8.501358
0.005262	-8.703672
0.005283	-8.871567
0.005304	-9.004381
0.005325	-9.101587
0.005346	-9.162801
0.005367	-9.187782
0.005388	-9.176430
0.005409	-9.128790
0.005430	-9.045051
0.005451	-8.925544
0.005472	-8.770741
0.005493	-8.581255
0.005514	-8.357835
0.005535	-8.101364
0.005556	-7.812856
0.005577	-7.493454
0.005598	-7.144418
0.005619	-6.767131
0.005640	-6.363083
0.005661	-5.933873
0.005681	-5.481198
0.005702	-5.006847
0.005723	-4.512697
0.005744	-4.000702
0.005765	-3.472887
0.005786	-2.931338
0.005807	-2.378197
0.005828	-1.815652
0.005849	-1.245927
0.005870	-0.671275
0.005891	-0.093969
0.005912	0.483709
0.005933	1.059475
0.005954	1.631050
0.005975	2.196176
0.005996	2.752617
0.006017	3.298173
0.006038	3.830687
0.006059	4.348052
0.006080	4.848223
0.006101	5.329223
0.006122	5.789148
0.006143	6.226180
0.006164	6.638591
0.006185	7.024750
0.006206	7.383130
0.006227	7.712314
0.006248	8.011000
0.006269	8.278007
0.006289	8.512279
0.006310	8.712890
0.006331	8.879046
0.006352	9.010090
0.006373	9.105505
0.006394	9.164912
0.006415	9.188077
0.006436	9.174908
0.006457	9.125458
0.006478	9.039922
0.006499	8.918637
0.006520	8.762085
0.006541	8.570883
0.006562	8.345788
0.006583	8.087690
0.006604	7.797610
0.006625	7.476695
0.006646	7.126213
0.006667	6.747551
0.006688	6.342207
0.006709	5.911782
0.006730	5.457980
0.006751	4.982594
0.006772	4.487505
0.006793	3.974670
0.006814	3.446118
0.006835	2.903938
0.006856	2.350275
0.006876	1.787318
0.006897	1.217293
0.006918	0.642454
0.006939	0.065075
0.006960	-0.512562
0.006981	-1.088172
0.007002	-1.659479
0.007023	-2.224223
0.007044	-2.780172
0.007065	-3.325126
0.007086	-3.856932
0.007107	-4.373486
0.007128	-4.872745
0.007149	-5.352735
0.007170	-5.811558
0.007191	-6.247399
0.007212	-6.658535
0.007233	-7.043341
0.007254	-7.400294
0.007275	-7.727983
0.007296	-8.025112
0.007317	-8.290506
0.007338	-8.523116
0.007359	-8.722022
0.007380	-8.886437
0.007401	-9.015711
0.007422	-9.109333
0.007443	-9.166932
0.007464	-9.188282
0.007484	-9.173297
0.007505	-9.122036
0.007526	-9.034703
0.007547	-8.911643
0.007568	-8.753342
0.007589	-8.560426
0.007610	-8.333659
0.007631	-8.073937
0.007652	-7.782286
0.007673	-7.459862
0.007694	-7.107937
0.007715	-6.727905
0.007736	-6.321267
0.007757	-5.889633
0.007778	-5.434708
0.007799	-4.958292
0.007820	-4.462268
0.007841	-3.948599
0.007862	-3.419315
0.007883	-2.876510
0.007904	-2.322330
0.007925	-1.758966
0.007946	-1.188646
0.007967	-0.613626
0.007988	-0.036180
0.008009	0.541410
0.008030	1.116858
0.008051	1.687890
0.008071	2.252248
0.008092	2.807699
0.008113	3.352047
0.008134	3.883139
0.008155	4.398876
0.008176	4.897218
0.008197	5.376194
0.008218	5.833910
0.008239	6.268557
0.008260	6.678414
0.008281	7.061862
0.008302	7.417385
0.008323	7.743576
0.008344	8.039145
0.008365	8.302924
0.008386	8.533869
0.008407	8.731068
0.008428	8.893740
0.008449	9.021243
0.008470	9.113071
0.008491	9.168862
0.008512	9.188396
0.008533	9.171594
0.008554	9.118524
0.008575	9.029395
0.008596	8.904560
0.008617	8.744512
0.008638	8.549885
0.008659	8.321448
0.008679	8.060103
0.008700	7.766886
0.008721	7.442955
0.008742	7.089591
0.008763	6.708192
0.008784	6.300265
0.008805	5.867425
0.008826	5.411382
0.008847	4.933940
0.008868	4.436987
0.008889	3.922488
0.008910	3.392478
0.008931	2.849053
0.008952	2.294361
0.008973	1.730596
0.008994	1.159988
0.009015	0.584793
0.009036	0.007285
0.009057	-0.570252
0.009078	-1.145534
0.009099	-1.716285
0.009120	-2.280250
0.009141	-2.835198
0.009162	-3.378934
0.009183	-3.909308
0.009204	-4.424223
0.009225	-4.921643
0.009246	-5.399600
0.009266	-5.856205
0.009287	-6.289652
0.009308	-6.698227
0.009329	-7.080314
0.009350	-7.434402
0.009371	-7.759092
0.009392	-8.053098
0.009413	-8.315259
0.009434	-8.544538
0.009455	-8.740027
0.009476	-8.900955
0.009497	-9.026685
0.009518	-9.116719
0.009539	-9.170701
0.009560	-9.188418
0.009581	-9.169801
0.009602	-9.114921
0.009623	-9.023998
0.009644	-8.897389
0.009665	-8.735596
0.009686	-8.539259
0.009707	-8.309154
0.009728	-8.046190
0.009749	-7.751409
0.009770	-7.425975
0.009791	-7.071175
0.009812	-6.688412
0.009833	-6.279201
0.009854	-5.845159
0.009874	-5.388003
0.009895	-4.909540
0.009916	-4.411662
0.009937	-3.896339
0.009958	-3.365608
0.009979	-2.821568
0.010000	-2.266370
0.010021	-1.702210
0.010042	-1.131318
0.010063	-0.555953
0.010084	0.021610
0.010105	0.599088
0.010126	1.174198
0.010147	1.744663
0.010168	2.308230
0.010189	2.862669
0.010210	3.405788
0.010231	3.935438
0.010252	4.449526
0.010273	4.946019
0.010294	5.422953
0.010315	5.878442
0.010336	6.310685
0.010357	6.717973
0.010378	7.098695
0.010399	7.451346
0.010420	7.774531
0.010441	8.066972
0.010461	8.327512
0.010482	8.555122
0.010503	8.748901
0.010524	8.908082
0.010545	9.032038
0.010566	9.120276
0.010587	9.172449
0.010608	9.188351
0.010629	9.167917
0.010650	9.111229
0.010671	9.018511
0.010692	8.890130
0.010713	8.726594
0.010734	8.528549
0.010755	8.296778
0.010776	8.032198
0.010797	7.735855
0.010818	7.408921
0.010839	7.052689
0.010860	6.668567
0.010881	6.258075
0.010902	5.822836
0.010923	5.364570
0.010944	4.885091
0.010965	4.386294
0.010986	3.870151
0.011007	3.338704
0.011028	2.794055
0.011049	2.238356
0.011069	1.673807
0.011090	1.102638
0.011111	0.527108
0.011132	-0.050505
0.011153	-0.627919
0.011174	-1.202850
0.011195	-1.773024
0.011216	-2.336187
0.011237	-2.890112
0.011258	-3.432608
0.011279	-3.961529
0.011300	-4.474785
0.011321	-4.970346
0.011342	-5.446252
0.011363	-5.900621
0.011384	-6.331656
0.011405	-6.737653
0.011426	-7.117007
0.011447	-7.468216
0.011468	-7.789893
0.011489	-8.080765
0.011510	-8.339683
0.011531	-8.565621
0.011552	-8.757687
0.011573	-8.915121
0.011594	-9.037301
0.011615	-9.123744
0.011636	-9.174107
0.011656	-9.188192
0.011677	-9.165942
0.011698	-9.107446
0.011719	-9.012936
0.011740	-8.882784
0.011761	-8.717505
0.011782	-8.517754
0.011803	-8.284320
0.011824	-8.018126
0.011845	-7.720224
0.011866	-7.391794
0.011887	-7.034133
0.011908	-6.648656
0.011929	-6.236887
0.011950	-5.800455
0.011971	-5.341085
0.011992	-4.860594
0.012013	-4.360882
0.012034	-3.843925
0.012055	-3.311768
0.012076	-2.766514
0.012097	-2.210321
0.012118	-1.645387
0.012139	-1.073946
0.012160	-0.498258
0.012181	0.079400
0.012202	0.656744
0.012223	1.231491
0.012244	1.801368
0.012264	2.364121
0.012285	2.917526
0.012306	3.459394
0.012327	3.987581
0.012348	4.500000
0.012369	4.994624
0.012390	5.469497
0.012411	5.922741
0.012432	6.352564
0.012453	6.757267
0.012474	7.135248
0.012495	7.485012
0.012516	7.805178
0.012537	8.094479
0.012558	8.351771
0.012579	8.576036
0.012600	8.766387
0.012621	8.922072
0.012642	9.042476
0.012663	9.127121
0.012684	9.175674
0.012705	9.187942
0.012726	9.163877
0.012747	9.103574
0.012768	9.007271
0.012789	8.875349
0.012810	8.708331
0.012831	8.506875
0.012851	8.271780
0.012872	8.003974
0.012893	7.704518
0.012914	7.374594
0.012935	7.015507
0.012956	6.628679
0.012977	6.215637
0.012998	5.778016
0.013019	5.317546
0.013040	4.836048
0.013061	4.335427
0.013082	3.817661
0.013103	3.284798
0.013124	2.738946
0.013145	2.182263
0.013166	1.616950
0.013187	1.045243
0.013208	0.469403
0.013229	-0.108293
0.013250	-0.685562
0.013271	-1.260119
0.013292	-1.829693
0.013313	-2.392032
0.013334	-2.944911
0.013355	-3.486146
0.013376	-4.013594
0.013397	-4.525171
0.013418	-5.018853
0.013439	-5.492688
0.013459	-5.944803
0.013480	-6.373410
0.013501	-6.776813
0.013522	-7.153418
0.013543	-7.501735
0.013564	-7.820386
0.013585	-8.108113
0.013606	-8.363776
0.013627	-8.586365
0.013648	-8.775000
0.013669	-8.928935
0.013690	-9.047561
0.013711	-9.130408
0.013732	-9.177150
0.013753	-9.187601
0.013774	-9.161721
0.013795	-9.099611
0.013816	-9.001517
0.013837	-8.867827
0.013858	-8.699070
0.013879	-8.495912
0.013900	-8.259158
0.013921	-7.989744
0.013942	-7.688735
0.013963	-7.357321
0.013984	-6.996812
0.014005	-6.608636
0.014026	-6.194326
0.014046	-5.755520
0.014067	-5.293955
0.014088	-4.811455
0.014109	-4.309929
0.014130	-3.791359
0.014151	-3.257797
0.014172	-2.711351
0.014193	-2.154184
0.014214	-1.588498
0.014235	-1.016531
0.014256	-0.440543
0.014277	0.137186
0.014298	0.714373
0.014319	1.288735
0.014340	1.858000
0.014361	2.419919
0.014382	2.972268
0.014403	3.512863
0.014424	4.039567
0.014445	4.550296
0.014466	5.043032
0.014487	5.515825
0.014508	5.966807
0.014529	6.394192
0.014550	6.796293
0.014571	7.171517
0.014592	7.518383
0.014613	7.835517
0.014634	8.121666
0.014654	8.375699
0.014675	8.596610
0.014696	8.783527
0.014717	8.935709
0.014738	9.052556
0.014759	9.133605
0.014780	9.178536
0.014801	9.187170
0.014822	9.159474
0.014843	9.095558
0.014864	8.995674
0.014885	8.860217
0.014906	8.689723
0.014927	8.484865
0.014948	8.246455
0.014969	7.975435
0.014990	7.672876
0.015011	7.339975
0.015032	6.978048
0.015053	6.588528
0.015074	6.172953
0.015095	5.732968
0.015116	5.270312
0.015137	4.786815
0.015158	4.284388
0.015179	3.765020
0.015200	3.230763
0.015221	2.683729
0.015241	2.126084
0.015262	1.560030
0.015283	0.987808
0.015304	0.411679
0.015325	-0.166077
0.015346	-0.743177
0.015367	-1.317338
0.015388	-1.886289
0.015409	-2.447782
0.015430	-2.999595
0.015451	-3.539546
0.015472	-4.065500
0.015493	-4.575377
0.015514	-5.067161
0.015535	-5.538908
0.015556	-5.988751
0.015577	-6.414912
0.015598	-6.815705
0.015619	-7.189546
0.015640	-7.534957
0.015661	-7.850571
0.015682	-8.135140
0.015703	-8.387539
0.015724	-8.606770
0.015745	-8.791966
0.015766	-8.942395
0.015787	-9.057462
0.015808	-9.136711
0.015829	-9.179830
0.015849	-9.186648
0.015870	-9.157137
0.015891	-9.091415
0.015912	-8.989742
0.015933	-8.852519
0.015954	-8.680290
0.015975	-8.473734
0.015996	-8.233670
0.016017	-7.961046
0.016038	-7.656941
0.016059	-7.322556
0.016080	-6.959215
0.016101	-6.568355
0.016122	-6.151520
0.016143	-5.710359
0.016164	-5.246616
0.016185	-4.762127
0.016206	-4.258806
0.016227	-3.738643
0.016248	-3.203697
0.016269	-2.656081
0.016290	-2.097962
0.016311	-1.531547
0.016332	-0.959075
0.016353	-0.382811
0.016374	0.194967
0.016395	0.771974
0.016416	1.345928
0.016436	1.914560
0.016457	2.475621
0.016478	3.026892
0.016499	3.566193
0.016520	4.091392
0.016541	4.600412
0.016562	5.091240
0.016583	5.561935
0.016604	6.010636
0.016625	6.435567
0.016646	6.835050
0.016667	7.207504
0.016688	7.551456
0.016709	7.865546
0.016730	8.148533
0.016751	8.399296
0.016772	8.616845
0.016793	8.800319
0.016814	8.948993
0.016835	9.062278
0.016856	9.139727
0.016877	9.181034
0.016898	9.186035
0.016919	9.154710
0.016940	9.087183
0.016961	8.983721
0.016982	8.844734
0.017003	8.670771
0.017024	8.462520
0.017044	8.220804
0.017065	7.946579
0.017086	7.640930
0.017107	7.305066
0.017128	6.940314
0.017149	6.548116
0.017170	6.130025
0.017191	5.687693
0.017212	5.222869
0.017233	4.737392
0.017254	4.233181
0.017275	3.712230
0.017296	3.176599
0.017317	2.628406
0.017338	2.069820
0.017359	1.503049
0.017380	0.930333
0.017401	0.353939
0.017422	-0.223854
0.017443	-0.800763
0.017464	-1.374505
0.017485	-1.942811
0.017506	-2.503435
0.017527	-3.054159
0.017548	-3.592806
0.017569	-4.117245
0.017590	-4.625402
0.017611	-5.115269
0.017631	-5.584908
0.017652	-6.032461
0.017673	-6.456159
0.017694	-6.854327
0.017715	-7.225390
0.017736	-7.567880
0.017757	-7.880444
0.017778	-8.161845
0.017799	-8.410970
0.017820	-8.626835
0.017841	-8.808585
0.017862	-8.955502
0.017883	-9.067005
0.017904	-9.142653
0.017925	-9.182147
0.017946	-9.185331
0.017967	-9.152191
0.017988	-9.082860
0.018009	-8.977612
0.018030	-8.836861
0.018051	-8.661166
0.018072	-8.451221
0.018093	-8.207856
0.018114	-7.932033
0.018135	-7.624844
0.018156	-7.287503
0.018177	-6.921343
0.018198	-6.527814
0.018219	-6.108470
0.018239	-5.664971
0.018260	-5.199070
0.018281	-4.712610
0.018302	-4.207514
0.018323	-3.685779
0.018344	-3.149470
0.018365	-2.600706
0.018386	-2.041657
0.018407	-1.474535
0.018428	-0.901582
0.018449	-0.325064
0.018470	0.252740
0.018491	0.829544
0.018512	1.403068
0.018533	1.971043
0.018554	2.531225
0.018575	3.081396
0.018596	3.619383
0.018617	4.143056
0.018638	4.650346
0.018659	5.139247
0.018680	5.607825
0.018701	6.054227
0.018722	6.476688
0.018743	6.873537
0.018764	7.243205
0.018785	7.584230
0.018806	7.895264
0.018826	8.175076
0.018847	8.422561
0.018868	8.636739
0.018889	8.816763
0.018910	8.961922
0.018931	9.071642
0.018952	9.145488
0.018973	9.183169
0.018994	9.184536
0.019015	9.149583
0.019036	9.078448
0.019057	8.971413
0.019078	8.828901
0.019099	8.651476
0.019120	8.439839
0.019141	8.194827
0.019162	7.917409
0.019183	7.608682
0.019204	7.269867
0.019225	6.902304
0.019246	6.507446
0.019267	6.086855
0.019288	5.642193
0.019309	5.175220
0.019330	4.687781
0.019351	4.181805
0.019372	3.659293
0.019393	3.122309
0.019414	2.572979
0.019434	2.013474
0.019455	1.446007
0.019476	0.872822
0.019497	0.296185
0.019518	-0.281623
0.019539	-0.858317
0.019560	-1.431617
0.019581	-1.999256
0.019602	-2.558989
0.019623	-3.108603
0.019644	-3.645924
0.019665	-4.168827
0.019686	-4.675245
0.019707	-5.163174
0.019728	-5.630687
0.019749	-6.075933
0.019770	-6.497152
0.019791	-6.892678
0.019812	-7.260948
0.019833	-7.600505
0.019854	-7.910006
0.019875	-8.188227
0.019896	-8.434068
0.019917	-8.646558
0.019938	-8.824855
0.019959	-8.968254
0.019980	-9.076189
0.020001	-9.148233
0.020021	-9.184101
0.020042	-9.183650
0.020063	-9.146884
0.020084	-9.073946
0.020105	-8.965126
0.020126	-8.820854
0.020147	-8.641700
0.020168	-8.428374
0.020189	-8.181717
0.020210	-7.902707
0.020231	-7.592446
0.020252	-7.252160
0.020273	-6.883197
0.020294	-6.487014
0.020315	-6.065179
0.020336	-5.619359
0.020357	-5.151318
0.020378	-4.662906
0.020399	-4.156056
0.020420	-3.632770
0.020441	-3.095118
0.020462	-2.545227
0.020483	-1.985272
0.020504	-1.417465
0.020525	-0.844053
0.020546	-0.267304
0.020567	0.310503
0.020588	0.887082
0.020609	1.460152
0.020629	2.027449
0.020650	2.586728
0.020671	3.135779
0.020692	3.672429
0.020713	4.194556
0.020734	4.700096
0.020755	5.187051
0.020776	5.653493
0.020797	6.097579
0.020818	6.517552
0.020839	6.911752
0.020860	7.278619
0.020881	7.616704
0.020902	7.924669
0.020923	8.201297
0.020944	8.445492
