0.000000	0.000000
0.000002	0.145538
0.000004	0.288380
0.000006	0.427992
0.000008	0.563851
0.000010	0.695452
0.000013	0.822302
0.000015	0.943929
0.000017	1.059881
0.000019	1.169729
0.000021	1.273064
0.000023	1.369507
0.000025	1.458703
0.000027	1.540326
0.000029	1.614079
0.000031	1.679696
0.000034	1.736945
0.000036	1.785623
0.000038	1.825562
0.000040	1.856630
0.000042	1.878728
0.000044	1.891791
0.000046	1.895792
0.000048	1.890737
0.000050	1.876670
0.000052	1.853668
0.000055	1.821845
0.000057	1.781348
0.000059	1.732359
0.000061	1.675092
0.000063	1.609794
0.000065	1.536745
0.000067	1.456253
0.000069	1.368657
0.000071	1.274323
0.000073	1.173642
0.000075	1.067033
0.000078	0.954935
0.000080	0.837811
0.000082	0.716141
0.000084	0.590424
0.000086	0.461177
0.000088	0.328926
0.000090	0.194213
0.000092	0.057586
0.000094	-0.080396
0.000096	-0.219173
0.000099	-0.358179
0.000101	-0.496848
0.000103	-0.634616
0.000105	-0.770924
0.000107	-0.905216
0.000109	-1.036947
0.000111	-1.165581
0.000113	-1.290594
0.000115	-1.411478
0.000117	-1.527741
0.000120	-1.638908
0.000122	-1.744528
0.000124	-1.844167
0.000126	-1.937419
0.000128	-2.023902
0.000130	-2.103261
0.000132	-2.175169
0.000134	-2.239329
0.000136	-2.295475
0.000138	-2.343373
0.000140	-2.382822
0.000143	-2.413653
0.000145	-2.435732
0.000147	-2.448962
0.000149	-2.453278
0.000151	-2.448651
0.000153	-2.435090
0.000155	-2.412637
0.000157	-2.381369
0.000159	-2.341401
0.000161	-2.292879
0.000164	-2.235985
0.000166	-2.170935
0.000168	-2.097975
0.000170	-2.017383
0.000172	-1.929470
0.000174	-1.834573
0.000176	-1.733057
0.000178	-1.625316
0.000180	-1.511766
0.000182	-1.392847
0.000184	-1.269020
0.000187	-1.140767
0.000189	-1.008585
0.000191	-0.872990
0.000193	-0.734509
0.000195	-0.593680
0.000197	-0.451054
0.000199	-0.307186
0.000201	-0.162638
0.000203	-0.017972
0.000205	0.126247
0.000208	0.269455
0.000210	0.411095
0.000212	0.550613
0.000214	0.687464
0.000216	0.821115
0.000218	0.951045
0.000220	1.076746
0.000222	1.197728
0.000224	1.313519
0.000226	1.423668
0.000229	1.527747
0.000231	1.625349
0.000233	1.716096
0.000235	1.799634
0.000237	1.875640
0.000239	1.943818
0.000241	2.003906
0.000243	2.055672
0.000245	2.098916
0.000247	2.133474
0.000249	2.159214
0.000252	2.176040
0.000254	2.183891
0.000256	2.182742
0.000258	2.172602
0.000260	2.153517
0.000262	2.125566
0.000264	2.088867
0.000266	2.043568
0.000268	1.989855
0.000270	1.927944
0.000273	1.858085
0.000275	1.780558
0.000277	1.695676
0.000279	1.603778
0.000281	1.505233
0.000283	1.400434
0.000285	1.289800
0.000287	1.173773
0.000289	1.052816
0.000291	0.927412
0.000294	0.798061
0.000296	0.665278
0.000298	0.529593
0.000300	0.391545
0.000302	0.251685
0.000304	0.110570
0.000306	-0.031239
0.000308	-0.173177
0.000310	-0.314679
0.000312	-0.455182
0.000314	-0.594126
0.000317	-0.730960
0.000319	-0.865137
0.000321	-0.996125
0.000323	-1.123401
0.000325	-1.246460
0.000327	-1.364810
0.000329	-1.477982
0.000331	-1.585524
0.000333	-1.687008
0.000335	-1.782030
0.000338	-1.870210
0.000340	-1.951197
0.000342	-2.024669
0.000344	-2.090330
0.000346	-2.147919
0.000348	-2.197206
0.000350	-2.237992
0.000352	-2.270114
0.000354	-2.293441
0.000356	-2.307880
0.000359	-2.313370
0.000361	-2.309886
0.000363	-2.297441
0.000365	-2.276081
0.000367	-2.245887
0.000369	-2.206977
0.000371	-2.159503
0.000373	-2.103649
0.000375	-2.039634
0.000377	-1.967709
0.000379	-1.888156
0.000382	-1.801288
0.000384	-1.707446
0.000386	-1.606998
0.000388	-1.500341
0.000390	-1.387892
0.000392	-1.270096
0.000394	-1.147416
0.000396	-1.020334
0.000398	-0.889353
0.000400	-0.754986
0.000403	-0.617765
0.000405	-0.478229
0.000407	-0.336929
0.000409	-0.194421
0.000411	-0.051268
0.000413	0.091967
0.000415	0.234719
0.000417	0.376425
0.000419	0.516526
0.000421	0.654470
0.000423	0.789714
0.000426	0.921723
0.000428	1.049979
0.000430	1.173974
0.000432	1.293221
0.000434	1.407249
0.000436	1.515609
0.000438	1.617874
0.000440	1.713641
0.000442	1.802532
0.000444	1.884199
0.000447	1.958318
0.000449	2.024599
0.000451	2.082781
0.000453	2.132635
0.000455	2.173965
0.000457	2.206609
0.000459	2.230439
0.000461	2.245363
0.000463	2.251322
0.000465	2.248294
0.000468	2.236293
0.000470	2.215367
0.000472	2.185600
0.000474	2.147111
0.000476	2.100054
0.000478	2.044614
0.000480	1.981014
0.000482	1.909505
0.000484	1.830372
0.000486	1.743928
0.000488	1.650516
0.000491	1.550506
0.000493	1.444296
0.000495	1.332307
0.000497	1.214981
0.000499	1.092784
0.000501	0.966200
0.000503	0.835731
0.000505	0.701894
0.000507	0.565218
0.000509	0.426246
0.000512	0.285527
0.000514	0.143619
0.000516	0.001084
0.000518	-0.141513
0.000520	-0.283608
0.000522	-0.424639
0.000524	-0.564045
0.000526	-0.701276
0.000528	-0.835789
0.000530	-0.967049
0.000533	-1.094537
0.000535	-1.217750
0.000537	-1.336197
0.000539	-1.449411
0.000541	-1.556943
0.000543	-1.658367
0.000545	-1.753281
0.000547	-1.841309
0.000549	-1.922103
0.000551	-1.995342
0.000553	-2.060735
0.000556	-2.118024
0.000558	-2.166982
0.000560	-2.207414
0.000562	-2.239160
0.000564	-2.262093
0.000566	-2.276122
0.000568	-2.281191
0.000570	-2.277280
0.000572	-2.264404
0.000574	-2.242612
0.000577	-2.211990
0.000579	-2.172659
0.000581	-2.124774
0.000583	-2.068524
0.000585	-2.004130
0.000587	-1.931847
0.000589	-1.851959
0.000591	-1.764784
0.000593	-1.670663
0.000595	-1.569970
0.000598	-1.463102
0.000600	-1.350481
0.000602	-1.232552
0.000604	-1.109781
0.000606	-0.982653
0.000608	-0.851669
0.000610	-0.717349
0.000612	-0.580222
0.000614	-0.440830
0.000616	-0.299724
0.000618	-0.157461
0.000621	-0.014604
0.000623	0.128282
0.000625	0.270634
0.000627	0.411888
0.000629	0.551487
0.000631	0.688879
0.000633	0.823521
0.000635	0.954880
0.000637	1.082438
0.000639	1.205691
0.000642	1.324152
0.000644	1.437352
0.000646	1.544844
0.000648	1.646204
0.000650	1.741032
0.000652	1.828951
0.000654	1.909616
0.000656	1.982707
0.000658	2.047935
0.000660	2.105044
0.000662	2.153808
0.000665	2.194033
0.000667	2.225562
0.000669	2.248270
0.000671	2.262067
0.000673	2.266899
0.000675	2.262747
0.000677	2.249629
0.000679	2.227595
0.000681	2.196735
0.000683	2.157169
0.000686	2.109054
0.000688	2.052582
0.000690	1.987976
0.000692	1.915491
0.000694	1.835414
0.000696	1.748062
0.000698	1.653782
0.000700	1.552945
0.000702	1.445951
0.000704	1.333224
0.000707	1.215209
0.000709	1.092373
0.000711	0.965203
0.000713	0.834200
0.000715	0.699884
0.000717	0.562786
0.000719	0.423449
0.000721	0.282423
0.000723	0.140266
0.000725	-0.002459
0.000727	-0.145188
0.000730	-0.287356
0.000732	-0.428401
0.000734	-0.567764
0.000736	-0.704895
0.000738	-0.839251
0.000740	-0.970300
0.000742	-1.097525
0.000744	-1.220421
0.000746	-1.338503
0.000748	-1.451303
0.000751	-1.558376
0.000753	-1.659298
0.000755	-1.753669
0.000757	-1.841116
0.000759	-1.921293
0.000761	-1.993883
0.000763	-2.058599
0.000765	-2.115185
0.000767	-2.163417
0.000769	-2.203103
0.000772	-2.234087
0.000774	-2.256247
0.000776	-2.269493
0.000778	-2.273775
0.000780	-2.269074
0.000782	-2.255410
0.000784	-2.232836
0.000786	-2.201441
0.000788	-2.161349
0.000790	-2.112719
0.000792	-2.055743
0.000795	-1.990646
0.000797	-1.917685
0.000799	-1.837149
0.000801	-1.749356
0.000803	-1.654653
0.000805	-1.553415
0.000807	-1.446042
0.000809	-1.332958
0.000811	-1.214610
0.000813	-1.091467
0.000816	-0.964015
0.000818	-0.832757
0.000820	-0.698214
0.000822	-0.560916
0.000824	-0.421408
0.000826	-0.280239
0.000828	-0.137969
0.000830	0.004840
0.000832	0.147624
0.000834	0.289817
0.000837	0.430858
0.000839	0.570189
0.000841	0.707260
0.000843	0.841527
0.000845	0.972461
0.000847	1.099543
0.000849	1.222272
0.000851	1.340161
0.000853	1.452746
0.000855	1.559580
0.000857	1.660241
0.000860	1.754332
0.000862	1.841480
0.000864	1.921341
0.000866	1.993599
0.000868	2.057969
0.000870	2.114195
0.000872	2.162056
0.000874	2.201362
0.000876	2.231959
0.000878	2.253725
0.000881	2.266573
0.000883	2.270455
0.000885	2.265353
0.000887	2.251289
0.000889	2.228318
0.000891	2.196531
0.000893	2.156054
0.000895	2.107046
0.000897	2.049702
0.000899	1.984249
0.000901	1.910945
0.000904	1.830081
0.000906	1.741975
0.000908	1.646978
0.000910	1.545463
0.000912	1.437834
0.000914	1.324515
0.000916	1.205955
0.000918	1.082622
0.000920	0.955005
0.000922	0.823608
0.000925	0.688950
0.000927	0.551565
0.000929	0.411996
0.000931	0.270794
0.000933	0.128517
0.000935	-0.014270
0.000937	-0.157004
0.000939	-0.299120
0.000941	-0.440057
0.000943	-0.579256
0.000946	-0.716168
0.000948	-0.850250
0.000950	-0.980973
0.000952	-1.107819
0.000954	-1.230288
0.000956	-1.347894
0.000958	-1.460172
0.000960	-1.566679
0.000962	-1.666994
0.000964	-1.760718
0.000966	-1.847483
0.000969	-1.926944
0.000971	-1.998788
0.000973	-2.062730
0.000975	-2.118518
0.000977	-2.165930
0.000979	-2.204779
0.000981	-2.234913
0.000983	-2.256210
0.000985	-2.268588
0.000987	-2.271997
0.000990	-2.266423
0.000992	-2.251889
0.000994	-2.228453
0.000996	-2.196206
0.000998	-2.155276
0.001000	-2.105825
0.001002	-2.048049
0.001004	-1.982176
0.001006	-1.908467
0.001008	-1.827212
0.001011	-1.738734
0.001013	-1.643381
0.001015	-1.541532
0.001017	-1.433589
0.001019	-1.319978
0.001021	-1.201150
0.001023	-1.077573
0.001025	-0.949737
0.001027	-0.818146
0.001029	-0.683322
0.001031	-0.545798
0.001034	-0.406116
0.001036	-0.264830
0.001038	-0.122499
0.001040	0.020315
0.001042	0.163048
0.001044	0.305134
0.001046	0.446013
0.001048	0.585126
0.001050	0.721924
0.001052	0.855866
0.001055	0.986421
0.001057	1.113075
0.001059	1.235326
0.001061	1.352691
0.001063	1.464705
0.001065	1.570925
0.001067	1.670933
0.001069	1.764331
0.001071	1.850752
0.001073	1.929852
0.001076	2.001320
0.001078	2.064873
0.001080	2.120259
0.001082	2.167259
0.001084	2.205688
0.001086	2.235394
0.001088	2.256258
0.001090	2.268200
0.001092	2.271171
0.001094	2.265160
0.001096	2.250190
0.001099	2.226321
0.001101	2.193647
0.001103	2.152298
0.001105	2.102436
0.001107	2.044260
0.001109	1.977998
0.001111	1.903914
0.001113	1.822300
0.001115	1.733479
0.001117	1.637802
0.001120	1.535648
0.001122	1.427420
0.001124	1.313547
0.001126	1.194479
0.001128	1.070686
0.001130	0.942658
0.001132	0.810902
0.001134	0.675939
0.001136	0.538302
0.001138	0.398535
0.001140	0.257192
0.001143	0.114830
0.001145	-0.027986
0.001147	-0.170692
0.001149	-0.312723
0.001151	-0.453519
0.001153	-0.592522
0.001155	-0.729183
0.001157	-0.862960
0.001159	-0.993326
0.001161	-1.119765
0.001164	-1.241776
0.001166	-1.358877
0.001168	-1.470605
0.001170	-1.576519
0.001172	-1.676198
0.001174	-1.769250
0.001176	-1.855306
0.001178	-1.934026
0.001180	-2.005098
0.001182	-2.068242
0.001185	-2.123208
0.001187	-2.169778
0.001189	-2.207769
0.001191	-2.237029
0.001193	-2.257444
0.001195	-2.268932
0.001197	-2.271449
0.001199	-2.264983
0.001201	-2.249562
0.001203	-2.225245
0.001205	-2.192129
0.001208	-2.150344
0.001210	-2.100057
0.001212	-2.041466
0.001214	-1.974802
0.001216	-1.900330
0.001218	-1.818343
0.001220	-1.729166
0.001222	-1.633151
0.001224	-1.530679
0.001226	-1.422154
0.001229	-1.308006
0.001231	-1.188686
0.001233	-1.064665
0.001235	-0.936435
0.001237	-0.804502
0.001239	-0.669388
0.001241	-0.531627
0.001243	-0.391765
0.001245	-0.250353
0.001247	-0.107952
0.001250	0.034875
0.001252	0.177565
0.001254	0.319551
0.001256	0.460274
0.001258	0.599177
0.001260	0.735709
0.001262	0.869333
0.001264	0.999518
0.001266	1.125750
0.001268	1.247530
0.001270	1.364376
0.001273	1.475827
0.001275	1.581442
0.001277	1.680802
0.001279	1.773516
0.001281	1.859216
0.001283	1.937564
0.001285	2.008249
0.001287	2.070993
0.001289	2.125546
0.001291	2.171694
0.001294	2.209254
0.001296	2.238078
0.001298	2.258050
0.001300	2.269094
0.001302	2.271163
0.001304	2.264252
0.001306	2.248386
0.001308	2.223629
0.001310	2.190079
0.001312	2.147868
0.001315	2.097163
0.001317	2.038164
0.001319	1.971106
0.001321	1.896253
0.001323	1.813901
0.001325	1.724375
0.001327	1.628031
0.001329	1.525248
0.001331	1.416434
0.001333	1.302018
0.001335	1.182454
0.001338	1.058213
0.001340	0.929788
0.001342	0.797685
0.001344	0.662428
0.001346	0.524551
0.001348	0.384600
0.001350	0.243127
0.001352	0.100693
0.001354	-0.042139
0.001356	-0.184805
0.001359	-0.326740
0.001361	-0.467384
0.001363	-0.606179
0.001365	-0.742577
0.001367	-0.876039
0.001369	-1.006037
0.001371	-1.132057
0.001373	-1.253600
0.001375	-1.370186
0.001377	-1.481354
0.001379	-1.586664
0.001382	-1.685699
0.001384	-1.778069
0.001386	-1.863408
0.001388	-1.941378
0.001390	-2.011672
0.001392	-2.074010
0.001394	-2.128147
0.001396	-2.173868
0.001398	-2.210993
0.001400	-2.239375
0.001403	-2.258902
0.001405	-2.269496
0.001407	-2.271115
0.001409	-2.263754
0.001411	-2.247441
0.001413	-2.222240
0.001415	-2.188252
0.001417	-2.145611
0.001419	-2.094485
0.001421	-2.035077
0.001424	-1.967621
0.001426	-1.892384
0.001428	-1.809665
0.001430	-1.719789
0.001432	-1.623112
0.001434	-1.520017
0.001436	-1.410911
0.001438	-1.296226
0.001440	-1.176415
0.001442	-1.051953
0.001444	-0.923330
0.001447	-0.791056
0.001449	-0.655654
0.001451	-0.517660
0.001453	-0.377618
0.001455	-0.236084
0.001457	-0.093616
0.001459	0.049223
0.001461	0.191866
0.001463	0.333751
0.001465	0.474316
0.001468	0.613005
0.001470	0.749270
0.001472	0.882572
0.001474	1.012384
0.001476	1.138192
0.001478	1.259500
0.001480	1.375826
0.001482	1.486712
0.001484	1.591719
0.001486	1.690431
0.001489	1.782459
0.001491	1.867438
0.001493	1.945032
0.001495	2.014934
0.001497	2.076869
0.001499	2.130590
0.001501	2.175887
0.001503	2.212578
0.001505	2.240520
0.001507	2.259602
0.001509	2.269749
0.001512	2.270920
0.001514	2.263111
0.001516	2.246352
0.001518	2.220710
0.001520	2.186286
0.001522	2.143217
0.001524	2.091672
0.001526	2.031856
0.001528	1.964006
0.001530	1.888388
0.001533	1.805303
0.001535	1.715079
0.001537	1.618073
0.001539	1.514668
0.001541	1.405273
0.001543	1.290321
0.001545	1.170267
0.001547	1.045585
0.001549	0.916768
0.001551	0.784326
0.001554	0.648782
0.001556	0.510672
0.001558	0.370543
0.001560	0.228949
0.001562	0.086449
0.001564	-0.056392
0.001566	-0.199011
0.001568	-0.340842
0.001570	-0.481326
0.001572	-0.619907
0.001574	-0.756036
0.001577	-0.889176
0.001579	-1.018799
0.001581	-1.144393
0.001583	-1.265463
0.001585	-1.381528
0.001587	-1.492129
0.001589	-1.596831
0.001591	-1.695218
0.001593	-1.786901
0.001595	-1.871518
0.001598	-1.948734
0.001600	-2.018244
0.001602	-2.079773
0.001604	-2.133078
0.001606	-2.177948
0.001608	-2.214205
0.001610	-2.241706
0.001612	-2.260342
0.001614	-2.270041
0.001616	-2.270762
0.001618	-2.262504
0.001621	-2.245299
0.001623	-2.219215
0.001625	-2.184355
0.001627	-2.140857
0.001629	-2.088894
0.001631	-2.028670
0.001633	-1.960424
0.001635	-1.884426
0.001637	-1.800975
0.001639	-1.710403
0.001642	-1.613067
0.001644	-1.509353
0.001646	-1.399669
0.001648	-1.284451
0.001650	-1.164154
0.001652	-1.039253
0.001654	-0.910242
0.001656	-0.777632
0.001658	-0.641947
0.001660	-0.503723
0.001663	-0.363508
0.001665	-0.221855
0.001667	-0.079324
0.001669	0.063520
0.001671	0.206113
0.001673	0.347890
0.001675	0.488292
0.001677	0.626763
0.001679	0.762756
0.001681	0.895732
0.001683	1.025166
0.001686	1.150546
0.001688	1.271377
0.001690	1.387180
0.001692	1.497497
0.001694	1.601892
0.001696	1.699953
0.001698	1.791291
0.001700	1.875546
0.001702	1.952384
0.001704	2.021502
0.001707	2.082625
0.001709	2.135513
0.001711	2.179956
0.001713	2.215779
0.001715	2.242839
0.001717	2.261031
0.001719	2.270281
0.001721	2.270553
0.001723	2.261846
0.001725	2.244196
0.001728	2.217670
0.001730	2.182375
0.001732	2.138450
0.001734	2.086069
0.001736	2.025438
0.001738	1.956798
0.001740	1.880419
0.001742	1.796605
0.001744	1.705686
0.001746	1.608022
0.001748	1.503999
0.001751	1.394029
0.001753	1.278546
0.001755	1.158007
0.001757	1.032889
0.001759	0.903686
0.001761	0.770910
0.001763	0.635085
0.001765	0.496748
0.001767	0.356448
0.001769	0.214738
0.001772	0.072178
0.001774	-0.070666
0.001776	-0.213232
0.001778	-0.354954
0.001780	-0.495272
0.001782	-0.633632
0.001784	-0.769487
0.001786	-0.902298
0.001788	-1.031542
0.001790	-1.156706
0.001793	-1.277296
0.001795	-1.392835
0.001797	-1.502866
0.001799	-1.606954
0.001801	-1.704688
0.001803	-1.795681
0.001805	-1.879572
0.001807	-1.956031
0.001809	-2.024755
0.001811	-2.085472
0.001813	-2.137942
0.001816	-2.181958
0.001818	-2.217346
0.001820	-2.243965
0.001822	-2.261710
0.001824	-2.270512
0.001826	-2.270335
0.001828	-2.261180
0.001830	-2.243084
0.001832	-2.216117
0.001834	-2.180387
0.001837	-2.136034
0.001839	-2.083235
0.001841	-2.022198
0.001843	-1.953164
0.001845	-1.876406
0.001847	-1.792229
0.001849	-1.700964
0.001851	-1.602972
0.001853	-1.498642
0.001855	-1.388385
0.001857	-1.272639
0.001860	-1.151859
0.001862	-1.026525
0.001864	-0.897131
0.001866	-0.764190
0.001868	-0.628226
0.001870	-0.489779
0.001872	-0.349394
0.001874	-0.207628
0.001876	-0.065041
0.001878	0.077803
0.001881	0.220340
0.001883	0.362005
0.001885	0.502239
0.001887	0.640486
0.001889	0.776201
0.001891	0.908847
0.001893	1.037898
0.001895	1.162845
0.001897	1.283194
0.001899	1.398468
0.001902	1.508213
0.001904	1.611993
0.001906	1.709398
0.001908	1.800044
0.001910	1.883572
0.001912	1.959651
0.001914	2.027981
0.001916	2.088291
0.001918	2.140343
0.001920	2.183932
0.001922	2.218884
0.001925	2.245061
0.001927	2.262361
0.001929	2.270714
0.001931	2.270088
0.001933	2.260485
0.001935	2.241943
0.001937	2.214536
0.001939	2.178371
0.001941	2.133592
0.001943	2.080375
0.001946	2.018932
0.001948	1.949505
0.001950	1.872369
0.001952	1.787829
0.001954	1.696219
0.001956	1.597901
0.001958	1.493265
0.001960	1.382723
0.001962	1.266713
0.001964	1.145695
0.001967	1.020146
0.001969	0.890562
0.001971	0.757457
0.001973	0.621357
0.001975	0.482799
0.001977	0.342333
0.001979	0.200512
0.001981	0.057899
0.001983	-0.084943
0.001985	-0.227450
0.001987	-0.369057
0.001990	-0.509204
0.001992	-0.647338
0.001994	-0.782912
0.001996	-0.915390
0.001998	-1.044248
0.002000	-1.168977
0.002002	-1.289083
0.002004	-1.404092
0.002006	-1.513548
0.002008	-1.617019
0.002011	-1.714095
0.002013	-1.804394
0.002015	-1.887556
0.002017	-1.963255
0.002019	-2.031190
0.002021	-2.091093
0.002023	-2.142726
0.002025	-2.185887
0.002027	-2.220403
0.002029	-2.246139
0.002032	-2.262993
0.002034	-2.270898
0.002036	-2.269822
0.002038	-2.259771
0.002040	-2.240784
0.002042	-2.212935
0.002044	-2.176336
0.002046	-2.131130
0.002048	-2.077497
0.002050	-2.015649
0.002052	-1.945830
0.002055	-1.868316
0.002057	-1.783414
0.002059	-1.691460
0.002061	-1.592817
0.002063	-1.487875
0.002065	-1.377049
0.002067	-1.260778
0.002069	-1.139522
0.002071	-1.013759
0.002073	-0.883987
0.002076	-0.750720
0.002078	-0.614484
0.002080	-0.475818
0.002082	-0.335270
0.002084	-0.193397
0.002086	-0.050758
0.002088	0.092081
0.002090	0.234555
0.002092	0.376103
0.002094	0.516163
