0.000000	0.000000
0.000210	7.685687
0.000419	9.423180
0.000629	9.759412
0.000839	9.742660
0.001048	9.614919
0.001258	9.432453
0.001468	9.208837
0.001677	8.947918
0.001887	8.651411
0.002096	8.320645
0.002306	7.956965
0.002516	7.561816
0.002725	7.136765
0.002935	6.683491
0.003145	6.203788
0.003354	5.699552
0.003564	5.172777
0.003774	4.625547
0.003983	4.060026
0.004193	3.478450
0.004403	2.883118
0.004612	2.276385
0.004822	1.660650
0.005032	1.038348
0.005241	0.411940
0.005451	-0.216097
0.005661	-0.843279
0.005870	-1.467126
0.006080	-2.085172
0.006289	-2.694973
0.006499	-3.294116
0.006709	-3.880232
0.006918	-4.451005
0.007128	-5.004176
0.007338	-5.537559
0.007547	-6.049043
0.007757	-6.536607
0.007967	-6.998323
0.008176	-7.432363
0.008386	-7.837013
0.008596	-8.210672
0.008805	-8.551863
0.009015	-8.859235
0.009225	-9.131574
0.009434	-9.367803
0.009644	-9.566987
0.009854	-9.728339
0.010063	-9.851221
0.010273	-9.935147
0.010482	-9.979784
0.010692	-9.984958
0.010902	-9.950646
0.011111	-9.876985
0.011321	-9.764266
0.011531	-9.612935
0.011740	-9.423590
0.011950	-9.196980
0.012160	-8.934001
0.012369	-8.635693
0.012579	-8.303235
0.012789	-7.937943
0.012998	-7.541261
0.013208	-7.114757
0.013418	-6.660118
0.013627	-6.179142
0.013837	-5.673731
0.014046	-5.145884
0.014256	-4.597687
0.014466	-4.031310
0.014675	-3.448990
0.014885	-2.853032
0.015095	-2.245792
0.015304	-1.629670
0.015514	-1.007105
0.015724	-0.380557
0.015933	0.247497
0.016143	0.874571
0.016353	1.498187
0.016562	2.115878
0.016772	2.725203
0.016982	3.323750
0.017191	3.909155
0.017401	4.479100
0.017611	5.031333
0.017820	5.563670
0.018030	6.074006
0.018239	6.560323
0.018449	7.020697
0.018659	7.453308
0.018868	7.856445
0.019078	8.228515
0.019288	8.568045
0.019497	8.873693
0.019707	9.144251
0.019917	9.378649
0.020126	9.575959
0.020336	9.735401
0.020546	9.856346
0.020755	9.938314
0.020965	9.980981
0.021175	9.984179
0.021384	9.947896
0.021594	9.872274
0.021804	9.757612
0.022013	9.604365
0.022223	9.413138
0.022432	9.184686
0.022642	8.919915
0.022852	8.619870
0.023061	8.285739
0.023271	7.918842
0.023481	7.520630
0.023690	7.092679
0.023900	6.636679
0.024110	6.154436
0.024319	5.647855
0.024529	5.118940
0.024739	4.569782
0.024948	4.002553
0.025158	3.419497
0.025368	2.822918
0.025577	2.215176
0.025787	1.598675
0.025996	0.975851
0.026206	0.349169
0.026416	-0.278894
0.026625	-0.905855
0.026835	-1.529233
0.027045	-2.146564
0.027254	-2.755406
0.027464	-3.353352
0.027674	-3.938038
0.027883	-4.507151
0.028093	-5.058440
0.028303	-5.589727
0.028512	-6.098909
0.028722	-6.583973
0.028932	-7.043001
0.029141	-7.474178
0.029351	-7.875799
0.029561	-8.246276
0.029770	-8.584143
0.029980	-8.888064
0.030189	-9.156838
0.030399	-9.389402
0.030609	-9.584836
0.030818	-9.742367
0.031028	-9.861373
0.031238	-9.941382
0.031447	-9.982079
0.031657	-9.983302
0.031867	-9.945047
0.032076	-9.867465
0.032286	-9.750862
0.032496	-9.595700
0.032705	-9.402592
0.032915	-9.172302
0.033125	-8.905741
0.033334	-8.603963
0.033544	-8.268161
0.033754	-7.899662
0.033963	-7.499925
0.034173	-7.070530
0.034382	-6.613175
0.034592	-6.129668
0.034802	-5.621922
0.035011	-5.091945
0.035221	-4.541831
0.035431	-3.973758
0.035640	-3.389970
0.035850	-2.792776
0.036060	-2.184539
0.036269	-1.567663
0.036479	-0.944588
0.036689	-0.317778
0.036898	0.310289
0.037108	0.937129
0.037318	1.560263
0.037527	2.177227
0.037737	2.785582
0.037946	3.382921
0.038156	3.966882
0.038366	4.535157
0.038575	5.085498
0.038785	5.615728
0.038995	6.123751
0.039204	6.607558
0.039414	7.065236
0.039624	7.494975
0.039833	7.895075
0.040043	8.263955
0.040253	8.600155
0.040462	8.902347
0.040672	9.169335
0.040882	9.400063
0.041091	9.593619
0.041301	9.749237
0.041511	9.866303
0.041720	9.944353
0.041930	9.983079
0.042139	9.982327
0.042349	9.942100
0.042559	9.862558
0.042768	9.744015
0.042978	9.586940
0.043188	9.391954
0.043397	9.159828
0.043607	8.891479
0.043817	8.587970
0.044026	8.250501
0.044236	7.880405
0.044446	7.479146
0.044655	7.048312
0.044865	6.589605
0.045075	6.104840
0.045284	5.595934
0.045494	5.064900
0.045704	4.513836
0.045913	3.944922
0.046123	3.360409
0.046332	2.762607
0.046542	2.153880
0.046752	1.536636
0.046961	0.913316
0.047171	0.286384
0.047381	-0.341681
0.047590	-0.968394
0.047800	-1.591278
0.048010	-2.207870
0.048219	-2.815730
0.048429	-3.412456
0.048639	-3.995688
0.048848	-4.563118
0.049058	-5.112505
0.049268	-5.641674
0.049477	-6.148533
0.049687	-6.631078
0.049896	-7.087401
0.050106	-7.515698
0.050316	-7.914274
0.050525	-8.281553
0.050735	-8.616083
0.050945	-8.916542
0.051154	-9.181740
0.051364	-9.410630
0.051574	-9.602306
0.051783	-9.756011
0.051993	-9.871135
0.052203	-9.947225
0.052412	-9.983979
0.052622	-9.981252
0.052832	-9.939055
0.053041	-9.857554
0.053251	-9.737072
0.053461	-9.578085
0.053670	-9.381222
0.053880	-9.147262
0.054089	-8.877130
0.054299	-8.571893
0.054509	-8.232759
0.054718	-7.861069
0.054928	-7.458293
0.055138	-7.026024
0.055347	-6.565970
0.055557	-6.079952
0.055767	-5.569891
0.055976	-5.037804
0.056186	-4.485796
0.056396	-3.916048
0.056605	-3.330815
0.056815	-2.732410
0.057025	-2.123200
0.057234	-1.505594
0.057444	-0.882035
0.057654	-0.254987
0.057863	0.373069
0.058073	0.999650
0.058282	1.622278
0.058492	2.238490
0.058702	2.845851
0.058911	3.441958
0.059121	4.024453
0.059331	4.591035
0.059540	5.139461
0.059750	5.667563
0.059960	6.173254
0.060169	6.654533
0.060379	7.109496
0.060589	7.536346
0.060798	7.933393
0.061008	8.299069
0.061218	8.631926
0.061427	8.930648
0.061637	9.194055
0.061847	9.421105
0.062056	9.610899
0.062266	9.762688
0.062475	9.875870
0.062685	9.949999
0.062895	9.984781
0.063104	9.980079
0.063314	9.935911
0.063524	9.852452
0.063733	9.730032
0.063943	9.569136
0.064153	9.370398
0.064362	9.134606
0.064572	8.862692
0.064782	8.555731
0.064991	8.214936
0.065201	7.841656
0.065411	7.437366
0.065620	7.003666
0.065830	6.542271
0.066039	6.055004
0.066249	5.543793
0.066459	5.010659
0.066668	4.457711
0.066878	3.887135
0.067088	3.301188
0.067297	2.702187
0.067507	2.092499
0.067717	1.474537
0.067926	0.850744
0.068136	0.223587
0.068346	-0.404454
0.068555	-1.030896
0.068765	-1.653261
0.068975	-2.269089
0.069184	-2.875943
0.069394	-3.471425
0.069604	-4.053179
0.069813	-4.618905
0.070023	-5.166366
0.070232	-5.693397
0.070442	-6.197914
0.070652	-6.677921
0.070861	-7.131521
0.071071	-7.556920
0.071281	-7.952435
0.071490	-8.316502
0.071700	-8.647683
0.071910	-8.944667
0.072119	-9.206279
0.072329	-9.431486
0.072539	-9.619397
0.072748	-9.769268
0.072958	-9.880507
0.073168	-9.952674
0.073377	-9.985484
0.073587	-9.978807
0.073797	-9.932669
0.074006	-9.847253
0.074216	-9.722897
0.074425	-9.560092
0.074635	-9.359482
0.074845	-9.121860
0.075054	-8.848167
0.075264	-8.539484
0.075474	-8.197032
0.075683	-7.822165
0.075893	-7.416366
0.076103	-6.981240
0.076312	-6.518506
0.076522	-6.029995
0.076732	-5.517640
0.076941	-4.983464
0.077151	-4.429583
0.077361	-3.858184
0.077570	-3.271529
0.077780	-2.671936
0.077989	-2.061778
0.078199	-1.443466
0.078409	-0.819446
0.078618	-0.192186
0.078828	0.435835
0.079038	1.062131
0.079247	1.684228
0.079457	2.299665
0.079667	2.906007
0.079876	3.500858
0.080086	4.081865
0.080296	4.646731
0.080505	5.193221
0.080715	5.719175
0.080925	6.222512
0.081134	6.701244
0.081344	7.153475
0.081554	7.577419
0.081763	7.971398
0.081973	8.333854
0.082182	8.663355
0.082392	8.958597
0.082602	9.218412
0.082811	9.441774
0.083021	9.627799
0.083231	9.775752
0.083440	9.885046
0.083650	9.955251
0.083860	9.986089
0.084069	9.977436
0.084279	9.929329
0.084489	9.841957
0.084698	9.715665
0.084908	9.550953
0.085118	9.348472
0.085327	9.109024
0.085537	8.833554
0.085747	8.523152
0.085956	8.179046
0.086166	7.802597
0.086375	7.395293
0.086585	6.958744
0.086795	6.494677
0.087004	6.004928
0.087214	5.491432
0.087424	4.956221
0.087633	4.401410
0.087843	3.829195
0.088053	3.241837
0.088262	2.641659
0.088472	2.031035
0.088682	1.412380
0.088891	0.788139
0.089101	0.160782
0.089311	-0.467211
0.089520	-1.093357
0.089730	-1.715179
0.089939	-2.330218
0.090149	-2.936042
0.090359	-3.530257
0.090568	-4.110511
0.090778	-4.674510
0.090988	-5.220024
0.091197	-5.744896
0.091407	-6.247050
0.091617	-6.724500
0.091826	-7.175359
0.092036	-7.597843
0.092246	-7.990281
0.092455	-8.351123
0.092665	-8.678941
0.092875	-8.972438
0.093084	-9.230454
0.093294	-9.451969
0.093504	-9.636107
0.093713	-9.782139
0.093923	-9.889488
0.094132	-9.957730
0.094342	-9.986594
0.094552	-9.975967
0.094761	-9.925891
0.094971	-9.836563
0.095181	-9.708337
0.095390	-9.541720
0.095600	-9.337371
0.095810	-9.096097
0.096019	-8.818854
0.096229	-8.506737
0.096439	-8.160980
0.096648	-7.782952
0.096858	-7.374146
0.097068	-6.936179
0.097277	-6.470784
0.097487	-5.979800
0.097697	-5.465170
0.097906	-4.928928
0.098116	-4.373194
0.098325	-3.800167
0.098535	-3.212113
0.098745	-2.611356
0.098954	-2.000273
0.099164	-1.381280
0.099374	-0.756825
0.099583	-0.129377
0.099793	0.498583
0.100003	1.124571
0.100212	1.746112
0.100422	2.360748
0.100632	2.966049
0.100841	3.559620
0.101051	4.139115
0.101261	4.702243
0.101470	5.246775
0.101680	5.770560
0.101889	6.271525
0.102099	6.747690
0.102309	7.197171
0.102518	7.618192
0.102728	8.009086
0.102938	8.368310
0.103147	8.694441
0.103357	8.986190
0.103567	9.242405
0.103776	9.462070
0.103986	9.644319
0.104196	9.788429
0.104405	9.893832
0.104615	9.960110
0.104825	9.987001
0.105034	9.974399
0.105244	9.922354
0.105454	9.831072
0.105663	9.700913
0.105873	9.532392
0.106082	9.326177
0.106292	9.083081
0.106502	8.804067
0.106711	8.490237
0.106921	8.142833
0.107131	7.763229
0.107340	7.352926
0.107550	6.913546
0.107760	6.446827
0.107969	5.954614
0.108179	5.438854
0.108389	4.901586
0.108598	4.344935
0.108808	3.771102
0.109018	3.182357
0.109227	2.581027
0.109437	1.969491
0.109647	1.350167
0.109856	0.725503
0.110066	0.097970
0.110275	-0.529950
0.110485	-1.155774
0.110695	-1.777028
0.110904	-2.391255
0.111114	-2.996025
0.111324	-3.588949
0.111533	-4.167679
0.111743	-4.729929
0.111953	-5.273475
0.112162	-5.796167
0.112372	-6.295938
0.112582	-6.770813
0.112791	-7.218912
0.113001	-7.638465
0.113211	-8.027812
0.113420	-8.385413
0.113630	-8.709855
0.113839	-8.999854
0.114049	-9.254264
0.114259	-9.472078
0.114468	-9.652435
0.114678	-9.794623
0.114888	-9.898078
0.115097	-9.962391
0.115307	-9.987309
0.115517	-9.972733
0.115726	-9.918720
0.115936	-9.825484
0.116146	-9.693393
0.116355	-9.522971
0.116565	-9.314890
0.116775	-9.069975
0.116984	-8.789192
0.117194	-8.473653
0.117404	-8.124606
0.117613	-7.743430
0.117823	-7.331634
0.118032	-6.890844
0.118242	-6.422806
0.118452	-5.929368
0.118661	-5.412484
0.118871	-4.874196
0.119081	-4.316633
0.119290	-3.742000
0.119500	-3.152570
0.119710	-2.550673
0.119919	-1.938690
0.120129	-1.319040
0.120339	-0.694174
0.120548	-0.066563
0.120758	0.561311
0.120968	1.186966
0.121177	1.807927
0.121387	2.421738
0.121597	3.025973
0.121806	3.618241
0.122016	4.196202
0.122225	4.757569
0.122435	5.300122
0.122645	5.821717
0.122854	6.320289
0.123064	6.793869
0.123274	7.240582
0.123483	7.658663
0.123693	8.046458
0.123903	8.402434
0.124112	8.725183
0.124322	9.013429
0.124532	9.266031
0.124741	9.481992
0.124951	9.660456
0.125161	9.800719
0.125370	9.902226
0.125580	9.964574
0.125789	9.987518
0.125999	9.970967
0.126209	9.914987
0.126418	9.819798
0.126628	9.685777
0.126838	9.513455
0.127047	9.303512
0.127257	9.056779
0.127467	8.774231
0.127676	8.456986
0.127886	8.106298
0.128096	7.723555
0.128305	7.310269
0.128515	6.868075
0.128725	6.398721
0.128934	5.904064
0.129144	5.386060
0.129354	4.846757
0.129563	4.288288
0.129773	3.712861
0.129982	3.122752
0.130192	2.520293
0.130402	1.907869
0.130611	1.287900
0.130821	0.662838
0.131031	0.035155
0.131240	-0.592667
0.131450	-1.218146
0.131660	-1.838807
0.131869	-2.452197
0.132079	-3.055890
0.132289	-3.647499
0.132498	-4.224683
0.132708	-4.785162
0.132918	-5.326717
0.133127	-5.847209
0.133337	-6.344578
0.133547	-6.816858
0.133756	-7.262180
0.133966	-7.678785
0.134175	-8.065025
0.134385	-8.419372
0.134595	-8.740425
0.134804	-9.026914
0.135014	-9.277707
0.135224	-9.491812
0.135433	-9.668382
0.135643	-9.806719
0.135853	-9.906276
0.136062	-9.966659
0.136272	-9.987629
0.136482	-9.969104
0.136691	-9.911156
0.136901	-9.814016
0.137111	-9.678066
0.137320	-9.503845
0.137530	-9.292041
0.137739	-9.043493
0.137949	-8.759183
0.138159	-8.440235
0.138368	-8.087910
0.138578	-7.703603
0.138788	-7.288831
0.138997	-6.845237
0.139207	-6.374573
0.139417	-5.878702
0.139626	-5.359584
0.139836	-4.819271
0.140046	-4.259901
0.140255	-3.683685
0.140465	-3.092902
0.140675	-2.489889
0.140884	-1.877029
0.141094	-1.256747
0.141304	-0.631495
0.141513	-0.003746
0.141723	0.624018
0.141932	1.249314
0.142142	1.869670
0.142352	2.482632
0.142561	3.085777
0.142771	3.676720
0.142981	4.253123
0.143190	4.812707
0.143400	5.353260
0.143610	5.872643
0.143819	6.368804
0.144029	6.839779
0.144239	7.283707
0.144448	7.698832
0.144658	8.083512
0.144868	8.436226
0.145077	8.755580
0.145287	9.040311
0.145497	9.289292
0.145706	9.501539
0.145916	9.676212
0.146125	9.812622
0.146335	9.910228
0.146545	9.968645
0.146754	9.987641
0.146964	9.967141
0.147174	9.907227
0.147383	9.808136
0.147593	9.670259
0.147803	9.494141
0.148012	9.280479
0.148222	9.030118
0.148432	8.744048
0.148641	8.423400
0.148851	8.069442
0.149061	7.683574
0.149270	7.267322
0.149480	6.822332
0.149689	6.350363
0.149899	5.853281
0.150109	5.333054
0.150318	4.791737
0.150528	4.231471
0.150738	3.654473
0.150947	3.063022
0.151157	2.459460
0.151367	1.846171
0.151576	1.225582
0.151786	0.600147
0.151996	-0.027662
0.152205	-0.655362
0.152415	-1.280469
0.152625	-1.900514
0.152834	-2.513043
0.153044	-3.115634
0.153254	-3.705904
0.153463	-4.281520
0.153673	-4.840205
0.153882	-5.379749
0.154092	-5.898019
0.154302	-6.392966
0.154511	-6.862633
0.154721	-7.305161
0.154931	-7.718802
0.155140	-8.101919
0.155350	-8.452997
0.155560	-8.770649
0.155769	-9.053617
0.155979	-9.300784
0.156189	-9.511171
0.156398	-9.683947
0.156608	-9.818427
0.156818	-9.914082
0.157027	-9.970532
0.157237	-9.987554
0.157447	-9.965080
0.157656	-9.903201
0.157866	-9.802159
0.158075	-9.662356
0.158285	-9.484343
0.158495	-9.268825
0.158704	-9.016654
0.158914	-8.728827
0.159124	-8.406482
0.159333	-8.050895
0.159543	-7.663470
0.159753	-7.245741
0.159962	-6.799359
0.160172	-6.326089
0.160382	-5.827803
0.160591	-5.306471
0.160801	-4.764156
0.161011	-4.203000
0.161220	-3.625224
0.161430	-3.033112
0.161640	-2.429006
0.161849	-1.815295
0.162059	-1.194405
0.162268	-0.568792
0.162478	0.059070
0.162688	0.686699
0.162897	1.311612
0.163107	1.931339
0.163317	2.543428
0.163526	3.145459
0.163736	3.735052
0.163946	4.309875
0.164155	4.867654
0.164365	5.406185
0.164575	5.923337
0.164784	6.417066
0.164994	6.885419
0.165204	7.326544
0.165413	7.738696
0.165623	8.120246
0.165832	8.469685
0.166042	8.785631
0.166252	9.066835
0.166461	9.312184
0.166671	9.520709
0.166881	9.691585
0.167090	9.824136
0.167300	9.917838
0.167510	9.972321
0.167719	9.987368
0.167929	9.962921
0.168139	9.899076
0.168348	9.796086
0.168558	9.654357
0.168768	9.474451
0.168977	9.257079
0.169187	9.003101
0.169397	8.713519
0.169606	8.389481
0.169816	8.032267
0.170025	7.643290
0.170235	7.224088
0.170445	6.776319
0.170654	6.301753
0.170864	5.802267
0.171074	5.279836
0.171283	4.736527
0.171493	4.174487
0.171703	3.595940
0.171912	3.003172
0.172122	2.398529
0.172332	1.784401
0.172541	1.163216
0.172751	0.537432
0.172961	-0.090478
0.173170	-0.718030
0.173380	-1.342742
0.173590	-1.962145
0.173799	-2.573789
0.174009	-3.175254
0.174218	-3.764163
0.174428	-4.338187
0.174638	-4.895056
0.174847	-5.432568
0.175057	-5.948597
0.175267	-6.441102
0.175476	-6.908137
0.175686	-7.347853
0.175896	-7.758513
0.176105	-8.138493
0.176315	-8.486289
0.176525	-8.800526
0.176734	-9.079962
0.176944	-9.323493
0.177154	-9.530153
0.177363	-9.699128
0.177573	-9.829748
0.177782	-9.921496
0.177992	-9.974011
0.178202	-9.987083
0.178411	-9.960663
0.178621	-9.894853
0.178831	-9.789915
0.179040	-9.646264
0.179250	-9.464466
0.179460	-9.245242
0.179669	-8.989458
0.179879	-8.698126
0.180089	-8.372397
0.180298	-8.013561
0.180508	-7.623035
0.180718	-7.202364
0.180927	-6.753212
0.181137	-6.277354
0.181347	-5.776674
0.181556	-5.253149
0.181766	-4.708852
0.181975	-4.145933
0.182185	-3.566620
0.182395	-2.973202
0.182604	-2.368028
0.182814	-1.753489
0.183024	-1.132016
0.183233	-0.506066
0.183443	0.121885
0.183653	0.749354
0.183862	1.373859
0.184072	1.992932
0.184282	2.604123
0.184491	3.205017
0.184701	3.793237
0.184911	4.366457
0.185120	4.922409
0.185330	5.458897
0.185540	5.973797
0.185749	6.465075
0.185959	6.930786
0.186168	7.369090
0.186378	7.778254
0.186588	8.156659
0.186797	8.502808
0.187007	8.815334
0.187217	9.093000
0.187426	9.334709
0.187636	9.539503
0.187846	9.706575
0.188055	9.835262
0.188265	9.925056
0.188475	9.975602
0.188684	9.986700
0.188894	9.958306
0.189104	9.890533
0.189313	9.783648
0.189523	9.638074
0.189732	9.454387
0.189942	9.233313
0.190152	8.975727
0.190361	8.682646
0.190571	8.355231
0.190781	7.994775
0.190990	7.602704
0.191200	7.180568
0.191410	6.730038
0.191619	6.252894
0.191829	5.751023
0.192039	5.226410
0.192248	4.681130
0.192458	4.117338
0.192668	3.537265
0.192877	2.943203
0.193087	2.337503
0.193297	1.722559
0.193506	1.100804
0.193716	0.474695
0.193925	-0.153290
0.194135	-0.780670
0.194345	-1.404962
0.194554	-2.023699
0.194764	-2.634433
0.194974	-3.234749
0.195183	-3.822273
0.195393	-4.394683
0.195603	-4.949714
0.195812	-5.485172
0.196022	-5.998939
0.196232	-6.488983
0.196441	-6.953367
0.196651	-7.390255
0.196861	-7.797918
0.197070	-8.174744
0.197280	-8.519244
0.197490	-8.830055
0.197699	-9.105948
0.197909	-9.345832
0.198118	-9.548759
0.198328	-9.713926
0.198538	-9.840679
0.198747	-9.928518
0.198957	-9.977095
0.199167	-9.986218
0.199376	-9.955851
0.199586	-9.886115
0.199796	-9.777284
0.200005	-9.629790
0.200215	-9.444215
0.200425	-9.221293
0.200634	-8.961907
0.200844	-8.667081
0.201054	-8.337981
0.201263	-7.975909
0.201473	-7.582298
0.201682	-7.158702
0.201892	-6.706798
0.202102	-6.228372
0.202311	-5.725316
0.202521	-5.199619
0.202731	-4.653362
0.202940	-4.088702
0.203150	-3.507874
0.203360	-2.913175
0.203569	-2.306955
0.203779	-1.691613
0.203989	-1.069581
0.204198	-0.443320
0.204408	0.184694
0.204618	0.811978
0.204827	1.436051
0.205037	2.054446
0.205247	2.664716
0.205456	3.264448
0.205666	3.851272
0.205875	4.422866
0.206085	4.976970
0.206295	5.511393
0.206504	6.024021
0.206714	6.512827
0.206924	6.975879
0.207133	7.411346
0.207343	7.817504
0.207553	8.192749
0.207762	8.535595
0.207972	8.844689
0.208182	9.118806
0.208391	9.356864
0.208601	9.557920
0.208811	9.721180
0.209020	9.845999
0.209230	9.931881
0.209440	9.978489
