0.000000	0.000000
0.020965	9.980363
0.041930	9.921393
0.062895	9.823190
0.083860	9.686141
0.104825	9.510790
0.125789	9.297828
0.146754	9.048098
0.167719	8.762589
0.188684	8.442428
0.209649	8.088882
0.230614	7.703349
0.251579	7.287354
0.272544	6.842541
0.293509	6.370669
0.314474	5.873606
0.335439	5.353315
0.356404	4.811855
0.377368	4.251367
0.398333	3.674067
0.419298	3.082238
0.440263	2.478220
0.461228	1.864403
0.482193	1.243213
0.503158	0.617106
0.524123	-0.011441
0.545088	-0.639942
0.566053	-1.265913
0.587018	-1.886878
0.607983	-2.500381
0.628947	-3.103997
0.649912	-3.695338
0.670877	-4.272066
0.691842	-4.831900
0.712807	-5.372627
0.733772	-5.892108
0.754737	-6.388290
0.775702	-6.859209
0.796667	-7.303003
0.817632	-7.717919
0.838597	-8.102314
0.859562	-8.454669
0.880526	-8.773591
0.901491	-9.057817
0.922456	-9.306226
0.943421	-9.517833
0.964386	-9.691802
0.985351	-9.827446
1.006316	-9.924228
1.027281	-9.981765
1.048246	-9.999829
1.069211	-9.978350
1.090176	-9.917412
1.111141	-9.817256
1.132105	-9.678278
1.153070	-9.501028
1.174035	-9.286207
1.195000	-9.034664
1.215965	-8.747394
1.236930	-8.425533
1.257895	-8.070353
1.278860	-7.683260
1.299825	-7.265783
1.320790	-6.819575
1.341755	-6.346399
1.362720	-5.848126
1.383684	-5.326727
1.404649	-4.784264
1.425614	-4.222882
1.446579	-3.644801
1.467544	-3.052307
1.488509	-2.447742
1.509474	-1.833498
1.530439	-1.212003
1.551404	-0.585716
1.572369	0.042887
1.593334	0.671321
1.614299	1.297101
1.635263	1.917750
1.656228	2.530817
1.677193	3.133875
1.698158	3.724540
1.719123	4.300478
1.740088	4.859409
1.761053	5.399123
1.782018	5.917488
1.802983	6.412451
1.823948	6.882058
1.844913	7.324449
1.865878	7.737876
1.886842	8.120705
1.907807	8.471420
1.928772	8.788636
1.949737	9.071097
1.970702	9.317688
1.991667	9.527432
2.012632	9.699500
2.033597	9.833212
2.054562	9.928039
2.075527	9.983607
2.096492	9.999694
2.117457	9.976239
2.138421	9.913333
2.159386	9.811225
2.180351	9.670320
2.201316	9.491173
2.222281	9.274494
2.243246	9.021140
2.264211	8.732112
2.285176	8.408554
2.306141	8.051744
2.327106	7.663094
2.348071	7.244141
2.369036	6.796541
2.390000	6.322065
2.410965	5.822589
2.431930	5.300087
2.452895	4.756626
2.473860	4.194356
2.494825	3.615499
2.515790	3.022345
2.536755	2.417240
2.557720	1.802575
2.578685	1.180782
2.599650	0.554320
2.620614	-0.074334
2.641579	-0.702694
2.662544	-1.328275
2.683509	-1.948604
2.704474	-2.561227
2.725439	-3.163722
2.746404	-3.753706
2.767369	-4.328847
2.788334	-4.886869
2.809299	-5.425566
2.830264	-5.942808
2.851229	-6.436550
2.872193	-6.904839
2.893158	-7.345822
2.914123	-7.757758
2.935088	-8.139015
2.956053	-8.488087
2.977018	-8.803594
2.997983	-9.084287
3.018948	-9.329057
3.039913	-9.536936
3.060878	-9.707101
3.081843	-9.838881
3.102808	-9.931753
3.123772	-9.985350
3.144737	-9.999461
3.165702	-9.974029
3.186667	-9.909156
3.207632	-9.805097
3.228597	-9.662265
3.249562	-9.481224
3.270527	-9.262690
3.291492	-9.007527
3.312457	-8.716744
3.333422	-8.391492
3.354387	-8.033056
3.375351	-7.642853
3.396316	-7.222427
3.417281	-6.773441
3.438246	-6.297669
3.459211	-5.796994
3.480176	-5.273394
3.501141	-4.728941
3.522106	-4.165788
3.543071	-3.586162
3.564036	-2.992354
3.585001	-2.386713
3.605966	-1.771634
3.626930	-1.149550
3.647895	-0.522919
3.668860	0.105779
3.689825	0.734060
3.710790	1.359437
3.731755	1.979439
3.752720	2.591613
3.773685	3.193538
3.794650	3.782835
3.815615	4.357173
3.836580	4.914281
3.857545	5.451955
3.878509	5.968070
3.899474	6.460585
3.920439	6.927551
3.941404	7.367123
3.962369	7.777562
3.983334	8.157245
4.004299	8.504671
4.025264	8.818465
4.046229	9.097388
4.067194	9.340335
4.088159	9.546346
4.109124	9.714607
4.130088	9.844452
4.151053	9.935368
4.172018	9.986994
4.192983	9.999128
4.213948	9.971721
4.234913	9.904881
4.255878	9.798873
4.276843	9.654115
4.297808	9.471181
4.318773	9.250794
4.339738	8.993825
4.360703	8.701290
4.381667	8.374347
4.402632	8.014288
4.423597	7.622536
4.444562	7.200642
4.465527	6.750273
4.486492	6.273211
4.507457	5.771341
4.528422	5.246649
4.549387	4.701210
4.570352	4.137179
4.591317	3.556789
4.612282	2.962333
4.633246	2.356163
4.654211	1.740676
4.675176	1.118306
4.696141	0.491513
4.717106	-0.137224
4.738071	-0.765418
4.759036	-1.390585
4.780001	-2.010253
4.800966	-2.621972
4.821931	-3.223323
4.842896	-3.811926
4.863860	-4.385456
4.884825	-4.941644
4.905790	-5.478290
4.926755	-5.993273
4.947720	-6.484555
4.968685	-6.950195
4.989650	-7.388351
5.010615	-7.797290
5.031580	-8.175395
5.052545	-8.521170
5.073510	-8.833249
5.094475	-9.110398
5.115439	-9.351520
5.136404	-9.555662
5.157369	-9.722017
5.178334	-9.849926
5.199299	-9.938884
5.220264	-9.988540
5.241229	-9.998696
5.262194	-9.969314
5.283159	-9.900508
5.304124	-9.792551
5.325089	-9.645870
5.346054	-9.461045
5.367018	-9.238806
5.387983	-8.980034
5.408948	-8.685750
5.429913	-8.357119
5.450878	-7.995440
5.471843	-7.602144
5.492808	-7.178785
5.513773	-6.727039
5.534738	-6.248690
5.555703	-5.745632
5.576668	-5.219852
5.597633	-4.673431
5.618597	-4.108530
5.639562	-3.527381
5.660527	-2.932283
5.681492	-2.325590
5.702457	-1.709701
5.723422	-1.087050
5.744387	-0.460101
5.765352	0.168667
5.786317	0.796769
5.807282	1.421720
5.828247	2.041048
5.849212	2.652306
5.870176	3.253075
5.891141	3.840980
5.912106	4.413696
5.933071	4.968958
5.954036	5.504571
5.975001	6.018416
5.995966	6.508462
6.016931	6.972771
6.037896	7.409506
6.058861	7.816940
6.079826	8.193463
6.100791	8.537585
6.121755	8.847946
6.142720	9.123318
6.163685	9.362613
6.184650	9.564883
6.205615	9.729330
6.226580	9.855302
6.247545	9.942303
6.268510	9.989987
6.289475	9.998166
6.310440	9.966808
6.331405	9.896037
6.352370	9.786132
6.373334	9.637529
6.394299	9.450815
6.415264	9.226728
6.436229	8.966154
6.457194	8.670124
6.478159	8.339809
6.499124	7.976514
6.520089	7.581677
6.541054	7.156858
6.562019	6.703738
6.582984	6.224108
6.603949	5.719865
6.624913	5.193004
6.645878	4.645607
6.666843	4.079839
6.687808	3.497938
6.708773	2.902204
6.729738	2.294994
6.750703	1.678708
6.771668	1.055784
6.792633	0.428685
6.813598	-0.200109
6.834563	-0.828112
6.855528	-1.452840
6.876492	-2.071823
6.897457	-2.682613
6.918422	-3.282795
6.939387	-3.869996
6.960352	-4.441892
6.981317	-4.996224
7.002282	-5.530798
7.023247	-6.043500
7.044212	-6.532305
7.065177	-6.995277
7.086142	-7.430587
7.107107	-7.836513
7.128071	-8.211451
7.149036	-8.553916
7.170001	-8.862555
7.190966	-9.136148
7.211931	-9.373613
7.232896	-9.574010
7.253861	-9.736547
7.274826	-9.860582
7.295791	-9.945623
7.316756	-9.991335
7.337721	-9.997537
7.358685	-9.964204
7.379650	-9.891468
7.400615	-9.779617
7.421580	-9.629093
7.442545	-9.440491
7.463510	-9.214557
7.484475	-8.952185
7.505440	-8.654412
7.526405	-8.322416
7.547370	-7.957509
7.568335	-7.561134
7.589300	-7.134859
7.610264	-6.680370
7.631229	-6.199464
7.652194	-5.694043
7.673159	-5.166104
7.694124	-4.617737
7.715089	-4.051108
7.736054	-3.468460
7.757019	-2.872097
7.777984	-2.264375
7.798949	-1.647700
7.819914	-1.024508
7.840879	-0.397265
7.861843	0.231549
7.882808	0.859447
7.903773	1.483946
7.924738	2.102578
7.945703	2.712894
7.966668	3.312483
7.987633	3.898973
8.008598	4.470044
8.029563	5.023439
8.050528	5.556969
8.071493	6.068525
8.092458	6.556082
8.113422	7.017714
8.134387	7.451595
8.155352	7.856009
8.176317	8.229357
8.197282	8.570162
8.218247	8.877077
8.239212	9.148888
8.260177	9.384520
8.281142	9.583042
8.302107	9.743668
8.323072	9.865763
8.344037	9.948845
8.365001	9.992584
8.385966	9.996809
8.406931	9.961501
8.427896	9.886801
8.448861	9.773005
8.469826	9.620562
8.490791	9.430074
8.511756	9.202296
8.532721	8.938128
8.553686	8.638615
8.574651	8.304941
8.595616	7.938425
8.616580	7.540517
8.637545	7.112791
8.658510	6.656937
8.679475	6.174759
8.700440	5.668163
8.721405	5.139153
8.742370	4.589821
8.763335	4.022338
8.784300	3.438949
8.805265	2.841961
8.826230	2.233734
8.847195	1.616674
8.868159	0.993222
8.889124	0.365841
8.910089	-0.262986
8.931054	-0.890773
8.952019	-1.515038
8.972984	-2.133311
8.993949	-2.743148
9.014914	-3.342138
9.035879	-3.927912
9.056844	-4.498152
9.077809	-5.050606
9.098774	-5.583086
9.119738	-6.093489
9.140703	-6.579795
9.161668	-7.040082
9.182633	-7.472529
9.203598	-7.875427
9.224563	-8.247182
9.245528	-8.586323
9.266493	-8.891511
9.287458	-9.161537
9.308423	-9.395335
9.329388	-9.591979
9.350353	-9.750692
9.371317	-9.870847
9.392282	-9.951968
9.413247	-9.993735
9.434212	-9.995982
9.455177	-9.958700
9.476142	-9.882037
9.497107	-9.766296
9.518072	-9.611935
9.539037	-9.419564
9.560002	-9.189944
9.580967	-8.923983
9.601932	-8.622732
9.622896	-8.287383
9.643861	-7.919262
9.664826	-7.519825
9.685791	-7.090651
9.706756	-6.633438
9.727721	-6.149993
9.748686	-5.642228
9.769651	-5.112151
9.790616	-4.561859
9.811581	-3.993527
9.832546	-3.409403
9.853510	-2.811796
9.874475	-2.203071
9.895440	-1.585633
9.916405	-0.961925
9.937370	-0.334414
9.958335	0.294421
9.979300	0.922090
10.000265	1.546114
10.021230	2.164023
10.042195	2.773375
10.063160	3.371760
10.084125	3.956812
10.105089	4.526216
10.126054	5.077722
10.147019	5.609148
10.167984	6.118393
10.188949	6.603443
10.209914	7.062380
10.230879	7.493390
10.251844	7.894767
10.272809	8.264925
10.293774	8.602400
10.314739	8.905857
10.335704	9.174096
10.356668	9.406056
10.377633	9.600821
10.398598	9.757620
10.419563	9.875834
10.440528	9.954993
10.461493	9.994786
10.482458	9.995056
10.503423	9.955800
10.524388	9.877175
10.545353	9.759491
10.566318	9.603214
10.587283	9.408961
10.608247	9.177501
10.629212	8.909749
10.650177	8.606764
10.671142	8.269744
10.692107	7.900022
10.713072	7.499059
10.734037	7.068442
10.755002	6.609873
10.775967	6.125166
10.796932	5.616237
10.817897	5.085099
10.838862	4.533853
10.859826	3.964677
10.880791	3.379823
10.901756	2.781604
10.922721	2.172386
10.943686	1.554576
10.964651	0.930619
10.985616	0.302983
11.006581	-0.325852
11.027546	-0.953399
11.048511	-1.577175
11.069476	-2.194715
11.090441	-2.803575
11.111405	-3.401349
11.132370	-3.985672
11.153335	-4.554235
11.174300	-5.104788
11.195265	-5.635154
11.216230	-6.143236
11.237195	-6.627026
11.258160	-7.084609
11.279125	-7.514176
11.300090	-7.914029
11.321055	-8.282587
11.342020	-8.618391
11.362984	-8.920114
11.383949	-9.186564
11.404914	-9.416685
11.425879	-9.609569
11.446844	-9.764452
11.467809	-9.880722
11.488774	-9.957920
11.509739	-9.995739
11.530704	-9.994031
11.551669	-9.952802
11.572634	-9.872215
11.593599	-9.752589
11.614563	-9.594397
11.635528	-9.398264
11.656493	-9.164967
11.677458	-8.895427
11.698423	-8.590711
11.719388	-8.252023
11.740353	-7.880703
11.761318	-7.478219
11.782283	-7.046163
11.803248	-6.586243
11.824213	-6.100279
11.845178	-5.590191
11.866142	-5.057997
11.887107	-4.505801
11.908072	-3.935788
11.929037	-3.350210
11.950002	-2.751385
11.970967	-2.141679
11.991932	-1.523504
12.012897	-0.899304
12.033862	-0.271549
12.054827	0.357281
12.075792	0.984698
12.096756	1.608221
12.117721	2.225384
12.138686	2.833747
12.159651	3.430904
12.180616	4.014494
12.201581	4.582209
12.222546	5.131803
12.243511	5.661104
12.264476	6.168019
12.285441	6.650543
12.306406	7.106767
12.327371	7.534888
12.348335	7.933213
12.369300	8.300166
12.390265	8.634297
12.411230	8.934284
12.432195	9.198941
12.453160	9.427221
12.474125	9.618221
12.495090	9.771187
12.516055	9.885513
12.537020	9.960748
12.557985	9.996593
12.578950	9.992907
12.599914	9.949705
12.620879	9.867158
12.641844	9.745591
12.662809	9.585486
12.683774	9.387475
12.704739	9.152342
12.725704	8.881017
12.746669	8.574573
12.767634	8.234220
12.788599	7.861306
12.809564	7.457305
12.830529	7.023814
12.851493	6.562548
12.872458	6.075331
12.893423	5.564089
12.914388	5.030844
12.935353	4.477705
12.956318	3.906859
12.977283	3.320564
12.998248	2.721138
13.019213	2.110951
13.040178	1.492417
13.061143	0.867980
13.082108	0.240112
13.103072	-0.388706
13.124037	-1.015987
13.145002	-1.639250
13.165967	-2.256031
13.186932	-2.863891
13.207897	-3.460425
13.228862	-4.043276
13.249827	-4.610137
13.270792	-5.158768
13.291757	-5.686999
13.312722	-6.192741
13.333687	-6.673994
13.354651	-7.128855
13.375616	-7.555526
13.396581	-7.952318
13.417546	-8.317664
13.438511	-8.650118
13.459476	-8.948365
13.480441	-9.211227
13.501406	-9.437663
13.522371	-9.626778
13.543336	-9.777825
13.564301	-9.890207
13.585266	-9.963477
13.606230	-9.997348
13.627195	-9.991685
13.648160	-9.946510
13.669125	-9.862003
13.690090	-9.738496
13.711055	-9.576479
13.732020	-9.376593
13.752985	-9.139627
13.773950	-8.866520
13.794915	-8.558350
13.815880	-8.216336
13.836845	-7.841831
13.857809	-7.436317
13.878774	-7.001396
13.899739	-6.538788
13.920704	-6.050323
13.941669	-5.537932
13.962634	-5.003642
13.983599	-4.449565
14.004564	-3.877892
14.025529	-3.290885
14.046494	-2.690864
14.067459	-2.080202
14.088424	-1.461315
14.109388	-0.836648
14.130353	-0.208673
14.151318	0.420127
14.172283	1.047266
14.193248	1.670264
14.214213	2.286656
14.235178	2.894006
14.256143	3.489912
14.277108	4.072017
14.298073	4.638020
14.319038	5.185682
14.340003	5.712837
14.360967	6.217401
14.381932	6.697379
14.402897	7.150873
14.423862	7.576088
14.444827	7.971345
14.465792	8.335079
14.486757	8.665853
14.507722	8.962358
14.528687	9.223422
14.549652	9.448012
14.570617	9.635241
14.591581	9.784367
14.612546	9.894802
14.633511	9.966108
14.654476	9.998004
14.675441	9.990364
14.696406	9.943217
14.717371	9.856750
14.738336	9.731305
14.759301	9.567379
14.780266	9.365618
14.801231	9.126822
14.822196	8.851934
14.843160	8.542042
14.864125	8.198371
14.885090	7.822279
14.906055	7.415255
14.927020	6.978908
14.947985	6.514963
14.968950	6.025255
14.989915	5.511720
15.010880	4.976390
15.031845	4.421381
15.052810	3.848887
15.073775	3.261174
15.094739	2.660564
15.115704	2.049433
15.136669	1.430198
15.157634	0.805307
15.178599	0.177232
15.199564	-0.451544
15.220529	-1.078535
15.241494	-1.701261
15.262459	-2.317259
15.283424	-2.924093
15.304389	-3.519365
15.325354	-4.100719
15.346318	-4.665857
15.367283	-5.212544
15.388248	-5.738619
15.409213	-6.242000
15.430178	-6.720698
15.451143	-7.172820
15.472108	-7.596576
15.493073	-7.990293
15.514038	-8.352412
15.535003	-8.681502
15.555968	-8.976262
15.576933	-9.235525
15.597897	-9.458267
15.618862	-9.643607
15.639827	-9.790812
15.660792	-9.899300
15.681757	-9.968641
15.702722	-9.998562
15.723687	-9.988944
15.744652	-9.939825
15.765617	-9.851400
15.786582	-9.724018
15.807547	-9.558183
15.828512	-9.354551
15.849476	-9.113926
15.870441	-8.837261
15.891406	-8.525650
15.912371	-8.180324
15.933336	-7.802650
15.954301	-7.394120
15.975266	-6.956351
15.996231	-6.491074
16.017196	-6.000128
16.038161	-5.485454
16.059126	-4.949089
16.080091	-4.393153
16.101055	-3.819844
16.122020	-3.231430
16.142985	-2.630237
16.163950	-2.018644
16.184915	-1.399067
16.205880	-0.773958
16.226845	-0.145789
16.247810	0.482957
16.268775	1.109793
16.289740	1.732241
16.310705	2.347838
16.331670	2.954151
16.352634	3.548782
16.373599	4.129380
16.394564	4.693648
16.415529	5.239355
16.436494	5.764344
16.457459	6.266538
16.478424	6.743951
16.499389	7.194695
16.520354	7.616989
16.541319	8.009162
16.562284	8.369662
16.583249	8.697066
16.604213	8.990077
16.625178	9.247538
16.646143	9.468429
16.667108	9.651879
16.688073	9.797160
16.709038	9.903699
16.730003	9.971075
16.750968	9.999020
16.771933	9.987425
16.792898	9.936335
16.813863	9.845953
16.834827	9.716635
16.855792	9.548893
16.876757	9.343391
16.897722	9.100940
16.918687	8.822501
16.939652	8.509173
16.960617	8.162197
16.981582	7.782943
17.002547	7.372913
17.023512	6.933726
17.044477	6.467120
17.065442	5.974941
17.086406	5.459134
17.107371	4.921739
17.128336	4.364881
17.149301	3.790763
17.170266	3.201654
17.191231	2.599885
17.212196	1.987834
17.233161	1.367923
17.254126	0.742602
17.275091	0.114345
17.296056	-0.514365
17.317021	-1.141040
17.337985	-1.763203
17.358950	-2.378394
17.379915	-2.984180
17.400880	-3.578165
17.421845	-4.158000
17.442810	-4.721392
17.463775	-5.266114
17.484740	-5.790012
17.505705	-6.291013
17.526670	-6.767137
17.547635	-7.216500
17.568600	-7.637326
17.589564	-8.027951
17.610529	-8.386830
17.631494	-8.712543
17.652459	-9.003804
17.673424	-9.259459
17.694389	-9.478498
17.715354	-9.660055
17.736319	-9.803411
17.757284	-9.908001
17.778249	-9.973410
17.799214	-9.999380
17.820179	-9.985808
17.841143	-9.932747
17.862108	-9.840408
17.883073	-9.709155
17.904038	-9.539509
17.925003	-9.332138
17.945968	-9.087865
17.966933	-8.807653
17.987898	-8.492613
18.008863	-8.143989
18.029828	-7.763160
18.050793	-7.351632
18.071758	-6.911032
18.092722	-6.443103
18.113687	-5.949695
18.134652	-5.432759
18.155617	-4.894340
18.176582	-4.336567
18.197547	-3.761644
18.218512	-3.171847
18.239477	-2.569506
18.260442	-1.957005
18.281407	-1.336765
18.302372	-0.711238
18.323337	-0.082899
18.344301	0.545767
18.365266	1.172276
18.386231	1.794149
18.407196	2.408927
18.428161	3.014179
18.449126	3.607512
18.470091	4.186579
18.491056	4.749090
18.512021	5.292821
18.532986	5.815622
18.553951	6.315426
18.574916	6.790256
18.595880	7.238234
18.616845	7.657588
18.637810	8.046661
18.658775	8.403914
18.679740	8.727935
18.700705	9.017441
18.721670	9.271288
18.742635	9.488472
18.763600	9.668135
18.784565	9.809566
18.805530	9.912205
18.826495	9.975647
18.847459	9.999641
18.868424	9.984091
18.889389	9.929060
18.910354	9.834766
18.931319	9.701580
18.952284	9.530030
18.973249	9.320794
18.994214	9.074699
19.015179	8.792719
19.036144	8.475968
19.057109	8.125700
19.078074	7.743299
19.099038	7.330278
19.120003	6.888270
19.140968	6.419022
19.161933	5.924390
19.182898	5.406331
19.203863	4.866893
19.224828	4.308209
19.245793	3.732489
19.266758	3.142008
19.287723	2.539103
19.308688	1.926157
19.329652	1.305593
19.350617	0.679868
19.371582	0.051453
19.392547	-0.577165
19.413512	-1.203500
19.434477	-1.825077
19.455442	-2.439436
19.476407	-3.044148
19.497372	-3.636823
19.518337	-4.215116
19.539302	-4.776741
19.560267	-5.319476
19.581231	-5.841176
19.602196	-6.339777
19.623161	-6.813307
19.644126	-7.259895
19.665091	-7.677774
19.686056	-8.065292
19.707021	-8.420916
19.727986	-8.743240
19.748951	-9.030989
19.769916	-9.283026
19.790881	-9.498353
19.811846	-9.676120
19.832810	-9.815623
19.853775	-9.916311
19.874740	-9.977785
19.895705	-9.999802
19.916670	-9.982276
19.937635	-9.925276
19.958600	-9.829026
19.979565	-9.693909
20.000530	-9.520457
20.021495	-9.309357
20.042460	-9.061444
20.063425	-8.777697
20.084389	-8.459240
20.105354	-8.107331
20.126319	-7.723362
20.147284	-7.308852
20.168249	-6.865439
20.189214	-6.394877
20.210179	-5.899027
20.231144	-5.379850
20.252109	-4.839398
20.273074	-4.279809
20.294039	-3.703296
20.315004	-3.112138
20.335968	-2.508674
20.356933	-1.895289
20.377898	-1.274409
20.398863	-0.648490
20.419828	-0.020006
20.440793	0.608556
20.461758	1.234713
20.482723	1.855986
20.503688	2.469921
20.524653	3.074088
20.545618	3.666099
20.566583	4.243612
20.587547	4.804344
20.608512	5.346078
20.629477	5.866671
20.650442	6.364065
20.671407	6.836292
20.692372	7.281485
20.713337	7.697885
20.734302	8.083843
20.755267	8.437834
20.776232	8.758458
20.797197	9.044448
20.818162	9.294672
20.839126	9.508140
20.860091	9.684009
20.881056	9.821583
20.902021	9.920318
20.922986	9.979824
20.943951	9.999865
