0.000000	0.000000
0.000001	0.073036
0.000002	0.145250
0.000003	0.216358
0.000004	0.286085
0.000005	0.354158
0.000006	0.420312
0.000007	0.484289
0.000008	0.545839
0.000009	0.604724
0.000010	0.660714
0.000012	0.713591
0.000013	0.763149
0.000014	0.809197
0.000015	0.851557
0.000016	0.890063
0.000017	0.924567
0.000018	0.954937
0.000019	0.981056
0.000020	1.002823
0.000021	1.020157
0.000022	1.032992
0.000023	1.041281
0.000024	1.044995
0.000025	1.044121
0.000026	1.038668
0.000027	1.028659
0.000028	1.014138
0.000029	0.995165
0.000030	0.971819
0.000031	0.944194
0.000032	0.912405
0.000034	0.876578
0.000035	0.836860
0.000036	0.793410
0.000037	0.746403
0.000038	0.696029
0.000039	0.642489
0.000040	0.585998
0.000041	0.526782
0.000042	0.465080
0.000043	0.401137
0.000044	0.335209
0.000045	0.267561
0.000046	0.198462
0.000047	0.128188
0.000048	0.057021
0.000049	-0.014755
0.000050	-0.086854
0.000051	-0.158989
0.000052	-0.230870
0.000053	-0.302210
0.000055	-0.372726
0.000056	-0.442136
0.000057	-0.510161
0.000058	-0.576531
0.000059	-0.640981
0.000060	-0.703253
0.000061	-0.763098
0.000062	-0.820277
0.000063	-0.874561
0.000064	-0.925733
0.000065	-0.973589
0.000066	-1.017936
0.000067	-1.058596
0.000068	-1.095407
0.000069	-1.128219
0.000070	-1.156902
0.000071	-1.181339
0.000072	-1.201431
0.000073	-1.217097
0.000074	-1.228271
0.000075	-1.234908
0.000077	-1.236979
0.000078	-1.234473
0.000079	-1.227399
0.000080	-1.215780
0.000081	-1.199662
0.000082	-1.179106
0.000083	-1.154191
0.000084	-1.125013
0.000085	-1.091686
0.000086	-1.054338
0.000087	-1.013116
0.000088	-0.968180
0.000089	-0.919706
0.000090	-0.867883
0.000091	-0.812915
0.000092	-0.755016
0.000093	-0.694414
0.000094	-0.631346
0.000095	-0.566059
0.000096	-0.498809
0.000097	-0.429861
0.000099	-0.359485
0.000100	-0.287958
0.000101	-0.215560
0.000102	-0.142575
0.000103	-0.069291
0.000104	0.004006
0.000105	0.077026
0.000106	0.149483
0.000107	0.221093
0.000108	0.291574
0.000109	0.360649
0.000110	0.428047
0.000111	0.493503
0.000112	0.556761
0.000113	0.617571
0.000114	0.675696
0.000115	0.730907
0.000116	0.782988
0.000117	0.831734
0.000118	0.876954
0.000120	0.918472
0.000121	0.956125
0.000122	0.989765
0.000123	1.019262
0.000124	1.044500
0.000125	1.065381
0.000126	1.081824
0.000127	1.093767
0.000128	1.101163
0.000129	1.103984
0.000130	1.102222
0.000131	1.095884
0.000132	1.084998
0.000133	1.069607
0.000134	1.049775
0.000135	1.025582
0.000136	0.997124
0.000137	0.964515
0.000138	0.927887
0.000139	0.887385
0.000140	0.843171
0.000142	0.795422
0.000143	0.744328
0.000144	0.690091
0.000145	0.632929
0.000146	0.573069
0.000147	0.510748
0.000148	0.446215
0.000149	0.379726
0.000150	0.311546
0.000151	0.241946
0.000152	0.171201
0.000153	0.099594
0.000154	0.027409
0.000155	-0.045068
0.000156	-0.117548
0.000157	-0.189743
0.000158	-0.261367
0.000159	-0.332136
0.000160	-0.401767
0.000161	-0.469984
0.000162	-0.536517
0.000164	-0.601101
0.000165	-0.663479
0.000166	-0.723403
0.000167	-0.780636
0.000168	-0.834949
0.000169	-0.886126
0.000170	-0.933965
0.000171	-0.978274
0.000172	-1.018878
0.000173	-1.055613
0.000174	-1.088335
0.000175	-1.116912
0.000176	-1.141231
0.000177	-1.161193
0.000178	-1.176719
0.000179	-1.187746
0.000180	-1.194230
0.000181	-1.196144
0.000182	-1.193479
0.000183	-1.186244
0.000184	-1.174468
0.000186	-1.158195
0.000187	-1.137489
0.000188	-1.112430
0.000189	-1.083117
0.000190	-1.049664
0.000191	-1.012204
0.000192	-0.970882
0.000193	-0.925861
0.000194	-0.877319
0.000195	-0.825445
0.000196	-0.770445
0.000197	-0.712535
0.000198	-0.651942
0.000199	-0.588906
0.000200	-0.523674
0.000201	-0.456504
0.000202	-0.387661
0.000203	-0.317415
0.000204	-0.246043
0.000205	-0.173827
0.000207	-0.101051
0.000208	-0.028003
0.000209	0.045030
0.000210	0.117761
0.000211	0.189901
0.000212	0.261168
0.000213	0.331280
0.000214	0.399960
0.000215	0.466938
0.000216	0.531950
0.000217	0.594740
0.000218	0.655060
0.000219	0.712673
0.000220	0.767352
0.000221	0.818881
0.000222	0.867057
0.000223	0.911691
0.000224	0.952607
0.000225	0.989644
0.000226	1.022656
0.000227	1.051514
0.000229	1.076105
0.000230	1.096331
0.000231	1.112114
0.000232	1.123393
0.000233	1.130122
0.000234	1.132277
0.000235	1.129850
0.000236	1.122851
0.000237	1.111308
0.000238	1.095268
0.000239	1.074796
0.000240	1.049972
0.000241	1.020896
0.000242	0.987683
0.000243	0.950466
0.000244	0.909392
0.000245	0.864624
0.000246	0.816341
0.000247	0.764734
0.000248	0.710007
0.000249	0.652378
0.000251	0.592076
0.000252	0.529339
0.000253	0.464416
0.000254	0.397565
0.000255	0.329051
0.000256	0.259145
0.000257	0.188125
0.000258	0.116271
0.000259	0.043869
0.000260	-0.028794
0.000261	-0.101430
0.000262	-0.173752
0.000263	-0.245473
0.000264	-0.316309
0.000265	-0.385978
0.000266	-0.454205
0.000267	-0.520719
0.000268	-0.585257
0.000269	-0.647563
0.000270	-0.707390
0.000271	-0.764500
0.000273	-0.818668
0.000274	-0.869678
0.000275	-0.917328
0.000276	-0.961430
0.000277	-1.001808
0.000278	-1.038301
0.000279	-1.070766
0.000280	-1.099073
0.000281	-1.123109
0.000282	-1.142780
0.000283	-1.158006
0.000284	-1.168727
0.000285	-1.174900
0.000286	-1.176500
0.000287	-1.173521
0.000288	-1.165972
0.000289	-1.153885
0.000290	-1.137306
0.000291	-1.116299
0.000292	-1.090948
0.000294	-1.061353
0.000295	-1.027630
0.000296	-0.989911
0.000297	-0.948346
0.000298	-0.903097
0.000299	-0.854345
0.000300	-0.802281
0.000301	-0.747110
0.000302	-0.689050
0.000303	-0.628330
0.000304	-0.565191
0.000305	-0.499880
0.000306	-0.432656
0.000307	-0.363784
0.000308	-0.293537
0.000309	-0.222191
0.000310	-0.150028
0.000311	-0.077333
0.000312	-0.004393
0.000313	0.068504
0.000314	0.141070
0.000316	0.213018
0.000317	0.284065
0.000318	0.353930
0.000319	0.422338
0.000320	0.489017
0.000321	0.553705
0.000322	0.616147
0.000323	0.676095
0.000324	0.733314
0.000325	0.787577
0.000326	0.838670
0.000327	0.886392
0.000328	0.930555
0.000329	0.970983
0.000330	1.007518
0.000331	1.040015
0.000332	1.068347
0.000333	1.092401
0.000334	1.112084
0.000335	1.127317
0.000336	1.138041
0.000338	1.144213
0.000339	1.145810
0.000340	1.142825
0.000341	1.135272
0.000342	1.123179
0.000343	1.106596
0.000344	1.085588
0.000345	1.060238
0.000346	1.030648
0.000347	0.996934
0.000348	0.959231
0.000349	0.917687
0.000350	0.872468
0.000351	0.823752
0.000352	0.771733
0.000353	0.716616
0.000354	0.658619
0.000355	0.597974
0.000356	0.534919
0.000357	0.469704
0.000359	0.402588
0.000360	0.333836
0.000361	0.263720
0.000362	0.192518
0.000363	0.120513
0.000364	0.047988
0.000365	-0.024769
0.000366	-0.097469
0.000367	-0.169826
0.000368	-0.241552
0.000369	-0.312364
0.000370	-0.381982
0.000371	-0.450129
0.000372	-0.516537
0.000373	-0.580941
0.000374	-0.643088
0.000375	-0.702731
0.000376	-0.759634
0.000377	-0.813572
0.000378	-0.864330
0.000379	-0.911709
0.000381	-0.955520
0.000382	-0.995591
0.000383	-1.031761
0.000384	-1.063888
0.000385	-1.091845
0.000386	-1.115521
0.000387	-1.134822
0.000388	-1.149671
0.000389	-1.160009
0.000390	-1.165795
0.000391	-1.167007
0.000392	-1.163638
0.000393	-1.155703
0.000394	-1.143231
0.000395	-1.126273
0.000396	-1.104895
0.000397	-1.079181
0.000398	-1.049233
0.000399	-1.015169
0.000400	-0.977124
0.000401	-0.935247
0.000403	-0.889704
0.000404	-0.840675
0.000405	-0.788354
0.000406	-0.732946
0.000407	-0.674672
0.000408	-0.613761
0.000409	-0.550454
0.000410	-0.485001
0.000411	-0.417660
0.000412	-0.348698
0.000413	-0.278388
0.000414	-0.207006
0.000415	-0.134836
0.000416	-0.062161
0.000417	0.010729
0.000418	0.083549
0.000419	0.156009
0.000420	0.227824
0.000421	0.298709
0.000422	0.368385
0.000423	0.436577
0.000425	0.503014
0.000426	0.567434
0.000427	0.629584
0.000428	0.689216
0.000429	0.746096
0.000430	0.799999
0.000431	0.850712
0.000432	0.898034
0.000433	0.941779
0.000434	0.981773
0.000435	1.017860
0.000436	1.049896
0.000437	1.077754
0.000438	1.101326
0.000439	1.120517
0.000440	1.135252
0.000441	1.145474
0.000442	1.151141
0.000443	1.152232
0.000444	1.148742
0.000446	1.140686
0.000447	1.128095
0.000448	1.111019
0.000449	1.089527
0.000450	1.063702
0.000451	1.033649
0.000452	0.999484
0.000453	0.961345
0.000454	0.919381
0.000455	0.873760
0.000456	0.824661
0.000457	0.772278
0.000458	0.716820
0.000459	0.658506
0.000460	0.597565
0.000461	0.534241
0.000462	0.468782
0.000463	0.401448
0.000464	0.332506
0.000465	0.262228
0.000466	0.190893
0.000468	0.118782
0.000469	0.046181
0.000470	-0.026623
0.000471	-0.099342
0.000472	-0.171688
0.000473	-0.243375
0.000474	-0.314119
0.000475	-0.383640
0.000476	-0.451664
0.000477	-0.517921
0.000478	-0.582148
0.000479	-0.644093
0.000480	-0.703510
0.000481	-0.760163
0.000482	-0.813828
0.000483	-0.864294
0.000484	-0.911360
0.000485	-0.954841
0.000486	-0.994564
0.000487	-1.030371
0.000488	-1.062122
0.000490	-1.089690
0.000491	-1.112967
0.000492	-1.131860
0.000493	-1.146294
0.000494	-1.156212
0.000495	-1.161575
0.000496	-1.162362
0.000497	-1.158569
0.000498	-1.150211
0.000499	-1.137321
0.000500	-1.119950
0.000501	-1.098166
0.000502	-1.072056
0.000503	-1.041722
0.000504	-1.007285
0.000505	-0.968881
0.000506	-0.926660
0.000507	-0.880791
0.000508	-0.831454
0.000509	-0.778845
0.000510	-0.723171
0.000512	-0.664652
0.000513	-0.603520
0.000514	-0.540016
0.000515	-0.474392
0.000516	-0.406906
0.000517	-0.337826
0.000518	-0.267424
0.000519	-0.195979
0.000520	-0.123773
0.000521	-0.051092
0.000522	0.021777
0.000523	0.094546
0.000524	0.166927
0.000525	0.238634
0.000526	0.309385
0.000527	0.378898
0.000528	0.446899
0.000529	0.513120
0.000530	0.577299
0.000531	0.639181
0.000533	0.698523
0.000534	0.755090
0.000535	0.808658
0.000536	0.859015
0.000537	0.905963
0.000538	0.949315
0.000539	0.988901
0.000540	1.024564
0.000541	1.056164
0.000542	1.083574
0.000543	1.106688
0.000544	1.125413
0.000545	1.139676
0.000546	1.149420
0.000547	1.154607
0.000548	1.155216
0.000549	1.151246
0.000550	1.142712
0.000551	1.129647
0.000552	1.112104
0.000553	1.090152
0.000555	1.063878
0.000556	1.033386
0.000557	0.998796
0.000558	0.960246
0.000559	0.917887
0.000560	0.871888
0.000561	0.822431
0.000562	0.769710
0.000563	0.713936
0.000564	0.655327
0.000565	0.594117
0.000566	0.530547
0.000567	0.464869
0.000568	0.397342
0.000569	0.328234
0.000570	0.257819
0.000571	0.186373
0.000572	0.114181
0.000573	0.041527
0.000574	-0.031300
0.000575	-0.104014
0.000577	-0.176326
0.000578	-0.247950
0.000579	-0.318602
0.000580	-0.388005
0.000581	-0.455882
0.000582	-0.521966
0.000583	-0.585995
0.000584	-0.647715
0.000585	-0.706884
0.000586	-0.763266
0.000587	-0.816638
0.000588	-0.866790
0.000589	-0.913524
0.000590	-0.956653
0.000591	-0.996008
0.000592	-1.031433
0.000593	-1.062788
0.000594	-1.089948
0.000595	-1.112807
0.000596	-1.131273
0.000598	-1.145275
0.000599	-1.154755
0.000600	-1.159677
0.000601	-1.160022
0.000602	-1.155787
0.000603	-1.146990
0.000604	-1.133664
0.000605	-1.115864
0.000606	-1.093659
0.000607	-1.067137
0.000608	-1.036403
0.000609	-1.001577
0.000610	-0.962799
0.000611	-0.920221
0.000612	-0.874011
0.000613	-0.824353
0.000614	-0.771442
0.000615	-0.715488
0.000616	-0.656712
0.000617	-0.595345
0.000618	-0.531632
0.000620	-0.465824
0.000621	-0.398180
0.000622	-0.328969
0.000623	-0.258464
0.000624	-0.186944
0.000625	-0.114691
0.000626	-0.041992
0.000627	0.030867
0.000628	0.103597
0.000629	0.175910
0.000630	0.247522
0.000631	0.318148
0.000632	0.387509
0.000633	0.455332
0.000634	0.521348
0.000635	0.585295
0.000636	0.646922
0.000637	0.705985
0.000638	0.762249
0.000639	0.815493
0.000640	0.865506
0.000642	0.912090
0.000643	0.955062
0.000644	0.994251
0.000645	1.029502
0.000646	1.060676
0.000647	1.087650
0.000648	1.110317
0.000649	1.128587
0.000650	1.142389
0.000651	1.151668
0.000652	1.156387
0.000653	1.156527
0.000654	1.152088
0.000655	1.143088
0.000656	1.129562
0.000657	1.111564
0.000658	1.089165
0.000659	1.062454
0.000660	1.031536
0.000661	0.996533
0.000662	0.957584
0.000664	0.914844
0.000665	0.868480
0.000666	0.818677
0.000667	0.765632
0.000668	0.709554
0.000669	0.650665
0.000670	0.589198
0.000671	0.525396
0.000672	0.459511
0.000673	0.391804
0.000674	0.322544
0.000675	0.252003
0.000676	0.180460
0.000677	0.108200
0.000678	0.035506
0.000679	-0.037332
0.000680	-0.110027
0.000681	-0.182292
0.000682	-0.253841
0.000683	-0.324390
0.000685	-0.393661
0.000686	-0.461380
0.000687	-0.527278
0.000688	-0.591096
0.000689	-0.652581
0.000690	-0.711490
0.000691	-0.767589
0.000692	-0.820657
0.000693	-0.870485
0.000694	-0.916874
0.000695	-0.959641
0.000696	-0.998618
0.000697	-1.033651
0.000698	-1.064599
0.000699	-1.091342
0.000700	-1.113773
0.000701	-1.131804
0.000702	-1.145363
0.000703	-1.154397
0.000704	-1.158870
0.000705	-1.158764
0.000707	-1.154079
0.000708	-1.144835
0.000709	-1.131067
0.000710	-1.112830
0.000711	-1.090197
0.000712	-1.063256
0.000713	-1.032114
0.000714	-0.996894
0.000715	-0.957736
0.000716	-0.914794
0.000717	-0.868238
0.000718	-0.818252
0.000719	-0.765034
0.000720	-0.708795
0.000721	-0.649756
0.000722	-0.588151
0.000723	-0.524223
0.000724	-0.458226
0.000725	-0.390420
0.000726	-0.321074
0.000727	-0.250462
0.000729	-0.178862
0.000730	-0.106558
0.000731	-0.033836
0.000732	0.039016
0.000733	0.111711
0.000734	0.183961
0.000735	0.255480
0.000736	0.325986
0.000737	0.395200
0.000738	0.462848
0.000739	0.528662
0.000740	0.592383
0.000741	0.653758
0.000742	0.712545
0.000743	0.768512
0.000744	0.821436
0.000745	0.871109
0.000746	0.917334
0.000747	0.959929
0.000748	0.998725
0.000749	1.033569
0.000751	1.064323
0.000752	1.090865
0.000753	1.113091
0.000754	1.130912
0.000755	1.144258
0.000756	1.153077
0.000757	1.157333
0.000758	1.157010
0.000759	1.152109
0.000760	1.142649
0.000761	1.128668
0.000762	1.110221
0.000763	1.087381
0.000764	1.060239
0.000765	1.028902
0.000766	0.993493
0.000767	0.954153
0.000768	0.911037
0.000769	0.864317
0.000770	0.814175
0.000772	0.760812
0.000773	0.704438
0.000774	0.645276
0.000775	0.583559
0.000776	0.519533
0.000777	0.453450
0.000778	0.385571
0.000779	0.316165
0.000780	0.245507
0.000781	0.173875
0.000782	0.101554
0.000783	0.028829
0.000784	-0.044013
0.000785	-0.116682
0.000786	-0.188892
0.000787	-0.260358
0.000788	-0.330796
0.000789	-0.399929
0.000790	-0.467481
0.000791	-0.533188
0.000792	-0.596788
0.000794	-0.658030
0.000795	-0.716672
0.000796	-0.772482
0.000797	-0.825240
0.000798	-0.874736
0.000799	-0.920775
0.000800	-0.963175
0.000801	-1.001768
0.000802	-1.036402
0.000803	-1.066939
0.000804	-1.093259
0.000805	-1.115257
0.000806	-1.132848
0.000807	-1.145960
0.000808	-1.154543
0.000809	-1.158562
0.000810	-1.158002
0.000811	-1.152864
0.000812	-1.143169
0.000813	-1.128955
0.000814	-1.110278
0.000816	-1.087213
0.000817	-1.059851
0.000818	-1.028299
0.000819	-0.992682
0.000820	-0.953142
0.000821	-0.909834
0.000822	-0.862930
0.000823	-0.812615
0.000824	-0.759089
0.000825	-0.702562
0.000826	-0.643259
0.000827	-0.581414
0.000828	-0.517271
0.000829	-0.451085
0.000830	-0.383116
0.000831	-0.313634
0.000832	-0.242913
0.000833	-0.171233
0.000834	-0.098878
0.000835	-0.026133
0.000837	0.046713
0.000838	0.119374
0.000839	0.191560
0.000840	0.262988
0.000841	0.333374
0.000842	0.402441
0.000843	0.469914
0.000844	0.535528
0.000845	0.599022
0.000846	0.660147
0.000847	0.718659
0.000848	0.774328
0.000849	0.826934
0.000850	0.876268
0.000851	0.922135
0.000852	0.964355
0.000853	1.002760
0.000854	1.037198
0.000855	1.067533
0.000856	1.093645
0.000857	1.115431
0.000859	1.132805
0.000860	1.145698
0.000861	1.154059
0.000862	1.157855
0.000863	1.157072
0.000864	1.151711
0.000865	1.141795
0.000866	1.127362
0.000867	1.108470
0.000868	1.085193
0.000869	1.057623
0.000870	1.025871
0.000871	0.990060
0.000872	0.950333
0.000873	0.906846
0.000874	0.859772
0.000875	0.809298
0.000876	0.755621
0.000877	0.698956
0.000878	0.639525
0.000879	0.577564
0.000881	0.513318
0.000882	0.447041
0.000883	0.378996
0.000884	0.309450
0.000885	0.238680
0.000886	0.166964
0.000887	0.094587
0.000888	0.021835
0.000889	-0.051004
0.000890	-0.123643
0.000891	-0.195793
0.000892	-0.267171
0.000893	-0.337493
0.000894	-0.406482
0.000895	-0.473864
0.000896	-0.539373
0.000897	-0.602751
0.000898	-0.663746
0.000899	-0.722117
0.000900	-0.777633
0.000901	-0.830076
0.000903	-0.879237
0.000904	-0.924922
0.000905	-0.966950
0.000906	-1.005156
0.000907	-1.039388
0.000908	-1.069510
0.000909	-1.095404
0.000910	-1.116967
0.000911	-1.134115
0.000912	-1.146778
0.000913	-1.154907
0.000914	-1.158471
0.000915	-1.157454
0.000916	-1.151861
0.000917	-1.141714
0.000918	-1.127052
0.000919	-1.107935
0.000920	-1.084438
0.000921	-1.056653
0.000922	-1.024690
0.000924	-0.988676
0.000925	-0.948753
0.000926	-0.905079
0.000927	-0.857827
0.000928	-0.807184
0.000929	-0.753350
0.000930	-0.696537
0.000931	-0.636970
0.000932	-0.574886
0.000933	-0.510529
0.000934	-0.444154
0.000935	-0.376023
0.000936	-0.306406
0.000937	-0.235578
0.000938	-0.163820
0.000939	-0.091414
0.000940	-0.018647
0.000941	0.054192
0.000942	0.126816
0.000943	0.198939
0.000944	0.270273
0.000946	0.340539
0.000947	0.409457
0.000948	0.476755
0.000949	0.542167
0.000950	0.605434
0.000951	0.666306
0.000952	0.724543
0.000953	0.779914
0.000954	0.832201
0.000955	0.881195
0.000956	0.926705
0.000957	0.968549
0.000958	1.006562
0.000959	1.040594
0.000960	1.070511
0.000961	1.096194
0.000962	1.117541
0.000963	1.134468
0.000964	1.146909
0.000965	1.154813
0.000966	1.158151
0.000968	1.156907
0.000969	1.151089
0.000970	1.140717
0.000971	1.125835
0.000972	1.106499
0.000973	1.082788
0.000974	1.054794
0.000975	1.022628
0.000976	0.986417
0.000977	0.946306
0.000978	0.902452
0.000979	0.855028
0.000980	0.804223
0.000981	0.750237
0.000982	0.693283
0.000983	0.633588
0.000984	0.571386
0.000985	0.506924
0.000986	0.440458
0.000987	0.372249
0.000988	0.302567
0.000990	0.231688
0.000991	0.159893
0.000992	0.087465
0.000993	0.014690
0.000994	-0.058143
0.000995	-0.130747
0.000996	-0.202834
0.000997	-0.274120
0.000998	-0.344322
0.000999	-0.413163
0.001000	-0.480371
0.001001	-0.545680
0.001002	-0.608831
0.001003	-0.669575
0.001004	-0.727672
0.001005	-0.782892
0.001006	-0.835016
0.001007	-0.883839
0.001008	-0.929167
0.001009	-0.970821
0.001011	-1.008637
0.001012	-1.042465
0.001013	-1.072170
0.001014	-1.097637
0.001015	-1.118763
0.001016	-1.135465
0.001017	-1.147678
0.001018	-1.155353
0.001019	-1.158459
0.001020	-1.156985
0.001021	-1.150936
0.001022	-1.140336
0.001023	-1.125227
0.001024	-1.105669
0.001025	-1.081739
0.001026	-1.053532
0.001027	-1.021159
0.001028	-0.984749
0.001029	-0.944444
0.001030	-0.900405
0.001031	-0.852806
0.001033	-0.801835
0.001034	-0.747694
0.001035	-0.690596
0.001036	-0.630768
0.001037	-0.568446
0.001038	-0.503876
0.001039	-0.437314
0.001040	-0.369023
0.001041	-0.299274
0.001042	-0.228341
0.001043	-0.156505
0.001044	-0.084051
0.001045	-0.011265
0.001046	0.061565
0.001047	0.134151
