0.000000	0.000000
0.010482	9.980497
0.020965	9.921797
0.031447	9.823861
0.041930	9.687077
0.052412	9.511986
0.062895	9.299281
0.073377	9.049802
0.083860	8.764536
0.094342	8.444611
0.104825	8.091293
0.115307	7.705978
0.125789	7.290190
0.136272	6.845573
0.146754	6.373886
0.157237	5.876994
0.167719	5.356861
0.178202	4.815546
0.188684	4.255187
0.199167	3.678001
0.209649	3.086271
0.220132	2.482337
0.230614	1.868586
0.241097	1.247446
0.251579	0.621373
0.262061	-0.007157
0.272544	-0.635659
0.283026	-1.261648
0.293509	-1.882647
0.303991	-2.496201
0.314474	-3.099884
0.324956	-3.691309
0.335439	-4.268137
0.345921	-4.828086
0.356404	-5.368944
0.366886	-5.888570
0.377368	-6.384910
0.387851	-6.856001
0.398333	-7.299981
0.408816	-7.715093
0.419298	-8.099696
0.429781	-8.452269
0.440263	-8.771419
0.450746	-9.055882
0.461228	-9.304535
0.471711	-9.516393
0.482193	-9.690619
0.492676	-9.826524
0.503158	-9.923570
0.513640	-9.981375
0.524123	-9.999708
0.534605	-9.978498
0.545088	-9.917829
0.555570	-9.817940
0.566053	-9.679227
0.576535	-9.502238
0.587018	-9.287673
0.597500	-9.036380
0.607983	-8.749353
0.618465	-8.427727
0.628947	-8.072775
0.639430	-7.685899
0.649912	-7.268629
0.660395	-6.822617
0.670877	-6.349624
0.681360	-5.851522
0.691842	-5.330281
0.702325	-4.787962
0.712807	-4.226708
0.723290	-3.648741
0.733772	-3.056345
0.744255	-2.451862
0.754737	-1.837684
0.765219	-1.216239
0.775702	-0.589984
0.786184	0.038604
0.796667	0.667039
0.807149	1.292837
0.817632	1.913521
0.828114	2.526640
0.838597	3.129766
0.849079	3.720516
0.859562	4.296554
0.870044	4.855601
0.880526	5.395447
0.891009	5.913956
0.901491	6.409080
0.911974	6.878859
0.922456	7.321436
0.932939	7.735061
0.943421	8.118097
0.953904	8.469032
0.964386	8.786476
0.974869	9.069174
0.985351	9.316009
0.995834	9.526004
1.006316	9.698329
1.016798	9.832303
1.027281	9.927395
1.037763	9.983230
1.048246	9.999587
1.058728	9.976401
1.069211	9.913763
1.079693	9.811923
1.090176	9.671281
1.100658	9.492396
1.111141	9.275973
1.121623	9.022868
1.132105	8.734083
1.142588	8.410760
1.153070	8.054177
1.163553	7.665744
1.174035	7.246997
1.184518	6.799593
1.195000	6.325299
1.205483	5.825993
1.215965	5.303648
1.226448	4.760331
1.236930	4.198188
1.247412	3.619445
1.257895	3.026388
1.268377	2.421363
1.278860	1.806764
1.289342	1.185020
1.299825	0.558589
1.310307	-0.070050
1.320790	-0.698412
1.331272	-1.324013
1.341755	-1.944377
1.352237	-2.557053
1.362720	-3.159617
1.373202	-3.749687
1.383684	-4.324928
1.394167	-4.883067
1.404649	-5.421896
1.415132	-5.939285
1.425614	-6.433187
1.436097	-6.901649
1.446579	-7.342819
1.457062	-7.754952
1.467544	-8.136419
1.478027	-8.485710
1.488509	-8.801446
1.498991	-9.082376
1.509474	-9.327391
1.519956	-9.535521
1.530439	-9.705944
1.540921	-9.837984
1.551404	-9.931122
1.561886	-9.984986
1.572369	-9.999366
1.582851	-9.974204
1.593334	-9.909600
1.603816	-9.805808
1.614299	-9.663240
1.624781	-9.482459
1.635263	-9.264181
1.645746	-9.009267
1.656228	-8.718727
1.666711	-8.393710
1.677193	-8.035499
1.687676	-7.645513
1.698158	-7.225293
1.708641	-6.776501
1.719123	-6.300912
1.729606	-5.800406
1.740088	-5.276963
1.750570	-4.732652
1.761053	-4.169627
1.771535	-3.590112
1.782018	-2.996401
1.792500	-2.390841
1.802983	-1.775826
1.813465	-1.153789
1.823948	-0.527189
1.834430	0.101495
1.844913	0.729779
1.855395	1.355176
1.865878	1.975214
1.876360	2.587442
1.886842	3.189437
1.897325	3.778820
1.907807	4.353260
1.918290	4.910485
1.928772	5.448292
1.939255	5.964554
1.949737	6.457230
1.960220	6.924370
1.970702	7.364129
1.981185	7.774767
1.991667	8.154659
2.002149	8.502305
2.012632	8.816329
2.023114	9.095489
2.033597	9.338681
2.044079	9.544944
2.054562	9.713462
2.065044	9.843569
2.075527	9.934750
2.086009	9.986644
2.096492	9.999047
2.106974	9.971909
2.117457	9.905338
2.127939	9.799597
2.138421	9.655103
2.148904	9.472429
2.159386	9.252297
2.169869	8.995578
2.180351	8.703285
2.190834	8.376576
2.201316	8.016743
2.211799	7.625207
2.222281	7.203518
2.232764	6.753343
2.243246	6.276463
2.253728	5.774762
2.264211	5.250226
2.274693	4.704927
2.285176	4.141024
2.295658	3.560745
2.306141	2.966385
2.316623	2.360295
2.327106	1.744871
2.337588	1.122547
2.348071	0.495784
2.358553	-0.132940
2.369036	-0.761138
2.379518	-1.386325
2.390000	-2.006031
2.400483	-2.617804
2.410965	-3.219225
2.421448	-3.807916
2.431930	-4.381549
2.442413	-4.937855
2.452895	-5.474634
2.463378	-5.989765
2.473860	-6.481209
2.484343	-6.947024
2.494825	-7.385367
2.505307	-7.794505
2.515790	-8.172820
2.526272	-8.518816
2.536755	-8.831124
2.547237	-9.108511
2.557720	-9.349879
2.568202	-9.554273
2.578685	-9.720885
2.589167	-9.849056
2.599650	-9.938280
2.610132	-9.988203
2.620614	-9.998629
2.631097	-9.969516
2.641579	-9.900978
2.652062	-9.793288
2.662544	-9.646871
2.673027	-9.462306
2.683509	-9.240322
2.693992	-8.981799
2.704474	-8.687757
2.714957	-8.359360
2.725439	-7.997906
2.735922	-7.604825
2.746404	-7.181672
2.756886	-6.730118
2.767369	-6.251951
2.777851	-5.749061
2.788334	-5.223436
2.798816	-4.677156
2.809299	-4.112380
2.819781	-3.531342
2.830264	-2.936339
2.840746	-2.329725
2.851229	-1.713898
2.861711	-1.091293
2.872193	-0.464374
2.882676	0.164383
2.893158	0.792489
2.903641	1.417461
2.914123	2.036829
2.924606	2.648141
2.935088	3.248982
2.945571	3.836975
2.956053	4.409794
2.966536	4.965175
2.977018	5.500922
2.987501	6.014916
2.997983	6.505124
3.008465	6.969608
3.018948	7.406531
3.029430	7.814165
3.039913	8.190899
3.050395	8.535242
3.060878	8.845833
3.071360	9.121443
3.081843	9.360984
3.092325	9.563507
3.102808	9.728211
3.113290	9.854446
3.123772	9.941712
3.134255	9.989664
3.144737	9.998112
3.155220	9.967024
3.165702	9.896521
3.176185	9.786883
3.186667	9.638543
3.197150	9.452089
3.207632	9.228256
3.218115	8.967931
3.228597	8.672143
3.239080	8.342061
3.249562	7.978991
3.260044	7.584368
3.270527	7.159754
3.281009	6.706827
3.291492	6.227377
3.301974	5.723303
3.312457	5.196595
3.322939	4.649338
3.333422	4.083695
3.343904	3.501904
3.354387	2.906264
3.364869	2.299132
3.375351	1.682908
3.385834	1.060029
3.396316	0.432959
3.406799	-0.195824
3.417281	-0.823833
3.427764	-1.448583
3.438246	-2.067606
3.448729	-2.678452
3.459211	-3.278706
3.469694	-3.865995
3.480176	-4.437996
3.490659	-4.992447
3.501141	-5.527156
3.511623	-6.040008
3.522106	-6.528975
3.532588	-6.992124
3.543071	-7.427622
3.553553	-7.833749
3.564036	-8.208897
3.574518	-8.551584
3.585001	-8.860454
3.595483	-9.134286
3.605966	-9.371996
3.616448	-9.572646
3.626930	-9.735441
3.637413	-9.859738
3.647895	-9.945045
3.658378	-9.991025
3.668860	-9.997496
3.679343	-9.964433
3.689825	-9.891965
3.700308	-9.780381
3.710790	-9.630120
3.721273	-9.441778
3.731755	-9.216099
3.742237	-8.953975
3.752720	-8.656443
3.763202	-8.324680
3.773685	-7.959997
3.784167	-7.563837
3.794650	-7.137766
3.805132	-6.683469
3.815615	-6.202742
3.826097	-5.697488
3.836580	-5.169703
3.847062	-4.621474
3.857545	-4.054970
3.868027	-3.472431
3.878509	-2.876161
3.888992	-2.268517
3.899474	-1.651902
3.909957	-1.028755
3.920439	-0.401540
3.930922	0.227264
3.941404	0.855168
3.951887	1.479691
3.962369	2.098362
3.972852	2.708736
3.983334	3.308398
3.993816	3.894977
4.004299	4.466154
4.014781	5.019669
4.025264	5.553335
4.035746	6.065040
4.046229	6.552761
4.056711	7.014570
4.067194	7.448640
4.077676	7.853255
4.088159	8.226814
4.098641	8.567841
4.109124	8.874987
4.119606	9.147037
4.130088	9.382916
4.140571	9.581691
4.151053	9.742575
4.161536	9.864933
4.172018	9.948280
4.182501	9.992288
4.192983	9.996782
4.203466	9.961744
4.213948	9.887312
4.224431	9.773782
4.234913	9.621602
4.245395	9.431374
4.255878	9.203850
4.266360	8.939930
4.276843	8.640657
4.287325	8.307216
4.297808	7.940924
4.308290	7.543230
4.318773	7.115707
4.329255	6.660045
4.339738	6.178046
4.350220	5.671617
4.360703	5.142759
4.371185	4.593565
4.381667	4.026205
4.392150	3.442925
4.402632	2.846029
4.413115	2.237879
4.423597	1.620879
4.434080	0.997470
4.444562	0.370116
4.455045	-0.258701
4.465527	-0.886495
4.476010	-1.510784
4.486492	-2.129098
4.496974	-2.738993
4.507457	-3.338057
4.517939	-3.923921
4.528422	-4.494268
4.538904	-5.046842
4.549387	-5.579459
4.559869	-6.090012
4.570352	-6.576483
4.580834	-7.036947
4.591317	-7.469584
4.601799	-7.872683
4.612282	-8.244650
4.622764	-8.584014
4.633246	-8.889433
4.643729	-9.159699
4.654211	-9.393743
4.664694	-9.590641
4.675176	-9.749613
4.685659	-9.870030
4.696141	-9.951417
4.706624	-9.993452
4.717106	-9.995968
4.727589	-9.958956
4.738071	-9.882561
4.748553	-9.767087
4.759036	-9.612989
4.769518	-9.420877
4.780001	-9.191510
4.790483	-8.925797
4.800966	-8.624786
4.811448	-8.289670
4.821931	-7.921772
4.832413	-7.522549
4.842896	-7.093577
4.853378	-6.636555
4.863860	-6.153288
4.874343	-5.645689
4.884825	-5.115765
4.895308	-4.565610
4.905790	-3.997401
4.916273	-3.413384
4.926755	-2.815869
4.937238	-2.207219
4.947720	-1.589841
4.958203	-0.966176
4.968685	-0.338690
4.979168	0.290136
4.989650	0.917814
5.000132	1.541862
5.010615	2.159813
5.021097	2.769224
5.031580	3.367683
5.042062	3.952826
5.052545	4.522337
5.063027	5.073965
5.073510	5.605528
5.083992	6.114924
5.094475	6.600139
5.104957	7.059254
5.115439	7.490454
5.125922	7.892033
5.136404	8.262404
5.146887	8.600102
5.157369	8.903790
5.167852	9.172270
5.178334	9.404478
5.188817	9.599496
5.199299	9.756554
5.209782	9.875030
5.220264	9.954456
5.230747	9.994517
5.241229	9.995056
5.251711	9.956069
5.262194	9.877712
5.272676	9.760295
5.283159	9.604280
5.293641	9.410286
5.304124	9.179080
5.314606	8.911575
5.325089	8.608830
5.335571	8.272042
5.346054	7.902542
5.356536	7.501793
5.367018	7.071378
5.377501	6.612999
5.387983	6.128470
5.398466	5.619706
5.408948	5.088719
5.419431	4.537610
5.429913	3.968556
5.440396	3.383809
5.450878	2.785681
5.461361	2.176537
5.471843	1.558786
5.482326	0.934871
5.492808	0.307260
5.503290	-0.321567
5.513773	-0.949123
5.524255	-1.572925
5.534738	-2.190507
5.545220	-2.799427
5.555703	-3.397276
5.566185	-3.981691
5.576668	-4.550361
5.587150	-5.101037
5.597633	-5.631541
5.608115	-6.139775
5.618597	-6.623730
5.629080	-7.081492
5.639562	-7.511250
5.650045	-7.911306
5.660527	-8.280077
5.671010	-8.616104
5.681492	-8.918060
5.691975	-9.184750
5.702457	-9.415119
5.712940	-9.608256
5.723422	-9.763398
5.733905	-9.879932
5.744387	-9.957396
5.754869	-9.995483
5.765352	-9.994044
5.775834	-9.953085
5.786317	-9.872766
5.796799	-9.753406
5.807282	-9.595477
5.817764	-9.399603
5.828247	-9.166558
5.838729	-8.897265
5.849212	-8.592789
5.859694	-8.254332
5.870176	-7.883235
5.880659	-7.480963
5.891141	-7.049108
5.901624	-6.589378
5.912106	-6.103591
5.922589	-5.593668
5.933071	-5.061624
5.943554	-4.509565
5.954036	-3.939673
5.964519	-3.354201
5.975001	-2.755466
5.985484	-2.145834
5.995966	-1.527717
6.006448	-0.903558
6.016931	-0.275826
6.027413	0.352996
6.037896	0.980423
6.048378	1.603972
6.058861	2.221179
6.069343	2.829602
6.079826	3.426835
6.090308	4.010518
6.100791	4.578341
6.111273	5.128059
6.121755	5.657499
6.132238	6.164566
6.142720	6.647256
6.153203	7.103660
6.163685	7.531972
6.174168	7.930500
6.184650	8.297667
6.195133	8.632022
6.205615	8.932241
6.216098	9.197139
6.226580	9.425667
6.237062	9.616921
6.247545	9.770147
6.258027	9.884736
6.268510	9.960237
6.278992	9.996351
6.289475	9.992934
6.299957	9.950002
6.310440	9.867722
6.320922	9.746421
6.331405	9.586578
6.341887	9.388826
6.352370	9.153946
6.362852	8.882868
6.373334	8.576662
6.383817	8.236541
6.394299	7.863849
6.404782	7.460059
6.415264	7.026769
6.425747	6.565692
6.436229	6.078652
6.446712	5.567574
6.457194	5.034479
6.467677	4.481475
6.478159	3.910750
6.488641	3.324560
6.499124	2.725223
6.509606	2.115109
6.520089	1.496632
6.530571	0.872236
6.541054	0.244390
6.551536	-0.384421
6.562019	-1.011713
6.572501	-1.635003
6.582984	-2.251829
6.593466	-2.859749
6.603949	-3.456361
6.614431	-4.039305
6.624913	-4.606275
6.635396	-5.155030
6.645878	-5.683400
6.656361	-6.189296
6.666843	-6.670716
6.677326	-7.125757
6.687808	-7.552620
6.698291	-7.949616
6.708773	-8.315176
6.719256	-8.647854
6.729738	-8.946334
6.740220	-9.209437
6.750703	-9.436122
6.761185	-9.625492
6.771668	-9.776798
6.782150	-9.889443
6.792633	-9.962980
6.803115	-9.997119
6.813598	-9.991725
6.824080	-9.946820
6.834563	-9.862580
6.845045	-9.739340
6.855528	-9.577585
6.866010	-9.377957
6.876492	-9.141244
6.886975	-8.868382
6.897457	-8.560451
6.907940	-8.218668
6.918422	-7.844385
6.928905	-7.439081
6.939387	-7.004361
6.949870	-6.541941
6.960352	-6.053652
6.970835	-5.541425
6.981317	-5.007283
6.991799	-4.453341
7.002282	-3.881789
7.012764	-3.294886
7.023247	-2.694953
7.033729	-2.084364
7.044212	-1.465532
7.054694	-0.840905
7.065177	-0.212952
7.075659	0.415843
7.086142	1.042993
7.096624	1.666019
7.107107	2.282456
7.117589	2.889868
7.128071	3.485852
7.138554	4.068051
7.149036	4.634164
7.159519	5.181951
7.170001	5.709246
7.180484	6.213964
7.190966	6.694110
7.201449	7.147784
7.211931	7.573192
7.222414	7.968653
7.232896	8.332602
7.243378	8.663600
7.253861	8.960339
7.264343	9.221644
7.274826	9.446483
7.285308	9.633966
7.295791	9.783353
7.306273	9.894051
7.316756	9.965624
7.327238	9.997789
7.337721	9.990418
7.348203	9.943540
7.358685	9.857341
7.369168	9.732162
7.379650	9.568497
7.390133	9.366995
7.400615	9.128451
7.411098	8.853809
7.421580	8.544155
7.432063	8.200714
7.442545	7.824844
7.453028	7.418030
7.463510	6.981883
7.473993	6.518126
7.484475	6.028593
7.494957	5.515221
7.505440	4.980039
7.515922	4.425163
7.526405	3.852789
7.536887	3.265179
7.547370	2.664657
7.557852	2.053598
7.568335	1.434418
7.578817	0.809566
7.589300	0.181512
7.599782	-0.447260
7.610264	-1.074263
7.620747	-1.697017
7.631229	-2.313061
7.641712	-2.919958
7.652194	-3.515309
7.662677	-4.096758
7.673159	-4.662007
7.683642	-5.208820
7.694124	-5.735035
7.704607	-6.238571
7.715089	-6.717438
7.725572	-7.169740
7.736054	-7.593690
7.746536	-7.987611
7.757019	-8.349946
7.767501	-8.679261
7.777984	-8.974255
7.788466	-9.233760
7.798949	-9.456751
7.809431	-9.642346
7.819914	-9.789811
7.830396	-9.898562
7.840879	-9.968170
7.851361	-9.998360
7.861843	-9.989011
7.872326	-9.940162
7.882808	-9.852004
7.893291	-9.724888
7.903773	-9.559315
7.914256	-9.355940
7.924738	-9.115568
7.935221	-8.839148
7.945703	-8.527775
7.956186	-8.182679
7.966668	-7.805225
7.977151	-7.396906
7.987633	-6.959336
7.998115	-6.494245
8.008598	-6.003474
8.019080	-5.488962
8.029563	-4.952745
8.040045	-4.396942
8.050528	-3.823751
8.061010	-3.235440
8.071493	-2.634335
8.081975	-2.022812
8.092458	-1.403290
8.102940	-0.778218
8.113422	-0.150070
8.123905	0.478673
8.134387	1.105522
8.144870	1.727999
8.155352	2.343644
8.165835	2.950020
8.176317	3.544731
8.186800	4.125424
8.197282	4.689804
8.207765	5.235638
8.218247	5.760767
8.228730	6.263117
8.239212	6.740699
8.249694	7.191625
8.260177	7.614113
8.270659	8.006491
8.281142	8.367207
8.291624	8.694836
8.302107	8.988082
8.312589	9.245785
8.323072	9.466926
8.333554	9.650630
8.344037	9.796172
8.354519	9.902975
8.365001	9.970618
8.375484	9.998832
8.385966	9.987506
8.396449	9.936685
8.406931	9.846570
8.417414	9.717518
8.427896	9.550038
8.438379	9.344793
8.448861	9.102594
8.459344	8.824400
8.469826	8.511310
8.480308	8.164563
8.490791	7.785529
8.501273	7.375708
8.511756	6.936720
8.522238	6.470301
8.532721	5.978296
8.543203	5.462650
8.553686	4.925402
8.564168	4.368677
8.574651	3.794676
8.585133	3.205669
8.595616	2.603986
8.606098	1.992005
8.616580	1.372147
8.627063	0.746863
8.637545	0.118626
8.648028	-0.510081
8.658510	-1.136770
8.668993	-1.758964
8.679475	-2.374203
8.689958	-2.980052
8.700440	-3.574118
8.710923	-4.154049
8.721405	-4.717554
8.731887	-5.262403
8.742370	-5.786443
8.752852	-6.287600
8.763335	-6.763894
8.773817	-7.213439
8.784300	-7.634460
8.794782	-8.025291
8.805265	-8.384386
8.815747	-8.710325
8.826230	-9.001820
8.836712	-9.257718
8.847195	-9.477007
8.857677	-9.658819
8.868159	-9.802436
8.878642	-9.907290
8.889124	-9.972966
8.899607	-9.999205
8.910089	-9.985902
8.920572	-9.933110
8.931054	-9.841039
8.941537	-9.710052
8.952019	-9.540666
8.962502	-9.333553
8.972984	-9.089531
8.983466	-8.809565
8.993949	-8.494761
9.004431	-8.146366
9.014914	-7.765756
9.025396	-7.354437
9.035879	-6.914036
9.046361	-6.446293
9.056844	-5.953058
9.067326	-5.436283
9.077809	-4.898010
9.088291	-4.340368
9.098774	-3.765563
9.109256	-3.175866
9.119738	-2.573611
9.130221	-1.961179
9.140703	-1.340991
9.151186	-0.715501
9.161668	-0.087181
9.172151	0.541484
9.182633	1.168007
9.193116	1.789912
9.203598	2.404738
9.214081	3.010055
9.224563	3.603469
9.235045	4.182633
9.245528	4.745258
9.256010	5.289117
9.266493	5.812061
9.276975	6.312021
9.287458	6.787021
9.297940	7.235182
9.308423	7.654732
9.318905	8.044012
9.329388	8.401482
9.339870	8.725728
9.350353	9.015470
9.360835	9.269560
9.371317	9.486994
9.381800	9.666913
9.392282	9.808604
9.402765	9.911507
9.413247	9.975216
9.423730	9.999479
9.434212	9.984199
9.444695	9.929437
9.455177	9.835410
9.465660	9.702489
9.476142	9.531201
9.486624	9.322221
9.497107	9.076378
9.507589	8.794642
9.518072	8.478128
9.528554	8.128089
9.539037	7.745907
9.549519	7.333094
9.560002	6.891283
9.570484	6.422221
9.580967	5.927762
9.591449	5.409863
9.601932	4.870570
9.612414	4.312017
9.622896	3.736412
9.633379	3.146032
9.643861	2.543211
9.654344	1.930334
9.664826	1.309822
9.675309	0.684132
9.685791	0.055735
9.696274	-0.572881
9.706756	-1.199233
9.717239	-1.820841
9.727721	-2.435250
9.738203	-3.040028
9.748686	-3.632785
9.759168	-4.211176
9.769651	-4.772915
9.780133	-5.315779
9.790616	-5.837622
9.801098	-6.336380
9.811581	-6.810082
9.822063	-7.256853
9.832546	-7.674928
9.843028	-8.062653
9.853510	-8.418494
9.863993	-8.741045
9.874475	-9.029030
9.884958	-9.281310
9.895440	-9.496888
9.905923	-9.674910
9.916405	-9.814674
9.926888	-9.915626
9.937370	-9.977368
9.947853	-9.999654
9.958335	-9.982398
9.968818	-9.925666
9.979300	-9.829684
9.989782	-9.694831
10.000265	-9.521640
10.010747	-9.310797
10.021230	-9.063135
10.031712	-8.779632
10.042195	-8.461412
10.052677	-8.109731
10.063160	-7.725980
10.073642	-7.311678
10.084125	-6.868462
10.094607	-6.398085
10.105089	-5.902407
10.115572	-5.383389
10.126054	-4.843082
10.136537	-4.283623
10.147019	-3.707225
10.157502	-3.116167
10.167984	-2.512786
10.178467	-1.899469
10.188949	-1.278640
10.199432	-0.652755
10.209914	-0.024289
10.220397	0.604273
10.230879	1.230446
10.241361	1.851753
10.251844	2.465738
10.262326	3.069971
10.272809	3.662065
10.283291	4.239677
10.293774	4.800524
10.304256	5.342388
10.314739	5.863125
10.325221	6.360676
10.335704	6.833075
10.346186	7.278453
10.356668	7.695049
10.367151	8.081214
10.377633	8.435424
10.388116	8.756275
10.398598	9.042501
10.409081	9.292968
10.419563	9.506687
10.430046	9.682812
10.440528	9.820647
10.451011	9.919647
10.461493	9.979420
10.471976	9.999731
